          pH	          Na	           K	          Ca	          Mg	         NO3	          Cl	         SO4	        HCO3	
  7.0000e+00	  1.0135e-02	  1.3009e-03	  4.9035e-04	  5.5040e-04	  4.9236e-03	  1.7313e-03	  1.7012e-03	  4.4732e-03	
  6.8581e+00	  1.0135e-02	  1.5009e-03	  4.9409e-04	  5.4995e-04	  4.9236e-03	  1.7313e-03	  1.7828e-03	  4.4733e-03	
  6.8579e+00	  1.0135e-02	  1.7009e-03	  4.9603e-04	  5.4995e-04	  4.9236e-03	  1.7313e-03	  1.8824e-03	  4.4733e-03	
  6.8576e+00	  1.0135e-02	  1.9009e-03	  4.9792e-04	  5.4995e-04	  4.9236e-03	  1.7313e-03	  1.9820e-03	  4.4733e-03	
  6.8574e+00	  1.0135e-02	  2.1009e-03	  4.9976e-04	  5.4995e-04	  4.9236e-03	  1.7313e-03	  2.0817e-03	  4.4733e-03	
  6.8572e+00	  1.0135e-02	  2.3009e-03	  5.0156e-04	  5.4995e-04	  4.9236e-03	  1.7313e-03	  2.1814e-03	  4.4733e-03	
  6.8569e+00	  1.0135e-02	  2.5010e-03	  5.0332e-04	  5.4995e-04	  4.9236e-03	  1.7313e-03	  2.2811e-03	  4.4733e-03	
  6.8567e+00	  1.0135e-02	  2.7010e-03	  5.0504e-04	  5.4996e-04	  4.9236e-03	  1.7313e-03	  2.3808e-03	  4.4733e-03	
  6.8564e+00	  1.0135e-02	  2.9010e-03	  5.0671e-04	  5.4996e-04	  4.9236e-03	  1.7313e-03	  2.4805e-03	  4.4733e-03	
  6.8561e+00	  1.0135e-02	  3.1010e-03	  5.0835e-04	  5.4996e-04	  4.9236e-03	  1.7313e-03	  2.5802e-03	  4.4733e-03	
  6.8559e+00	  1.0135e-02	  3.3010e-03	  5.0995e-04	  5.4996e-04	  4.9236e-03	  1.7313e-03	  2.6800e-03	  4.4733e-03	
  6.8556e+00	  1.0135e-02	  3.5010e-03	  5.1151e-04	  5.4997e-04	  4.9236e-03	  1.7313e-03	  2.7797e-03	  4.4733e-03	
  6.8553e+00	  1.0135e-02	  3.7010e-03	  5.1304e-04	  5.4997e-04	  4.9236e-03	  1.7313e-03	  2.8795e-03	  4.4733e-03	
  6.8551e+00	  1.0135e-02	  3.9010e-03	  5.1453e-04	  5.4997e-04	  4.9236e-03	  1.7313e-03	  2.9793e-03	  4.4733e-03	
  6.8548e+00	  1.0135e-02	  4.1010e-03	  5.1599e-04	  5.4997e-04	  4.9236e-03	  1.7313e-03	  3.0790e-03	  4.4733e-03	
  6.8545e+00	  1.0135e-02	  4.3010e-03	  5.1742e-04	  5.4998e-04	  4.9236e-03	  1.7313e-03	  3.1788e-03	  4.4733e-03	
  6.8542e+00	  1.0135e-02	  4.5010e-03	  5.1881e-04	  5.4998e-04	  4.9236e-03	  1.7313e-03	  3.2786e-03	  4.4733e-03	
  6.8539e+00	  1.0135e-02	  4.7010e-03	  5.2017e-04	  5.4998e-04	  4.9236e-03	  1.7313e-03	  3.3784e-03	  4.4733e-03	
  6.8537e+00	  1.0135e-02	  4.9010e-03	  5.2151e-04	  5.4999e-04	  4.9236e-03	  1.7313e-03	  3.4782e-03	  4.4733e-03	
  6.8534e+00	  1.0135e-02	  5.1010e-03	  5.2281e-04	  5.4999e-04	  4.9236e-03	  1.7313e-03	  3.5780e-03	  4.4733e-03	
  6.8531e+00	  1.0135e-02	  5.3010e-03	  5.2409e-04	  5.4999e-04	  4.9236e-03	  1.7313e-03	  3.6778e-03	  4.4733e-03	
  6.8528e+00	  1.0135e-02	  5.5010e-03	  5.2534e-04	  5.5000e-04	  4.9236e-03	  1.7313e-03	  3.7776e-03	  4.4733e-03	
  6.8525e+00	  1.0135e-02	  5.7010e-03	  5.2656e-04	  5.5000e-04	  4.9236e-03	  1.7313e-03	  3.8774e-03	  4.4733e-03	
  6.8522e+00	  1.0135e-02	  5.9010e-03	  5.2776e-04	  5.5000e-04	  4.9236e-03	  1.7313e-03	  3.9773e-03	  4.4733e-03	
  6.8519e+00	  1.0135e-02	  6.1010e-03	  5.2893e-04	  5.5001e-04	  4.9236e-03	  1.7313e-03	  4.0771e-03	  4.4733e-03	
  6.8517e+00	  1.0135e-02	  6.3010e-03	  5.3008e-04	  5.5001e-04	  4.9236e-03	  1.7313e-03	  4.1769e-03	  4.4733e-03	
  6.8514e+00	  1.0135e-02	  6.5010e-03	  5.3121e-04	  5.5001e-04	  4.9236e-03	  1.7313e-03	  4.2768e-03	  4.4733e-03	
  6.8511e+00	  1.0135e-02	  6.7010e-03	  5.3231e-04	  5.5002e-04	  4.9236e-03	  1.7313e-03	  4.3766e-03	  4.4733e-03	
  6.8508e+00	  1.0135e-02	  6.9010e-03	  5.3339e-04	  5.5002e-04	  4.9236e-03	  1.7313e-03	  4.4765e-03	  4.4733e-03	
  6.8505e+00	  1.0135e-02	  7.1010e-03	  5.3445e-04	  5.5002e-04	  4.9236e-03	  1.7313e-03	  4.5763e-03	  4.4733e-03	
  6.8502e+00	  1.0135e-02	  7.3010e-03	  5.3548e-04	  5.5003e-04	  4.9236e-03	  1.7313e-03	  4.6762e-03	  4.4733e-03	
  6.8499e+00	  1.0135e-02	  7.5010e-03	  5.3650e-04	  5.5003e-04	  4.9236e-03	  1.7313e-03	  4.7760e-03	  4.4733e-03	
  6.8497e+00	  1.0135e-02	  7.7010e-03	  5.3750e-04	  5.5003e-04	  4.9236e-03	  1.7313e-03	  4.8759e-03	  4.4733e-03	
  6.8494e+00	  1.0135e-02	  7.9010e-03	  5.3847e-04	  5.5004e-04	  4.9236e-03	  1.7313e-03	  4.9757e-03	  4.4733e-03	
  6.8491e+00	  1.0135e-02	  8.1010e-03	  5.3943e-04	  5.5004e-04	  4.9236e-03	  1.7313e-03	  5.0756e-03	  4.4733e-03	
  6.8488e+00	  1.0135e-02	  8.3010e-03	  5.4037e-04	  5.5004e-04	  4.9236e-03	  1.7313e-03	  5.1755e-03	  4.4733e-03	
  6.8485e+00	  1.0135e-02	  8.5010e-03	  5.4129e-04	  5.5005e-04	  4.9236e-03	  1.7313e-03	  5.2753e-03	  4.4733e-03	
  6.8482e+00	  1.0135e-02	  8.7010e-03	  5.4219e-04	  5.5005e-04	  4.9236e-03	  1.7313e-03	  5.3752e-03	  4.4733e-03	
  6.8480e+00	  1.0135e-02	  8.9010e-03	  5.4308e-04	  5.5005e-04	  4.9236e-03	  1.7313e-03	  5.4751e-03	  4.4733e-03	
  6.8477e+00	  1.0135e-02	  9.1010e-03	  5.4395e-04	  5.5006e-04	  4.9236e-03	  1.7313e-03	  5.5750e-03	  4.4733e-03	
  6.8474e+00	  1.0135e-02	  9.3010e-03	  5.4481e-04	  5.5006e-04	  4.9236e-03	  1.7313e-03	  5.6748e-03	  4.4733e-03	
