          pH	          Na	           K	          Ca	          Mg	         PO4	          Cl	         SO4	         NH4	        HCO3	          sc	         FeS	      Pyrite	     Calcite	       CaPO4	      Fe3PO4	     CaMgCO3	
  6.6644e+00	  4.1755e-03	  3.3043e-04	  4.8964e-03	  1.0614e-03	  4.1174e-05	  6.0679e-03	  1.8024e-04	  4.2255e-04	  9.0118e-06	  2.5751e+03	  0.0000e+00	  0.0000e+00	  0.0000e+00	  0.0000e+00	  0.0000e+00	  0.0000e+00	
  6.6644e+00	  4.1755e-03	  3.3043e-04	  4.8964e-03	  1.0614e-03	  4.1174e-05	  6.0679e-03	  1.8024e-04	  4.2255e-04	  9.0118e-06	  2.5751e+03	  0.0000e+00	  0.0000e+00	  0.0000e+00	  0.0000e+00	  0.0000e+00	  0.0000e+00	
  6.8561e+00	  4.3501e-03	  3.4213e-04	  5.1346e-03	  1.1402e-03	  6.8228e-06	  6.9203e-03	  2.8481e-04	  4.3765e-04	  1.5545e-04	  2.8118e+03	  0.0000e+00	  1.5000e-01	  0.0000e+00	  2.4674e-01	  1.3010e-01	  0.0000e+00	
  6.8447e+00	  4.4806e-03	  3.5033e-04	  5.4091e-03	  1.2019e-03	  6.8019e-06	  7.7753e-03	  3.8372e-04	  4.4774e-04	  2.0074e-04	  3.0247e+03	  0.0000e+00	  1.5000e-01	  0.0000e+00	  2.4710e-01	  1.2956e-01	  0.0000e+00	
  6.8341e+00	  4.6049e-03	  3.5804e-04	  5.6734e-03	  1.2613e-03	  6.7877e-06	  8.5836e-03	  4.7598e-04	  4.5720e-04	  2.4363e-04	  3.2257e+03	  0.0000e+00	  1.5000e-01	  0.0000e+00	  2.4744e-01	  1.2905e-01	  0.0000e+00	
  6.8243e+00	  4.7237e-03	  3.6530e-04	  5.9279e-03	  1.3185e-03	  6.7789e-06	  9.3498e-03	  5.6240e-04	  4.6607e-04	  2.8435e-04	  3.4158e+03	  0.0000e+00	  1.5000e-01	  0.0000e+00	  2.4776e-01	  1.2856e-01	  0.0000e+00	
  6.8152e+00	  4.8372e-03	  3.7216e-04	  6.1730e-03	  1.3736e-03	  6.7746e-06	  1.0078e-02	  6.4365e-04	  4.7443e-04	  3.2309e-04	  3.5961e+03	  0.0000e+00	  1.5000e-01	  0.0000e+00	  2.4807e-01	  1.2811e-01	  0.0000e+00	
  6.8067e+00	  4.9458e-03	  3.7864e-04	  6.4090e-03	  1.4266e-03	  6.7740e-06	  1.0770e-02	  7.2026e-04	  4.8231e-04	  3.6001e-04	  3.7674e+03	  0.0000e+00	  1.5000e-01	  0.0000e+00	  2.4835e-01	  1.2767e-01	  0.0000e+00	
  6.7987e+00	  5.0499e-03	  3.8478e-04	  6.6363e-03	  1.4777e-03	  6.7765e-06	  1.1430e-02	  7.9269e-04	  4.8975e-04	  3.9523e-04	  3.9303e+03	  0.0000e+00	  1.5000e-01	  0.0000e+00	  2.4863e-01	  1.2726e-01	  0.0000e+00	
  6.7912e+00	  5.1497e-03	  3.9061e-04	  6.8553e-03	  1.5270e-03	  6.7814e-06	  1.2060e-02	  8.6132e-04	  4.9678e-04	  4.2888e-04	  4.0855e+03	  0.0000e+00	  1.5000e-01	  0.0000e+00	  2.4889e-01	  1.2688e-01	  0.0000e+00	
  6.7842e+00	  5.2454e-03	  3.9614e-04	  7.0663e-03	  1.5744e-03	  6.7885e-06	  1.2661e-02	  9.2647e-04	  5.0345e-04	  4.6107e-04	  4.2336e+03	  0.0000e+00	  1.5000e-01	  0.0000e+00	  2.4913e-01	  1.2651e-01	  0.0000e+00	
  6.7776e+00	  5.3372e-03	  4.0140e-04	  7.2696e-03	  1.6201e-03	  6.7973e-06	  1.3236e-02	  9.8842e-04	  5.0977e-04	  4.9188e-04	  4.3749e+03	  0.0000e+00	  1.5000e-01	  0.0000e+00	  2.4936e-01	  1.2616e-01	  0.0000e+00	
  6.7713e+00	  5.4255e-03	  4.0641e-04	  7.4655e-03	  1.6641e-03	  6.8075e-06	  1.3787e-02	  1.0474e-03	  5.1577e-04	  5.2140e-04	  4.5099e+03	  0.0000e+00	  1.5000e-01	  0.0000e+00	  2.4959e-01	  1.2583e-01	  0.0000e+00	
  6.7654e+00	  5.5103e-03	  4.1117e-04	  7.6544e-03	  1.7066e-03	  6.8188e-06	  1.4314e-02	  1.1037e-03	  5.2147e-04	  5.4970e-04	  4.6390e+03	  0.0000e+00	  1.5000e-01	  0.0000e+00	  2.4980e-01	  1.2551e-01	  0.0000e+00	
  6.7598e+00	  5.5918e-03	  4.1572e-04	  7.8364e-03	  1.7475e-03	  6.8311e-06	  1.4819e-02	  1.1573e-03	  5.2690e-04	  5.7684e-04	  4.7626e+03	  0.0000e+00	  1.5000e-01	  0.0000e+00	  2.5000e-01	  1.2521e-01	  0.0000e+00	
  6.7546e+00	  5.6702e-03	  4.2006e-04	  8.0118e-03	  1.7869e-03	  6.8442e-06	  1.5304e-02	  1.2086e-03	  5.3206e-04	  6.0290e-04	  4.8809e+03	  0.0000e+00	  1.5000e-01	  0.0000e+00	  2.5019e-01	  1.2493e-01	  0.0000e+00	
  6.7495e+00	  5.7457e-03	  4.2420e-04	  8.1809e-03	  1.8250e-03	  6.8578e-06	  1.5768e-02	  1.2577e-03	  5.3698e-04	  6.2792e-04	  4.9943e+03	  0.0000e+00	  1.5000e-01	  0.0000e+00	  2.5037e-01	  1.2465e-01	  0.0000e+00	
  6.7447e+00	  5.8183e-03	  4.2816e-04	  8.3439e-03	  1.8616e-03	  6.8719e-06	  1.6215e-02	  1.3046e-03	  5.4167e-04	  6.5195e-04	  5.1030e+03	  0.0000e+00	  1.5000e-01	  0.0000e+00	  2.5054e-01	  1.2440e-01	  0.0000e+00	
  6.7402e+00	  5.8882e-03	  4.3194e-04	  8.5011e-03	  1.8970e-03	  6.8864e-06	  1.6643e-02	  1.3496e-03	  5.4615e-04	  6.7505e-04	  5.2072e+03	  0.0000e+00	  1.5000e-01	  0.0000e+00	  2.5070e-01	  1.2415e-01	  0.0000e+00	
  6.7359e+00	  5.9555e-03	  4.3556e-04	  8.6527e-03	  1.9311e-03	  6.9011e-06	  1.7055e-02	  1.3926e-03	  5.5042e-04	  6.9726e-04	  5.3073e+03	  0.0000e+00	  1.5000e-01	  0.0000e+00	  2.5086e-01	  1.2392e-01	  0.0000e+00	
  6.7318e+00	  6.0203e-03	  4.3903e-04	  8.7989e-03	  1.9639e-03	  6.9160e-06	  1.7451e-02	  1.4340e-03	  5.5451e-04	  7.1862e-04	  5.4033e+03	  0.0000e+00	  1.5000e-01	  0.0000e+00	  2.5101e-01	  1.2369e-01	  0.0000e+00	
  6.7278e+00	  6.0827e-03	  4.4235e-04	  8.9398e-03	  1.9956e-03	  6.9310e-06	  1.7831e-02	  1.4736e-03	  5.5841e-04	  7.3916e-04	  5.4955e+03	  0.0000e+00	  1.5000e-01	  0.0000e+00	  2.5115e-01	  1.2348e-01	  0.0000e+00	
  6.7241e+00	  6.1429e-03	  4.4552e-04	  9.0758e-03	  2.0262e-03	  6.9460e-06	  1.8197e-02	  1.5116e-03	  5.6214e-04	  7.5893e-04	  5.5840e+03	  0.0000e+00	  1.5000e-01	  0.0000e+00	  2.5129e-01	  1.2327e-01	  0.0000e+00	
  6.7205e+00	  6.2008e-03	  4.4857e-04	  9.2069e-03	  2.0557e-03	  6.9610e-06	  1.8548e-02	  1.5481e-03	  5.6571e-04	  7.7796e-04	  5.6691e+03	  0.0000e+00	  1.5000e-01	  0.0000e+00	  2.5142e-01	  1.2308e-01	  0.0000e+00	
  6.7171e+00	  6.2567e-03	  4.5149e-04	  9.3333e-03	  2.0841e-03	  6.9759e-06	  1.8887e-02	  1.5832e-03	  5.6913e-04	  7.9627e-04	  5.7509e+03	  0.0000e+00	  1.5000e-01	  0.0000e+00	  2.5154e-01	  1.2289e-01	  0.0000e+00	
  6.7138e+00	  6.3106e-03	  4.5429e-04	  9.4553e-03	  2.1116e-03	  6.9907e-06	  1.9213e-02	  1.6169e-03	  5.7240e-04	  8.1391e-04	  5.8295e+03	  0.0000e+00	  1.5000e-01	  0.0000e+00	  2.5166e-01	  1.2272e-01	  0.0000e+00	
  6.7107e+00	  6.3625e-03	  4.5698e-04	  9.5730e-03	  2.1380e-03	  7.0054e-06	  1.9526e-02	  1.6492e-03	  5.7554e-04	  8.3089e-04	  5.9051e+03	  0.0000e+00	  1.5000e-01	  0.0000e+00	  2.5177e-01	  1.2255e-01	  0.0000e+00	
  6.7077e+00	  6.4126e-03	  4.5956e-04	  9.6865e-03	  2.1636e-03	  7.0199e-06	  1.9828e-02	  1.6804e-03	  5.7855e-04	  8.4725e-04	  5.9779e+03	  0.0000e+00	  1.5000e-01	  0.0000e+00	  2.5188e-01	  1.2238e-01	  0.0000e+00	
  6.7049e+00	  6.4608e-03	  4.6204e-04	  9.7960e-03	  2.1882e-03	  7.0342e-06	  2.0119e-02	  1.7103e-03	  5.8143e-04	  8.6300e-04	  6.0478e+03	  0.0000e+00	  1.5000e-01	  0.0000e+00	  2.5198e-01	  1.2223e-01	  0.0000e+00	
  6.7021e+00	  6.5074e-03	  4.6442e-04	  9.9016e-03	  2.2119e-03	  7.0483e-06	  2.0398e-02	  1.7391e-03	  5.8419e-04	  8.7819e-04	  6.1151e+03	  0.0000e+00	  1.5000e-01	  0.0000e+00	  2.5208e-01	  1.2208e-01	  0.0000e+00	
  6.6995e+00	  6.5523e-03	  4.6670e-04	  1.0004e-02	  2.2349e-03	  7.0621e-06	  2.0668e-02	  1.7668e-03	  5.8684e-04	  8.9281e-04	  6.1799e+03	  0.0000e+00	  1.5000e-01	  0.0000e+00	  2.5218e-01	  1.2193e-01	  0.0000e+00	
  6.6970e+00	  6.5956e-03	  4.6890e-04	  1.0102e-02	  2.2570e-03	  7.0758e-06	  2.0928e-02	  1.7935e-03	  5.8939e-04	  9.0691e-04	  6.2423e+03	  0.0000e+00	  1.5000e-01	  0.0000e+00	  2.5227e-01	  1.2180e-01	  0.0000e+00	
  6.6946e+00	  6.6373e-03	  4.7101e-04	  1.0197e-02	  2.2783e-03	  7.0891e-06	  2.1178e-02	  1.8191e-03	  5.9183e-04	  9.2050e-04	  6.3023e+03	  0.0000e+00	  1.5000e-01	  0.0000e+00	  2.5236e-01	  1.2167e-01	  0.0000e+00	
  6.6923e+00	  6.6776e-03	  4.7304e-04	  1.0288e-02	  2.2989e-03	  7.1022e-06	  2.1419e-02	  1.8438e-03	  5.9417e-04	  9.3359e-04	  6.3601e+03	  0.0000e+00	  1.5000e-01	  0.0000e+00	  2.5244e-01	  1.2154e-01	  0.0000e+00	
  6.6901e+00	  6.7165e-03	  4.7499e-04	  1.0377e-02	  2.3188e-03	  7.1150e-06	  2.1651e-02	  1.8676e-03	  5.9642e-04	  9.4622e-04	  6.4157e+03	  0.0000e+00	  1.5000e-01	  0.0000e+00	  2.5252e-01	  1.2142e-01	  0.0000e+00	
  6.6879e+00	  6.7540e-03	  4.7686e-04	  1.0462e-02	  2.3380e-03	  7.1276e-06	  2.1875e-02	  1.8905e-03	  5.9859e-04	  9.5839e-04	  6.4693e+03	  0.0000e+00	  1.5000e-01	  0.0000e+00	  2.5260e-01	  1.2130e-01	  0.0000e+00	
  6.6859e+00	  6.7902e-03	  4.7867e-04	  1.0544e-02	  2.3565e-03	  7.1399e-06	  2.2091e-02	  1.9126e-03	  6.0066e-04	  9.7012e-04	  6.5210e+03	  0.0000e+00	  1.5000e-01	  0.0000e+00	  2.5267e-01	  1.2119e-01	  0.0000e+00	
  6.6839e+00	  6.8251e-03	  4.8040e-04	  1.0623e-02	  2.3743e-03	  7.1519e-06	  2.2299e-02	  1.9338e-03	  6.0266e-04	  9.8144e-04	  6.5707e+03	  0.0000e+00	  1.5000e-01	  0.0000e+00	  2.5274e-01	  1.2109e-01	  0.0000e+00	
  6.6821e+00	  6.8588e-03	  4.8207e-04	  1.0700e-02	  2.3916e-03	  7.1636e-06	  2.2499e-02	  1.9543e-03	  6.0458e-04	  9.9235e-04	  6.6186e+03	  0.0000e+00	  1.5000e-01	  0.0000e+00	  2.5281e-01	  1.2099e-01	  0.0000e+00	
  6.6802e+00	  6.8913e-03	  4.8368e-04	  1.0774e-02	  2.4082e-03	  7.1750e-06	  2.2693e-02	  1.9740e-03	  6.0643e-04	  1.0029e-03	  6.6648e+03	  0.0000e+00	  1.5000e-01	  0.0000e+00	  2.5288e-01	  1.2089e-01	  0.0000e+00	
  6.6785e+00	  6.9227e-03	  4.8522e-04	  1.0845e-02	  2.4243e-03	  7.1861e-06	  2.2879e-02	  1.9930e-03	  6.0820e-04	  1.0130e-03	  6.7093e+03	  0.0000e+00	  1.5000e-01	  0.0000e+00	  2.5294e-01	  1.2079e-01	  0.0000e+00	
  6.6768e+00	  6.9530e-03	  4.8671e-04	  1.0914e-02	  2.4397e-03	  7.1970e-06	  2.3059e-02	  2.0113e-03	  6.0991e-04	  1.0228e-03	  6.7521e+03	  0.0000e+00	  1.5000e-01	  0.0000e+00	  2.5300e-01	  1.2070e-01	  0.0000e+00	
  6.6752e+00	  6.9822e-03	  4.8814e-04	  1.0981e-02	  2.4547e-03	  7.2075e-06	  2.3232e-02	  2.0290e-03	  6.1155e-04	  1.0322e-03	  6.7935e+03	  0.0000e+00	  1.5000e-01	  0.0000e+00	  2.5306e-01	  1.2062e-01	  0.0000e+00	
  6.6737e+00	  7.0104e-03	  4.8952e-04	  1.1045e-02	  2.4691e-03	  7.2178e-06	  2.3399e-02	  2.0460e-03	  6.1313e-04	  1.0413e-03	  6.8333e+03	  0.0000e+00	  1.5000e-01	  0.0000e+00	  2.5311e-01	  1.2053e-01	  0.0000e+00	
  6.6722e+00	  7.0376e-03	  4.9085e-04	  1.1107e-02	  2.4831e-03	  7.2278e-06	  2.3561e-02	  2.0624e-03	  6.1465e-04	  1.0501e-03	  6.8717e+03	  0.0000e+00	  1.5000e-01	  0.0000e+00	  2.5317e-01	  1.2045e-01	  0.0000e+00	
  6.6708e+00	  7.0638e-03	  4.9213e-04	  1.1166e-02	  2.4965e-03	  7.2376e-06	  2.3716e-02	  2.0782e-03	  6.1611e-04	  1.0586e-03	  6.9087e+03	  0.0000e+00	  1.5000e-01	  0.0000e+00	  2.5322e-01	  1.2037e-01	  0.0000e+00	
  6.6694e+00	  7.0892e-03	  4.9336e-04	  1.1224e-02	  2.5095e-03	  7.2470e-06	  2.3866e-02	  2.0935e-03	  6.1751e-04	  1.0668e-03	  6.9444e+03	  0.0000e+00	  1.5000e-01	  0.0000e+00	  2.5327e-01	  1.2030e-01	  0.0000e+00	
  6.6681e+00	  7.1137e-03	  4.9455e-04	  1.1280e-02	  2.5220e-03	  7.2563e-06	  2.4011e-02	  2.1082e-03	  6.1887e-04	  1.0747e-03	  6.9788e+03	  0.0000e+00	  1.5000e-01	  0.0000e+00	  2.5331e-01	  1.2023e-01	  0.0000e+00	
  6.6668e+00	  7.1373e-03	  4.9569e-04	  1.1333e-02	  2.5341e-03	  7.2652e-06	  2.4150e-02	  2.1223e-03	  6.2017e-04	  1.0823e-03	  7.0119e+03	  0.0000e+00	  1.5000e-01	  0.0000e+00	  2.5336e-01	  1.2016e-01	  0.0000e+00	
  6.6656e+00	  7.1601e-03	  4.9680e-04	  1.1385e-02	  2.5457e-03	  7.2739e-06	  2.4285e-02	  2.1360e-03	  6.2143e-04	  1.0896e-03	  7.0439e+03	  0.0000e+00	  1.5000e-01	  0.0000e+00	  2.5340e-01	  1.2010e-01	  0.0000e+00	
  6.6644e+00	  7.1821e-03	  4.9786e-04	  1.1435e-02	  2.5570e-03	  7.2823e-06	  2.4414e-02	  2.1492e-03	  6.2264e-04	  1.0967e-03	  7.0747e+03	  0.0000e+00	  1.5000e-01	  0.0000e+00	  2.5345e-01	  1.2003e-01	  0.0000e+00	
  6.6633e+00	  7.2033e-03	  4.9888e-04	  1.1483e-02	  2.5679e-03	  7.2905e-06	  2.4540e-02	  2.1619e-03	  6.2380e-04	  1.1035e-03	  7.1045e+03	  0.0000e+00	  1.5000e-01	  0.0000e+00	  2.5349e-01	  1.1997e-01	  0.0000e+00	
  6.6622e+00	  7.2238e-03	  4.9987e-04	  1.1530e-02	  2.5784e-03	  7.2985e-06	  2.4661e-02	  2.1741e-03	  6.2492e-04	  1.1101e-03	  7.1332e+03	  0.0000e+00	  1.5000e-01	  0.0000e+00	  2.5353e-01	  1.1991e-01	  0.0000e+00	
  6.6611e+00	  7.2436e-03	  5.0082e-04	  1.1575e-02	  2.5885e-03	  7.3062e-06	  2.4777e-02	  2.1860e-03	  6.2600e-04	  1.1165e-03	  7.1608e+03	  0.0000e+00	  1.5000e-01	  0.0000e+00	  2.5356e-01	  1.1986e-01	  0.0000e+00	
  6.6601e+00	  7.2627e-03	  5.0173e-04	  1.1619e-02	  2.5983e-03	  7.3137e-06	  2.4890e-02	  2.1974e-03	  6.2704e-04	  1.1226e-03	  7.1875e+03	  0.0000e+00	  1.5000e-01	  0.0000e+00	  2.5360e-01	  1.1980e-01	  0.0000e+00	
  6.6592e+00	  7.2812e-03	  5.0262e-04	  1.1660e-02	  2.6077e-03	  7.3210e-06	  2.4998e-02	  2.2084e-03	  6.2805e-04	  1.1286e-03	  7.2133e+03	  0.0000e+00	  1.5000e-01	  0.0000e+00	  2.5363e-01	  1.1975e-01	  0.0000e+00	
  6.6582e+00	  7.2990e-03	  5.0347e-04	  1.1701e-02	  2.6168e-03	  7.3280e-06	  2.5103e-02	  2.2190e-03	  6.2901e-04	  1.1343e-03	  7.2381e+03	  0.0000e+00	  1.5000e-01	  0.0000e+00	  2.5367e-01	  1.1970e-01	  0.0000e+00	
  6.6573e+00	  7.3162e-03	  5.0429e-04	  1.1740e-02	  2.6256e-03	  7.3349e-06	  2.5204e-02	  2.2292e-03	  6.2994e-04	  1.1398e-03	  7.2620e+03	  0.0000e+00	  1.5000e-01	  0.0000e+00	  2.5370e-01	  1.1965e-01	  0.0000e+00	
  6.6564e+00	  7.3327e-03	  5.0508e-04	  1.1778e-02	  2.6341e-03	  7.3415e-06	  2.5302e-02	  2.2391e-03	  6.3084e-04	  1.1451e-03	  7.2851e+03	  0.0000e+00	  1.5000e-01	  0.0000e+00	  2.5373e-01	  1.1960e-01	  0.0000e+00	
  6.6556e+00	  7.3488e-03	  5.0584e-04	  1.1814e-02	  2.6423e-03	  7.3479e-06	  2.5396e-02	  2.2486e-03	  6.3170e-04	  1.1503e-03	  7.3074e+03	  0.0000e+00	  1.5000e-01	  0.0000e+00	  2.5376e-01	  1.1956e-01	  0.0000e+00	
  6.6548e+00	  7.3642e-03	  5.0658e-04	  1.1849e-02	  2.6502e-03	  7.3542e-06	  2.5486e-02	  2.2578e-03	  6.3253e-04	  1.1552e-03	  7.3289e+03	  0.0000e+00	  1.5000e-01	  0.0000e+00	  2.5379e-01	  1.1952e-01	  0.0000e+00	
  6.6540e+00	  7.3792e-03	  5.0728e-04	  1.1883e-02	  2.6578e-03	  7.3602e-06	  2.5574e-02	  2.2667e-03	  6.3334e-04	  1.1600e-03	  7.3497e+03	  0.0000e+00	  1.5000e-01	  0.0000e+00	  2.5382e-01	  1.1947e-01	  0.0000e+00	
  6.6533e+00	  7.3936e-03	  5.0797e-04	  1.1916e-02	  2.6652e-03	  7.3660e-06	  2.5659e-02	  2.2752e-03	  6.3411e-04	  1.1646e-03	  7.3697e+03	  0.0000e+00	  1.5000e-01	  0.0000e+00	  2.5384e-01	  1.1943e-01	  0.0000e+00	
  6.6525e+00	  7.4075e-03	  5.0863e-04	  1.1948e-02	  2.6723e-03	  7.3717e-06	  2.5740e-02	  2.2835e-03	  6.3486e-04	  1.1691e-03	  7.3890e+03	  0.0000e+00	  1.5000e-01	  0.0000e+00	  2.5387e-01	  1.1939e-01	  0.0000e+00	
  6.6518e+00	  7.4209e-03	  5.0926e-04	  1.1978e-02	  2.6792e-03	  7.3772e-06	  2.5819e-02	  2.2915e-03	  6.3558e-04	  1.1734e-03	  7.4076e+03	  0.0000e+00	  1.5000e-01	  0.0000e+00	  2.5389e-01	  1.1936e-01	  0.0000e+00	
  6.6512e+00	  7.4339e-03	  5.0988e-04	  1.2008e-02	  2.6858e-03	  7.3825e-06	  2.5895e-02	  2.2992e-03	  6.3627e-04	  1.1776e-03	  7.4256e+03	  0.0000e+00	  1.5000e-01	  0.0000e+00	  2.5392e-01	  1.1932e-01	  0.0000e+00	
  6.6505e+00	  7.4464e-03	  5.1047e-04	  1.2036e-02	  2.6923e-03	  7.3876e-06	  2.5969e-02	  2.3066e-03	  6.3694e-04	  1.1816e-03	  7.4430e+03	  0.0000e+00	  1.5000e-01	  0.0000e+00	  2.5394e-01	  1.1929e-01	  0.0000e+00	
  6.6499e+00	  7.4585e-03	  5.1104e-04	  1.2064e-02	  2.6984e-03	  7.3926e-06	  2.6039e-02	  2.3137e-03	  6.3758e-04	  1.1854e-03	  7.4597e+03	  0.0000e+00	  1.5000e-01	  0.0000e+00	  2.5396e-01	  1.1925e-01	  0.0000e+00	
  6.6493e+00	  7.4702e-03	  5.1159e-04	  1.2090e-02	  2.7044e-03	  7.3974e-06	  2.6108e-02	  2.3206e-03	  6.3820e-04	  1.1892e-03	  7.4759e+03	  0.0000e+00	  1.5000e-01	  0.0000e+00	  2.5399e-01	  1.1922e-01	  0.0000e+00	
  6.6487e+00	  7.4815e-03	  5.1212e-04	  1.2116e-02	  2.7102e-03	  7.4021e-06	  2.6174e-02	  2.3273e-03	  6.3880e-04	  1.1928e-03	  7.4914e+03	  0.0000e+00	  1.5000e-01	  0.0000e+00	  2.5401e-01	  1.1919e-01	  0.0000e+00	
  6.6482e+00	  7.4923e-03	  5.1263e-04	  1.2140e-02	  2.7157e-03	  7.4066e-06	  2.6237e-02	  2.3337e-03	  6.3938e-04	  1.1963e-03	  7.5065e+03	  0.0000e+00	  1.5000e-01	  0.0000e+00	  2.5403e-01	  1.1916e-01	  0.0000e+00	
  6.6476e+00	  7.5028e-03	  5.1313e-04	  1.2164e-02	  2.7211e-03	  7.4110e-06	  2.6299e-02	  2.3400e-03	  6.3994e-04	  1.1996e-03	  7.5210e+03	  0.0000e+00	  1.5000e-01	  0.0000e+00	  2.5405e-01	  1.1913e-01	  0.0000e+00	
  6.6471e+00	  7.5130e-03	  5.1360e-04	  1.2187e-02	  2.7263e-03	  7.4152e-06	  2.6358e-02	  2.3460e-03	  6.4048e-04	  1.2029e-03	  7.5350e+03	  0.0000e+00	  1.5000e-01	  0.0000e+00	  2.5406e-01	  1.1910e-01	  0.0000e+00	
  6.6466e+00	  7.5228e-03	  5.1406e-04	  1.2209e-02	  2.7313e-03	  7.4193e-06	  2.6416e-02	  2.3517e-03	  6.4099e-04	  1.2060e-03	  7.5485e+03	  0.0000e+00	  1.5000e-01	  0.0000e+00	  2.5408e-01	  1.1908e-01	  0.0000e+00	
  6.6461e+00	  7.5322e-03	  5.1451e-04	  1.2231e-02	  2.7361e-03	  7.4233e-06	  2.6471e-02	  2.3573e-03	  6.4149e-04	  1.2090e-03	  7.5616e+03	  0.0000e+00	  1.5000e-01	  0.0000e+00	  2.5410e-01	  1.1905e-01	  0.0000e+00	
  6.6457e+00	  7.5414e-03	  5.1494e-04	  1.2252e-02	  2.7408e-03	  7.4271e-06	  2.6524e-02	  2.3627e-03	  6.4198e-04	  1.2119e-03	  7.5742e+03	  0.0000e+00	  1.5000e-01	  0.0000e+00	  2.5412e-01	  1.1903e-01	  0.0000e+00	
  6.6452e+00	  7.5502e-03	  5.1535e-04	  1.2272e-02	  2.7453e-03	  7.4308e-06	  2.6576e-02	  2.3679e-03	  6.4244e-04	  1.2148e-03	  7.5863e+03	  0.0000e+00	  1.5000e-01	  0.0000e+00	  2.5413e-01	  1.1900e-01	  0.0000e+00	
  6.6448e+00	  7.5587e-03	  5.1575e-04	  1.2291e-02	  2.7497e-03	  7.4344e-06	  2.6625e-02	  2.3729e-03	  6.4289e-04	  1.2175e-03	  7.5981e+03	  0.0000e+00	  1.5000e-01	  0.0000e+00	  2.5415e-01	  1.1898e-01	  0.0000e+00	
  6.6443e+00	  7.5669e-03	  5.1613e-04	  1.2310e-02	  2.7539e-03	  7.4379e-06	  2.6673e-02	  2.3778e-03	  6.4332e-04	  1.2201e-03	  7.6094e+03	  0.0000e+00	  1.5000e-01	  0.0000e+00	  2.5416e-01	  1.1896e-01	  0.0000e+00	
  6.6439e+00	  7.5748e-03	  5.1650e-04	  1.2328e-02	  2.7579e-03	  7.4413e-06	  2.6720e-02	  2.3825e-03	  6.4374e-04	  1.2227e-03	  7.6203e+03	  0.0000e+00	  1.5000e-01	  0.0000e+00	  2.5418e-01	  1.1894e-01	  0.0000e+00	
  6.6436e+00	  7.5825e-03	  5.1686e-04	  1.2345e-02	  2.7618e-03	  7.4445e-06	  2.6764e-02	  2.3870e-03	  6.4415e-04	  1.2251e-03	  7.6309e+03	  0.0000e+00	  1.5000e-01	  0.0000e+00	  2.5419e-01	  1.1892e-01	  0.0000e+00	
  6.6432e+00	  7.5899e-03	  5.1721e-04	  1.2362e-02	  2.7656e-03	  7.4477e-06	  2.6808e-02	  2.3913e-03	  6.4453e-04	  1.2275e-03	  7.6411e+03	  0.0000e+00	  1.5000e-01	  0.0000e+00	  2.5420e-01	  1.1890e-01	  0.0000e+00	
  6.6428e+00	  7.5970e-03	  5.1754e-04	  1.2378e-02	  2.7693e-03	  7.4507e-06	  2.6849e-02	  2.3955e-03	  6.4491e-04	  1.2297e-03	  7.6509e+03	  0.0000e+00	  1.5000e-01	  0.0000e+00	  2.5422e-01	  1.1888e-01	  0.0000e+00	
  6.6425e+00	  7.6039e-03	  5.1786e-04	  1.2394e-02	  2.7728e-03	  7.4536e-06	  2.6890e-02	  2.3996e-03	  6.4527e-04	  1.2319e-03	  7.6604e+03	  0.0000e+00	  1.5000e-01	  0.0000e+00	  2.5423e-01	  1.1886e-01	  0.0000e+00	
  6.6421e+00	  7.6106e-03	  5.1817e-04	  1.2409e-02	  2.7762e-03	  7.4565e-06	  2.6928e-02	  2.4035e-03	  6.4562e-04	  1.2341e-03	  7.6695e+03	  0.0000e+00	  1.5000e-01	  0.0000e+00	  2.5424e-01	  1.1884e-01	  0.0000e+00	
  6.6418e+00	  7.6170e-03	  5.1847e-04	  1.2423e-02	  2.7795e-03	  7.4592e-06	  2.6966e-02	  2.4073e-03	  6.4596e-04	  1.2361e-03	  7.6784e+03	  0.0000e+00	  1.5000e-01	  0.0000e+00	  2.5425e-01	  1.1882e-01	  0.0000e+00	
  6.6415e+00	  7.6232e-03	  5.1876e-04	  1.2438e-02	  2.7827e-03	  7.4619e-06	  2.7002e-02	  2.4110e-03	  6.4628e-04	  1.2381e-03	  7.6869e+03	  0.0000e+00	  1.5000e-01	  0.0000e+00	  2.5426e-01	  1.1881e-01	  0.0000e+00	
  6.6412e+00	  7.6292e-03	  5.1904e-04	  1.2451e-02	  2.7857e-03	  7.4644e-06	  2.7037e-02	  2.4145e-03	  6.4660e-04	  1.2400e-03	  7.6951e+03	  0.0000e+00	  1.5000e-01	  0.0000e+00	  2.5427e-01	  1.1879e-01	  0.0000e+00	
  6.6409e+00	  7.6350e-03	  5.1931e-04	  1.2464e-02	  2.7887e-03	  7.4669e-06	  2.7071e-02	  2.4179e-03	  6.4690e-04	  1.2419e-03	  7.7031e+03	  0.0000e+00	  1.5000e-01	  0.0000e+00	  2.5428e-01	  1.1877e-01	  0.0000e+00	
  6.6406e+00	  7.6406e-03	  5.1957e-04	  1.2477e-02	  2.7915e-03	  7.4693e-06	  2.7103e-02	  2.4212e-03	  6.4719e-04	  1.2436e-03	  7.7108e+03	  0.0000e+00	  1.5000e-01	  0.0000e+00	  2.5429e-01	  1.1876e-01	  0.0000e+00	
  6.6403e+00	  7.6460e-03	  5.1982e-04	  1.2489e-02	  2.7943e-03	  7.4716e-06	  2.7135e-02	  2.4243e-03	  6.4747e-04	  1.2454e-03	  7.7182e+03	  0.0000e+00	  1.5000e-01	  0.0000e+00	  2.5430e-01	  1.1874e-01	  0.0000e+00	
  6.6401e+00	  7.6512e-03	  5.2006e-04	  1.2501e-02	  2.7969e-03	  7.4739e-06	  2.7165e-02	  2.4274e-03	  6.4774e-04	  1.2470e-03	  7.7253e+03	  0.0000e+00	  1.5000e-01	  0.0000e+00	  2.5431e-01	  1.1873e-01	  0.0000e+00	
  6.6398e+00	  7.6562e-03	  5.2030e-04	  1.2512e-02	  2.7995e-03	  7.4760e-06	  2.7195e-02	  2.4304e-03	  6.4801e-04	  1.2486e-03	  7.7322e+03	  0.0000e+00	  1.5000e-01	  0.0000e+00	  2.5432e-01	  1.1872e-01	  0.0000e+00	
  6.6396e+00	  7.6611e-03	  5.2052e-04	  1.2523e-02	  2.8020e-03	  7.4781e-06	  2.7223e-02	  2.4332e-03	  6.4826e-04	  1.2502e-03	  7.7389e+03	  0.0000e+00	  1.5000e-01	  0.0000e+00	  2.5433e-01	  1.1870e-01	  0.0000e+00	
  6.6393e+00	  7.6658e-03	  5.2074e-04	  1.2534e-02	  2.8044e-03	  7.4802e-06	  2.7250e-02	  2.4360e-03	  6.4850e-04	  1.2517e-03	  7.7453e+03	  0.0000e+00	  1.5000e-01	  0.0000e+00	  2.5434e-01	  1.1869e-01	  0.0000e+00	
  6.6391e+00	  7.6703e-03	  5.2095e-04	  1.2544e-02	  2.8067e-03	  7.4821e-06	  2.7277e-02	  2.4386e-03	  6.4874e-04	  1.2531e-03	  7.7515e+03	  0.0000e+00	  1.5000e-01	  0.0000e+00	  2.5435e-01	  1.1868e-01	  0.0000e+00	
  6.6389e+00	  7.6747e-03	  5.2115e-04	  1.2554e-02	  2.8089e-03	  7.4840e-06	  2.7302e-02	  2.4412e-03	  6.4897e-04	  1.2545e-03	  7.7575e+03	  0.0000e+00	  1.5000e-01	  0.0000e+00	  2.5435e-01	  1.1867e-01	  0.0000e+00	
  6.6387e+00	  7.6789e-03	  5.2135e-04	  1.2564e-02	  2.8111e-03	  7.4858e-06	  2.7327e-02	  2.4437e-03	  6.4919e-04	  1.2559e-03	  7.7633e+03	  0.0000e+00	  1.5000e-01	  0.0000e+00	  2.5436e-01	  1.1866e-01	  0.0000e+00	
  6.6385e+00	  7.6830e-03	  5.2154e-04	  1.2573e-02	  2.8132e-03	  7.4876e-06	  2.7350e-02	  2.4461e-03	  6.4940e-04	  1.2572e-03	  7.7689e+03	  0.0000e+00	  1.5000e-01	  0.0000e+00	  2.5437e-01	  1.1865e-01	  0.0000e+00	
  6.6383e+00	  7.6869e-03	  5.2172e-04	  1.2582e-02	  2.8152e-03	  7.4893e-06	  2.7373e-02	  2.4484e-03	  6.4961e-04	  1.2584e-03	  7.7743e+03	  0.0000e+00	  1.5000e-01	  0.0000e+00	  2.5438e-01	  1.1864e-01	  0.0000e+00	
  6.6381e+00	  7.6907e-03	  5.2190e-04	  1.2591e-02	  2.8171e-03	  7.4910e-06	  2.7395e-02	  2.4506e-03	  6.4980e-04	  1.2596e-03	  7.7795e+03	  0.0000e+00	  1.5000e-01	  0.0000e+00	  2.5438e-01	  1.1863e-01	  0.0000e+00	
  6.6379e+00	  7.6944e-03	  5.2207e-04	  1.2599e-02	  2.8190e-03	  7.4926e-06	  2.7417e-02	  2.4528e-03	  6.4999e-04	  1.2608e-03	  7.7845e+03	  0.0000e+00	  1.5000e-01	  0.0000e+00	  2.5439e-01	  1.1862e-01	  0.0000e+00	
  6.6377e+00	  7.6979e-03	  5.2223e-04	  1.2607e-02	  2.8208e-03	  7.4941e-06	  2.7437e-02	  2.4548e-03	  6.5018e-04	  1.2619e-03	  7.7894e+03	  0.0000e+00	  1.5000e-01	  0.0000e+00	  2.5439e-01	  1.1861e-01	  0.0000e+00	
  6.6376e+00	  7.7013e-03	  5.2239e-04	  1.2615e-02	  2.8226e-03	  7.4956e-06	  2.7457e-02	  2.4568e-03	  6.5036e-04	  1.2630e-03	  7.7941e+03	  0.0000e+00	  1.5000e-01	  0.0000e+00	  2.5440e-01	  1.1860e-01	  0.0000e+00	
  6.6374e+00	  7.7046e-03	  5.2254e-04	  1.2622e-02	  2.8242e-03	  7.4970e-06	  2.7477e-02	  2.4588e-03	  6.5053e-04	  1.2641e-03	  7.7986e+03	  0.0000e+00	  1.5000e-01	  0.0000e+00	  2.5441e-01	  1.1859e-01	  0.0000e+00	
  6.6372e+00	  7.7078e-03	  5.2269e-04	  1.2630e-02	  2.8259e-03	  7.4984e-06	  2.7495e-02	  2.4607e-03	  6.5069e-04	  1.2651e-03	  7.8030e+03	  0.0000e+00	  1.5000e-01	  0.0000e+00	  2.5441e-01	  1.1858e-01	  0.0000e+00	
  6.6371e+00	  7.7109e-03	  5.2283e-04	  1.2637e-02	  2.8274e-03	  7.4998e-06	  2.7513e-02	  2.4625e-03	  6.5085e-04	  1.2661e-03	  7.8072e+03	  0.0000e+00	  1.5000e-01	  0.0000e+00	  2.5442e-01	  1.1857e-01	  0.0000e+00	
  6.6369e+00	  7.7139e-03	  5.2297e-04	  1.2643e-02	  2.8290e-03	  7.5010e-06	  2.7530e-02	  2.4642e-03	  6.5101e-04	  1.2670e-03	  7.8113e+03	  0.0000e+00	  1.5000e-01	  0.0000e+00	  2.5442e-01	  1.1856e-01	  0.0000e+00	
  6.6368e+00	  7.7167e-03	  5.2310e-04	  1.2650e-02	  2.8304e-03	  7.5023e-06	  2.7547e-02	  2.4659e-03	  6.5116e-04	  1.2679e-03	  7.8152e+03	  0.0000e+00	  1.5000e-01	  0.0000e+00	  2.5443e-01	  1.1856e-01	  0.0000e+00	
  6.6366e+00	  7.7195e-03	  5.2323e-04	  1.2656e-02	  2.8318e-03	  7.5035e-06	  2.7563e-02	  2.4675e-03	  6.5130e-04	  1.2688e-03	  7.8190e+03	  0.0000e+00	  1.5000e-01	  0.0000e+00	  2.5443e-01	  1.1855e-01	  0.0000e+00	
  6.6365e+00	  7.7222e-03	  5.2336e-04	  1.2662e-02	  2.8332e-03	  7.5047e-06	  2.7579e-02	  2.4691e-03	  6.5144e-04	  1.2697e-03	  7.8227e+03	  0.0000e+00	  1.5000e-01	  0.0000e+00	  2.5444e-01	  1.1854e-01	  0.0000e+00	
  6.6364e+00	  7.7248e-03	  5.2347e-04	  1.2668e-02	  2.8345e-03	  7.5058e-06	  2.7594e-02	  2.4706e-03	  6.5157e-04	  1.2705e-03	  7.8262e+03	  0.0000e+00	  1.5000e-01	  0.0000e+00	  2.5444e-01	  1.1854e-01	  0.0000e+00	
  6.6363e+00	  7.7273e-03	  5.2359e-04	  1.2674e-02	  2.8358e-03	  7.5069e-06	  2.7608e-02	  2.4721e-03	  6.5170e-04	  1.2713e-03	  7.8296e+03	  0.0000e+00	  1.5000e-01	  0.0000e+00	  2.5445e-01	  1.1853e-01	  0.0000e+00	
  6.6361e+00	  7.7297e-03	  5.2370e-04	  1.2679e-02	  2.8370e-03	  7.5080e-06	  2.7622e-02	  2.4735e-03	  6.5183e-04	  1.2721e-03	  7.8329e+03	  0.0000e+00	  1.5000e-01	  0.0000e+00	  2.5445e-01	  1.1852e-01	  0.0000e+00	
  6.6360e+00	  7.7320e-03	  5.2381e-04	  1.2684e-02	  2.8382e-03	  7.5090e-06	  2.7636e-02	  2.4748e-03	  6.5195e-04	  1.2728e-03	  7.8361e+03	  0.0000e+00	  1.5000e-01	  0.0000e+00	  2.5446e-01	  1.1852e-01	  0.0000e+00	
  6.6359e+00	  7.7343e-03	  5.2391e-04	  1.2690e-02	  2.8394e-03	  7.5100e-06	  2.7649e-02	  2.4762e-03	  6.5206e-04	  1.2735e-03	  7.8392e+03	  0.0000e+00	  1.5000e-01	  0.0000e+00	  2.5446e-01	  1.1851e-01	  0.0000e+00	
  6.6358e+00	  7.7364e-03	  5.2401e-04	  1.2694e-02	  2.8405e-03	  7.5109e-06	  2.7662e-02	  2.4774e-03	  6.5217e-04	  1.2742e-03	  7.8421e+03	  0.0000e+00	  1.5000e-01	  0.0000e+00	  2.5446e-01	  1.1850e-01	  0.0000e+00	
  6.6357e+00	  7.7385e-03	  5.2411e-04	  1.2699e-02	  2.8416e-03	  7.5118e-06	  2.7674e-02	  2.4787e-03	  6.5228e-04	  1.2749e-03	  7.8450e+03	  0.0000e+00	  1.5000e-01	  0.0000e+00	  2.5447e-01	  1.1850e-01	  0.0000e+00	
  6.6356e+00	  7.7405e-03	  5.2420e-04	  1.2704e-02	  2.8426e-03	  7.5127e-06	  2.7686e-02	  2.4798e-03	  6.5239e-04	  1.2755e-03	  7.8478e+03	  0.0000e+00	  1.5000e-01	  0.0000e+00	  2.5447e-01	  1.1849e-01	  0.0000e+00	
  6.6355e+00	  7.7425e-03	  5.2429e-04	  1.2708e-02	  2.8436e-03	  7.5136e-06	  2.7697e-02	  2.4810e-03	  6.5249e-04	  1.2761e-03	  7.8504e+03	  0.0000e+00	  1.5000e-01	  0.0000e+00	  2.5447e-01	  1.1849e-01	  0.0000e+00	
  6.6354e+00	  7.7444e-03	  5.2438e-04	  1.2712e-02	  2.8445e-03	  7.5144e-06	  2.7708e-02	  2.4821e-03	  6.5259e-04	  1.2767e-03	  7.8530e+03	  0.0000e+00	  1.5000e-01	  0.0000e+00	  2.5448e-01	  1.1848e-01	  0.0000e+00	
  6.6353e+00	  7.7462e-03	  5.2446e-04	  1.2717e-02	  2.8455e-03	  7.5152e-06	  2.7718e-02	  2.4832e-03	  6.5268e-04	  1.2773e-03	  7.8555e+03	  0.0000e+00	  1.5000e-01	  0.0000e+00	  2.5448e-01	  1.1848e-01	  0.0000e+00	
  6.6352e+00	  7.7480e-03	  5.2455e-04	  1.2721e-02	  2.8464e-03	  7.5160e-06	  2.7729e-02	  2.4842e-03	  6.5277e-04	  1.2779e-03	  7.8579e+03	  0.0000e+00	  1.5000e-01	  0.0000e+00	  2.5448e-01	  1.1847e-01	  0.0000e+00	
  6.6351e+00	  7.7497e-03	  5.2462e-04	  1.2724e-02	  2.8472e-03	  7.5167e-06	  2.7739e-02	  2.4852e-03	  6.5286e-04	  1.2784e-03	  7.8602e+03	  0.0000e+00	  1.5000e-01	  0.0000e+00	  2.5449e-01	  1.1847e-01	  0.0000e+00	
  6.6351e+00	  7.7513e-03	  5.2470e-04	  1.2728e-02	  2.8481e-03	  7.5174e-06	  2.7748e-02	  2.4861e-03	  6.5294e-04	  1.2790e-03	  7.8625e+03	  0.0000e+00	  1.5000e-01	  0.0000e+00	  2.5449e-01	  1.1847e-01	  0.0000e+00	
  6.6350e+00	  7.7529e-03	  5.2477e-04	  1.2732e-02	  2.8489e-03	  7.5181e-06	  2.7757e-02	  2.4871e-03	  6.5303e-04	  1.2795e-03	  7.8646e+03	  0.0000e+00	  1.5000e-01	  0.0000e+00	  2.5449e-01	  1.1846e-01	  0.0000e+00	
  6.6349e+00	  7.7544e-03	  5.2484e-04	  1.2735e-02	  2.8497e-03	  7.5188e-06	  2.7766e-02	  2.4880e-03	  6.5310e-04	  1.2799e-03	  7.8667e+03	  0.0000e+00	  1.5000e-01	  0.0000e+00	  2.5449e-01	  1.1846e-01	  0.0000e+00	
  6.6348e+00	  7.7559e-03	  5.2491e-04	  1.2739e-02	  2.8504e-03	  7.5195e-06	  2.7775e-02	  2.4888e-03	  6.5318e-04	  1.2804e-03	  7.8687e+03	  0.0000e+00	  1.5000e-01	  0.0000e+00	  2.5450e-01	  1.1845e-01	  0.0000e+00	
  6.6348e+00	  7.7573e-03	  5.2498e-04	  1.2742e-02	  2.8512e-03	  7.5201e-06	  2.7783e-02	  2.4897e-03	  6.5325e-04	  1.2809e-03	  7.8707e+03	  0.0000e+00	  1.5000e-01	  0.0000e+00	  2.5450e-01	  1.1845e-01	  0.0000e+00	
  6.6347e+00	  7.7587e-03	  5.2504e-04	  1.2745e-02	  2.8519e-03	  7.5207e-06	  2.7791e-02	  2.4905e-03	  6.5333e-04	  1.2813e-03	  7.8726e+03	  0.0000e+00	  1.5000e-01	  0.0000e+00	  2.5450e-01	  1.1845e-01	  0.0000e+00	
  6.6346e+00	  7.7600e-03	  5.2510e-04	  1.2748e-02	  2.8525e-03	  7.5213e-06	  2.7799e-02	  2.4912e-03	  6.5339e-04	  1.2817e-03	  7.8744e+03	  0.0000e+00	  1.5000e-01	  0.0000e+00	  2.5450e-01	  1.1844e-01	  0.0000e+00	
  6.6346e+00	  7.7613e-03	  5.2516e-04	  1.2751e-02	  2.8532e-03	  7.5218e-06	  2.7806e-02	  2.4920e-03	  6.5346e-04	  1.2821e-03	  7.8761e+03	  0.0000e+00	  1.5000e-01	  0.0000e+00	  2.5451e-01	  1.1844e-01	  0.0000e+00	
  6.6345e+00	  7.7625e-03	  5.2522e-04	  1.2754e-02	  2.8538e-03	  7.5224e-06	  2.7813e-02	  2.4927e-03	  6.5352e-04	  1.2825e-03	  7.8778e+03	  0.0000e+00	  1.5000e-01	  0.0000e+00	  2.5451e-01	  1.1844e-01	  0.0000e+00	
  6.6344e+00	  7.7637e-03	  5.2527e-04	  1.2756e-02	  2.8544e-03	  7.5229e-06	  2.7820e-02	  2.4934e-03	  6.5359e-04	  1.2829e-03	  7.8795e+03	  0.0000e+00	  1.5000e-01	  0.0000e+00	  2.5451e-01	  1.1843e-01	  0.0000e+00	
  6.6344e+00	  7.7649e-03	  5.2533e-04	  1.2759e-02	  2.8550e-03	  7.5234e-06	  2.7827e-02	  2.4941e-03	  6.5365e-04	  1.2833e-03	  7.8811e+03	  0.0000e+00	  1.5000e-01	  0.0000e+00	  2.5451e-01	  1.1843e-01	  0.0000e+00	
  6.6343e+00	  7.7660e-03	  5.2538e-04	  1.2761e-02	  2.8556e-03	  7.5239e-06	  2.7834e-02	  2.4948e-03	  6.5370e-04	  1.2836e-03	  7.8826e+03	  0.0000e+00	  1.5000e-01	  0.0000e+00	  2.5451e-01	  1.1843e-01	  0.0000e+00	
  6.6343e+00	  7.7671e-03	  5.2543e-04	  1.2764e-02	  2.8561e-03	  7.5244e-06	  2.7840e-02	  2.4954e-03	  6.5376e-04	  1.2840e-03	  7.8840e+03	  0.0000e+00	  1.5000e-01	  0.0000e+00	  2.5452e-01	  1.1842e-01	  0.0000e+00	
  6.6342e+00	  7.7681e-03	  5.2548e-04	  1.2766e-02	  2.8567e-03	  7.5248e-06	  2.7846e-02	  2.4960e-03	  6.5381e-04	  1.2843e-03	  7.8855e+03	  0.0000e+00	  1.5000e-01	  0.0000e+00	  2.5452e-01	  1.1842e-01	  0.0000e+00	
  6.6342e+00	  7.7691e-03	  5.2552e-04	  1.2769e-02	  2.8572e-03	  7.5253e-06	  2.7852e-02	  2.4966e-03	  6.5386e-04	  1.2846e-03	  7.8868e+03	  0.0000e+00	  1.5000e-01	  0.0000e+00	  2.5452e-01	  1.1842e-01	  0.0000e+00	
  6.6341e+00	  7.7701e-03	  5.2557e-04	  1.2771e-02	  2.8577e-03	  7.5257e-06	  2.7857e-02	  2.4971e-03	  6.5391e-04	  1.2849e-03	  7.8882e+03	  0.0000e+00	  1.5000e-01	  0.0000e+00	  2.5452e-01	  1.1842e-01	  0.0000e+00	
  6.6341e+00	  7.7710e-03	  5.2561e-04	  1.2773e-02	  2.8582e-03	  7.5261e-06	  2.7863e-02	  2.4977e-03	  6.5396e-04	  1.2852e-03	  7.8894e+03	  0.0000e+00	  1.5000e-01	  0.0000e+00	  2.5452e-01	  1.1841e-01	  0.0000e+00	
  6.6340e+00	  7.7719e-03	  5.2565e-04	  1.2775e-02	  2.8586e-03	  7.5265e-06	  2.7868e-02	  2.4982e-03	  6.5401e-04	  1.2855e-03	  7.8907e+03	  0.0000e+00	  1.5000e-01	  0.0000e+00	  2.5452e-01	  1.1841e-01	  0.0000e+00	
  6.6340e+00	  7.7728e-03	  5.2569e-04	  1.2777e-02	  2.8591e-03	  7.5269e-06	  2.7873e-02	  2.4987e-03	  6.5405e-04	  1.2858e-03	  7.8919e+03	  0.0000e+00	  1.5000e-01	  0.0000e+00	  2.5453e-01	  1.1841e-01	  0.0000e+00	
  6.6339e+00	  7.7736e-03	  5.2573e-04	  1.2779e-02	  2.8595e-03	  7.5273e-06	  2.7878e-02	  2.4992e-03	  6.5410e-04	  1.2861e-03	  7.8930e+03	  0.0000e+00	  1.5000e-01	  0.0000e+00	  2.5453e-01	  1.1841e-01	  0.0000e+00	
  6.6339e+00	  7.7744e-03	  5.2577e-04	  1.2781e-02	  2.8599e-03	  7.5276e-06	  2.7883e-02	  2.4997e-03	  6.5414e-04	  1.2863e-03	  7.8941e+03	  0.0000e+00	  1.5000e-01	  0.0000e+00	  2.5453e-01	  1.1840e-01	  0.0000e+00	
  6.6339e+00	  7.7752e-03	  5.2580e-04	  1.2782e-02	  2.8603e-03	  7.5280e-06	  2.7887e-02	  2.5002e-03	  6.5418e-04	  1.2866e-03	  7.8952e+03	  0.0000e+00	  1.5000e-01	  0.0000e+00	  2.5453e-01	  1.1840e-01	  0.0000e+00	
  6.6338e+00	  7.7760e-03	  5.2584e-04	  1.2784e-02	  2.8607e-03	  7.5283e-06	  2.7892e-02	  2.5006e-03	  6.5422e-04	  1.2868e-03	  7.8962e+03	  0.0000e+00	  1.5000e-01	  0.0000e+00	  2.5453e-01	  1.1840e-01	  0.0000e+00	
  6.6338e+00	  7.7767e-03	  5.2587e-04	  1.2786e-02	  2.8611e-03	  7.5287e-06	  2.7896e-02	  2.5010e-03	  6.5426e-04	  1.2871e-03	  7.8972e+03	  0.0000e+00	  1.5000e-01	  0.0000e+00	  2.5453e-01	  1.1840e-01	  0.0000e+00	
  6.6338e+00	  7.7774e-03	  5.2590e-04	  1.2787e-02	  2.8614e-03	  7.5290e-06	  2.7900e-02	  2.5015e-03	  6.5429e-04	  1.2873e-03	  7.8982e+03	  0.0000e+00	  1.5000e-01	  0.0000e+00	  2.5453e-01	  1.1840e-01	  0.0000e+00	
  6.6337e+00	  7.7781e-03	  5.2594e-04	  1.2789e-02	  2.8618e-03	  7.5293e-06	  2.7904e-02	  2.5018e-03	  6.5433e-04	  1.2875e-03	  7.8991e+03	  0.0000e+00	  1.5000e-01	  0.0000e+00	  2.5454e-01	  1.1839e-01	  0.0000e+00	
  6.6337e+00	  7.7788e-03	  5.2597e-04	  1.2790e-02	  2.8621e-03	  7.5296e-06	  2.7908e-02	  2.5022e-03	  6.5436e-04	  1.2877e-03	  7.9000e+03	  0.0000e+00	  1.5000e-01	  0.0000e+00	  2.5454e-01	  1.1839e-01	  0.0000e+00	
  6.6337e+00	  7.7794e-03	  5.2600e-04	  1.2792e-02	  2.8624e-03	  7.5298e-06	  2.7912e-02	  2.5026e-03	  6.5439e-04	  1.2879e-03	  7.9009e+03	  0.0000e+00	  1.5000e-01	  0.0000e+00	  2.5454e-01	  1.1839e-01	  0.0000e+00	
  6.6336e+00	  7.7800e-03	  5.2602e-04	  1.2793e-02	  2.8628e-03	  7.5301e-06	  2.7915e-02	  2.5030e-03	  6.5443e-04	  1.2881e-03	  7.9017e+03	  0.0000e+00	  1.5000e-01	  0.0000e+00	  2.5454e-01	  1.1839e-01	  0.0000e+00	
  6.6336e+00	  7.7806e-03	  5.2605e-04	  1.2795e-02	  2.8631e-03	  7.5304e-06	  2.7919e-02	  2.5033e-03	  6.5446e-04	  1.2883e-03	  7.9026e+03	  0.0000e+00	  1.5000e-01	  0.0000e+00	  2.5454e-01	  1.1839e-01	  0.0000e+00	
  6.6336e+00	  7.7812e-03	  5.2608e-04	  1.2796e-02	  2.8633e-03	  7.5306e-06	  2.7922e-02	  2.5037e-03	  6.5449e-04	  1.2885e-03	  7.9033e+03	  0.0000e+00	  1.5000e-01	  0.0000e+00	  2.5454e-01	  1.1839e-01	  0.0000e+00	
  6.6335e+00	  7.7817e-03	  5.2610e-04	  1.2797e-02	  2.8636e-03	  7.5309e-06	  2.7925e-02	  2.5040e-03	  6.5451e-04	  1.2887e-03	  7.9041e+03	  0.0000e+00	  1.5000e-01	  0.0000e+00	  2.5454e-01	  1.1839e-01	  0.0000e+00	
  6.6335e+00	  7.7823e-03	  5.2613e-04	  1.2798e-02	  2.8639e-03	  7.5311e-06	  2.7928e-02	  2.5043e-03	  6.5454e-04	  1.2888e-03	  7.9048e+03	  0.0000e+00	  1.5000e-01	  0.0000e+00	  2.5454e-01	  1.1838e-01	  0.0000e+00	
  6.6335e+00	  7.7828e-03	  5.2615e-04	  1.2800e-02	  2.8642e-03	  7.5313e-06	  2.7931e-02	  2.5046e-03	  6.5457e-04	  1.2890e-03	  7.9055e+03	  0.0000e+00	  1.5000e-01	  0.0000e+00	  2.5454e-01	  1.1838e-01	  0.0000e+00	
  6.6335e+00	  7.7833e-03	  5.2617e-04	  1.2801e-02	  2.8644e-03	  7.5316e-06	  2.7934e-02	  2.5049e-03	  6.5459e-04	  1.2891e-03	  7.9062e+03	  0.0000e+00	  1.5000e-01	  0.0000e+00	  2.5454e-01	  1.1838e-01	  0.0000e+00	
  6.6334e+00	  7.7838e-03	  5.2620e-04	  1.2802e-02	  2.8647e-03	  7.5318e-06	  2.7937e-02	  2.5052e-03	  6.5462e-04	  1.2893e-03	  7.9069e+03	  0.0000e+00	  1.5000e-01	  0.0000e+00	  2.5455e-01	  1.1838e-01	  0.0000e+00	
  6.6334e+00	  7.7842e-03	  5.2622e-04	  1.2803e-02	  2.8649e-03	  7.5320e-06	  2.7940e-02	  2.5054e-03	  6.5464e-04	  1.2894e-03	  7.9075e+03	  0.0000e+00	  1.5000e-01	  0.0000e+00	  2.5455e-01	  1.1838e-01	  0.0000e+00	
  6.6334e+00	  7.7847e-03	  5.2624e-04	  1.2804e-02	  2.8651e-03	  7.5322e-06	  2.7942e-02	  2.5057e-03	  6.5467e-04	  1.2896e-03	  7.9081e+03	  0.0000e+00	  1.5000e-01	  0.0000e+00	  2.5455e-01	  1.1838e-01	  0.0000e+00	
  6.6334e+00	  7.7851e-03	  5.2626e-04	  1.2805e-02	  2.8654e-03	  7.5324e-06	  2.7945e-02	  2.5060e-03	  6.5469e-04	  1.2897e-03	  7.9087e+03	  0.0000e+00	  1.5000e-01	  0.0000e+00	  2.5455e-01	  1.1838e-01	  0.0000e+00	
  6.6334e+00	  7.7855e-03	  5.2628e-04	  1.2806e-02	  2.8656e-03	  7.5326e-06	  2.7947e-02	  2.5062e-03	  6.5471e-04	  1.2899e-03	  7.9093e+03	  0.0000e+00	  1.5000e-01	  0.0000e+00	  2.5455e-01	  1.1838e-01	  0.0000e+00	
  6.6333e+00	  7.7859e-03	  5.2630e-04	  1.2807e-02	  2.8658e-03	  7.5327e-06	  2.7950e-02	  2.5064e-03	  6.5473e-04	  1.2900e-03	  7.9098e+03	  0.0000e+00	  1.5000e-01	  0.0000e+00	  2.5455e-01	  1.1837e-01	  0.0000e+00	
  6.6333e+00	  7.7863e-03	  5.2631e-04	  1.2808e-02	  2.8660e-03	  7.5329e-06	  2.7952e-02	  2.5067e-03	  6.5475e-04	  1.2901e-03	  7.9104e+03	  0.0000e+00	  1.5000e-01	  0.0000e+00	  2.5455e-01	  1.1837e-01	  0.0000e+00	
  6.6333e+00	  7.7867e-03	  5.2633e-04	  1.2808e-02	  2.8662e-03	  7.5331e-06	  2.7954e-02	  2.5069e-03	  6.5477e-04	  1.2902e-03	  7.9109e+03	  0.0000e+00	  1.5000e-01	  0.0000e+00	  2.5455e-01	  1.1837e-01	  0.0000e+00	
  6.6333e+00	  7.7871e-03	  5.2635e-04	  1.2809e-02	  2.8664e-03	  7.5332e-06	  2.7956e-02	  2.5071e-03	  6.5479e-04	  1.2903e-03	  7.9114e+03	  0.0000e+00	  1.5000e-01	  0.0000e+00	  2.5455e-01	  1.1837e-01	  0.0000e+00	
  6.6333e+00	  7.7874e-03	  5.2636e-04	  1.2810e-02	  2.8665e-03	  7.5334e-06	  2.7958e-02	  2.5073e-03	  6.5481e-04	  1.2905e-03	  7.9119e+03	  0.0000e+00	  1.5000e-01	  0.0000e+00	  2.5455e-01	  1.1837e-01	  0.0000e+00	
  6.6332e+00	  7.7878e-03	  5.2638e-04	  1.2811e-02	  2.8667e-03	  7.5335e-06	  2.7960e-02	  2.5075e-03	  6.5482e-04	  1.2906e-03	  7.9123e+03	  0.0000e+00	  1.5000e-01	  0.0000e+00	  2.5455e-01	  1.1837e-01	  0.0000e+00	
  6.6332e+00	  7.7881e-03	  5.2640e-04	  1.2812e-02	  2.8669e-03	  7.5337e-06	  2.7962e-02	  2.5077e-03	  6.5484e-04	  1.2907e-03	  7.9128e+03	  0.0000e+00	  1.5000e-01	  0.0000e+00	  2.5455e-01	  1.1837e-01	  0.0000e+00	
  6.6332e+00	  7.7884e-03	  5.2641e-04	  1.2812e-02	  2.8670e-03	  7.5338e-06	  2.7964e-02	  2.5079e-03	  6.5486e-04	  1.2908e-03	  7.9132e+03	  0.0000e+00	  1.5000e-01	  0.0000e+00	  2.5455e-01	  1.1837e-01	  0.0000e+00	
  6.6332e+00	  7.7887e-03	  5.2642e-04	  1.2813e-02	  2.8672e-03	  7.5340e-06	  2.7966e-02	  2.5081e-03	  6.5487e-04	  1.2909e-03	  7.9136e+03	  0.0000e+00	  1.5000e-01	  0.0000e+00	  2.5455e-01	  1.1837e-01	  0.0000e+00	
  6.6332e+00	  7.7890e-03	  5.2644e-04	  1.2814e-02	  2.8673e-03	  7.5341e-06	  2.7967e-02	  2.5082e-03	  6.5489e-04	  1.2910e-03	  7.9140e+03	  0.0000e+00	  1.5000e-01	  0.0000e+00	  2.5455e-01	  1.1837e-01	  0.0000e+00	
  6.6332e+00	  7.7893e-03	  5.2645e-04	  1.2814e-02	  2.8675e-03	  7.5342e-06	  2.7969e-02	  2.5084e-03	  6.5490e-04	  1.2911e-03	  7.9144e+03	  0.0000e+00	  1.5000e-01	  0.0000e+00	  2.5456e-01	  1.1837e-01	  0.0000e+00	
  6.6332e+00	  7.7896e-03	  5.2646e-04	  1.2815e-02	  2.8676e-03	  7.5343e-06	  2.7971e-02	  2.5086e-03	  6.5492e-04	  1.2911e-03	  7.9148e+03	  0.0000e+00	  1.5000e-01	  0.0000e+00	  2.5456e-01	  1.1836e-01	  0.0000e+00	
  6.6331e+00	  7.7898e-03	  5.2648e-04	  1.2816e-02	  2.8678e-03	  7.5345e-06	  2.7972e-02	  2.5087e-03	  6.5493e-04	  1.2912e-03	  7.9151e+03	  0.0000e+00	  1.5000e-01	  0.0000e+00	  2.5456e-01	  1.1836e-01	  0.0000e+00	
  6.6331e+00	  7.7901e-03	  5.2649e-04	  1.2816e-02	  2.8679e-03	  7.5346e-06	  2.7974e-02	  2.5089e-03	  6.5494e-04	  1.2913e-03	  7.9155e+03	  0.0000e+00	  1.5000e-01	  0.0000e+00	  2.5456e-01	  1.1836e-01	  0.0000e+00	
  6.6331e+00	  7.7903e-03	  5.2650e-04	  1.2817e-02	  2.8680e-03	  7.5347e-06	  2.7975e-02	  2.5090e-03	  6.5496e-04	  1.2914e-03	  7.9158e+03	  0.0000e+00	  1.5000e-01	  0.0000e+00	  2.5456e-01	  1.1836e-01	  0.0000e+00	
  6.6331e+00	  7.7906e-03	  5.2651e-04	  1.2817e-02	  2.8681e-03	  7.5348e-06	  2.7976e-02	  2.5091e-03	  6.5497e-04	  1.2915e-03	  7.9161e+03	  0.0000e+00	  1.5000e-01	  0.0000e+00	  2.5456e-01	  1.1836e-01	  0.0000e+00	
  6.6331e+00	  7.7908e-03	  5.2652e-04	  1.2818e-02	  2.8683e-03	  7.5349e-06	  2.7978e-02	  2.5093e-03	  6.5498e-04	  1.2915e-03	  7.9165e+03	  0.0000e+00	  1.5000e-01	  0.0000e+00	  2.5456e-01	  1.1836e-01	  0.0000e+00	
  6.6331e+00	  7.7910e-03	  5.2653e-04	  1.2818e-02	  2.8684e-03	  7.5350e-06	  2.7979e-02	  2.5094e-03	  6.5499e-04	  1.2916e-03	  7.9168e+03	  0.0000e+00	  1.5000e-01	  0.0000e+00	  2.5456e-01	  1.1836e-01	  0.0000e+00	
  6.6331e+00	  7.7912e-03	  5.2654e-04	  1.2819e-02	  2.8685e-03	  7.5351e-06	  2.7980e-02	  2.5095e-03	  6.5500e-04	  1.2917e-03	  7.9171e+03	  0.0000e+00	  1.5000e-01	  0.0000e+00	  2.5456e-01	  1.1836e-01	  0.0000e+00	
  6.6331e+00	  7.7914e-03	  5.2655e-04	  1.2819e-02	  2.8686e-03	  7.5352e-06	  2.7982e-02	  2.5097e-03	  6.5501e-04	  1.2917e-03	  7.9173e+03	  0.0000e+00	  1.5000e-01	  0.0000e+00	  2.5456e-01	  1.1836e-01	  0.0000e+00	
  6.6331e+00	  7.7916e-03	  5.2656e-04	  1.2820e-02	  2.8687e-03	  7.5353e-06	  2.7983e-02	  2.5098e-03	  6.5502e-04	  1.2918e-03	  7.9176e+03	  0.0000e+00	  1.5000e-01	  0.0000e+00	  2.5456e-01	  1.1836e-01	  0.0000e+00	
  6.6330e+00	  7.7918e-03	  5.2657e-04	  1.2820e-02	  2.8688e-03	  7.5353e-06	  2.7984e-02	  2.5099e-03	  6.5503e-04	  1.2919e-03	  7.9179e+03	  0.0000e+00	  1.5000e-01	  0.0000e+00	  2.5456e-01	  1.1836e-01	  0.0000e+00	
  6.6330e+00	  7.7920e-03	  5.2658e-04	  1.2821e-02	  2.8689e-03	  7.5354e-06	  2.7985e-02	  2.5100e-03	  6.5504e-04	  1.2919e-03	  7.9181e+03	  0.0000e+00	  1.5000e-01	  0.0000e+00	  2.5456e-01	  1.1836e-01	  0.0000e+00	
  6.6330e+00	  7.7922e-03	  5.2658e-04	  1.2821e-02	  2.8690e-03	  7.5355e-06	  2.7986e-02	  2.5101e-03	  6.5505e-04	  1.2920e-03	  7.9184e+03	  0.0000e+00	  1.5000e-01	  0.0000e+00	  2.5456e-01	  1.1836e-01	  0.0000e+00	
  6.6330e+00	  7.7924e-03	  5.2659e-04	  1.2821e-02	  2.8691e-03	  7.5356e-06	  2.7987e-02	  2.5102e-03	  6.5506e-04	  1.2920e-03	  7.9186e+03	  0.0000e+00	  1.5000e-01	  0.0000e+00	  2.5456e-01	  1.1836e-01	  0.0000e+00	
  6.6330e+00	  7.7925e-03	  5.2660e-04	  1.2822e-02	  2.8691e-03	  7.5357e-06	  2.7988e-02	  2.5103e-03	  6.5507e-04	  1.2921e-03	  7.9189e+03	  0.0000e+00	  1.5000e-01	  0.0000e+00	  2.5456e-01	  1.1836e-01	  0.0000e+00	
  6.6330e+00	  7.7927e-03	  5.2661e-04	  1.2822e-02	  2.8692e-03	  7.5357e-06	  2.7989e-02	  2.5104e-03	  6.5508e-04	  1.2921e-03	  7.9191e+03	  0.0000e+00	  1.5000e-01	  0.0000e+00	  2.5456e-01	  1.1836e-01	  0.0000e+00	
  6.6330e+00	  7.7929e-03	  5.2661e-04	  1.2822e-02	  2.8693e-03	  7.5358e-06	  2.7990e-02	  2.5105e-03	  6.5509e-04	  1.2922e-03	  7.9193e+03	  0.0000e+00	  1.5000e-01	  0.0000e+00	  2.5456e-01	  1.1836e-01	  0.0000e+00	
  6.6330e+00	  7.7930e-03	  5.2662e-04	  1.2823e-02	  2.8694e-03	  7.5359e-06	  2.7991e-02	  2.5106e-03	  6.5509e-04	  1.2922e-03	  7.9195e+03	  0.0000e+00	  1.5000e-01	  0.0000e+00	  2.5456e-01	  1.1836e-01	  0.0000e+00	
  6.6330e+00	  7.7932e-03	  5.2663e-04	  1.2823e-02	  2.8695e-03	  7.5359e-06	  2.7992e-02	  2.5107e-03	  6.5510e-04	  1.2923e-03	  7.9197e+03	  0.0000e+00	  1.5000e-01	  0.0000e+00	  2.5456e-01	  1.1836e-01	  0.0000e+00	
  6.6330e+00	  7.7933e-03	  5.2664e-04	  1.2823e-02	  2.8695e-03	  7.5360e-06	  2.7992e-02	  2.5107e-03	  6.5511e-04	  1.2923e-03	  7.9199e+03	  0.0000e+00	  1.5000e-01	  0.0000e+00	  2.5456e-01	  1.1836e-01	  0.0000e+00	
  6.6330e+00	  7.7934e-03	  5.2664e-04	  1.2824e-02	  2.8696e-03	  7.5361e-06	  2.7993e-02	  2.5108e-03	  6.5512e-04	  1.2924e-03	  7.9201e+03	  0.0000e+00	  1.5000e-01	  0.0000e+00	  2.5456e-01	  1.1835e-01	  0.0000e+00	
  6.6330e+00	  7.7936e-03	  5.2665e-04	  1.2824e-02	  2.8697e-03	  7.5361e-06	  2.7994e-02	  2.5109e-03	  6.5512e-04	  1.2924e-03	  7.9203e+03	  0.0000e+00	  1.5000e-01	  0.0000e+00	  2.5456e-01	  1.1835e-01	  0.0000e+00	
  6.6330e+00	  7.7937e-03	  5.2665e-04	  1.2824e-02	  2.8697e-03	  7.5362e-06	  2.7995e-02	  2.5110e-03	  6.5513e-04	  1.2925e-03	  7.9204e+03	  0.0000e+00	  1.5000e-01	  0.0000e+00	  2.5456e-01	  1.1835e-01	  0.0000e+00	
  6.6329e+00	  7.7938e-03	  5.2666e-04	  1.2825e-02	  2.8698e-03	  7.5362e-06	  2.7995e-02	  2.5110e-03	  6.5514e-04	  1.2925e-03	  7.9206e+03	  0.0000e+00	  1.5000e-01	  0.0000e+00	  2.5456e-01	  1.1835e-01	  0.0000e+00	
  6.6329e+00	  7.7939e-03	  5.2666e-04	  1.2825e-02	  2.8699e-03	  7.5363e-06	  2.7996e-02	  2.5111e-03	  6.5514e-04	  1.2925e-03	  7.9208e+03	  0.0000e+00	  1.5000e-01	  0.0000e+00	  2.5456e-01	  1.1835e-01	  0.0000e+00	
  6.6329e+00	  7.7940e-03	  5.2667e-04	  1.2825e-02	  2.8699e-03	  7.5363e-06	  2.7997e-02	  2.5112e-03	  6.5515e-04	  1.2926e-03	  7.9209e+03	  0.0000e+00	  1.5000e-01	  0.0000e+00	  2.5456e-01	  1.1835e-01	  0.0000e+00	
  6.6329e+00	  7.7942e-03	  5.2667e-04	  1.2825e-02	  2.8700e-03	  7.5364e-06	  2.7997e-02	  2.5112e-03	  6.5515e-04	  1.2926e-03	  7.9211e+03	  0.0000e+00	  1.5000e-01	  0.0000e+00	  2.5456e-01	  1.1835e-01	  0.0000e+00	
