          pH	          Na	           K	          Ca	          Mg	         PO4	          Cl	         SO4	         NH4	        HCO3	          sc	         FeS	      Pyrite	     Calcite	
  6.6644e+00	  4.1755e-03	  3.3043e-04	  4.8964e-03	  1.0614e-03	  4.1174e-05	  6.0679e-03	  1.8024e-04	  4.2255e-04	  9.0118e-06	  2.5751e+03	  0.0000e+00	  0.0000e+00	  0.0000e+00	
  6.6644e+00	  4.1755e-03	  3.3043e-04	  4.8964e-03	  1.0614e-03	  4.1174e-05	  6.0679e-03	  1.8024e-04	  4.2255e-04	  9.0118e-06	  2.5751e+03	  0.0000e+00	  0.0000e+00	  0.0000e+00	
  7.6288e+00	  4.4488e-03	  3.4802e-04	  5.4867e-03	  1.1900e-03	  3.9239e-07	  7.0554e-03	  2.9620e-04	  4.5197e-04	  7.3896e-04	  2.9427e+03	  0.0000e+00	  1.4999e-01	  7.8788e-02	
  7.5956e+00	  4.6271e-03	  3.5794e-04	  5.8334e-03	  1.2661e-03	  4.1516e-07	  8.0558e-03	  4.0753e-04	  4.6348e-04	  7.6655e-04	  3.1949e+03	  0.0000e+00	  1.4999e-01	  7.9639e-02	
  7.5644e+00	  4.7986e-03	  3.6728e-04	  6.1687e-03	  1.3398e-03	  4.3895e-07	  9.0080e-03	  5.1219e-04	  4.7426e-04	  7.9496e-04	  3.4345e+03	  0.0000e+00	  1.4999e-01	  8.0403e-02	
  7.5348e+00	  4.9636e-03	  3.7608e-04	  6.4930e-03	  1.4111e-03	  4.6366e-07	  9.9162e-03	  6.1096e-04	  4.8438e-04	  8.2403e-04	  3.6624e+03	  0.0000e+00	  1.4999e-01	  8.1086e-02	
  7.5069e+00	  5.1225e-03	  3.8441e-04	  6.8066e-03	  1.4801e-03	  4.8922e-07	  1.0784e-02	  7.0448e-04	  4.9392e-04	  8.5364e-04	  3.8798e+03	  0.0000e+00	  1.4999e-01	  8.1693e-02	
  7.4804e+00	  5.2757e-03	  3.9228e-04	  7.1097e-03	  1.5467e-03	  5.1553e-07	  1.1614e-02	  7.9326e-04	  5.0292e-04	  8.8367e-04	  4.0872e+03	  0.0000e+00	  1.4999e-01	  8.2229e-02	
  7.4553e+00	  5.4233e-03	  3.9976e-04	  7.4027e-03	  1.6112e-03	  5.4252e-07	  1.2409e-02	  8.7772e-04	  5.1142e-04	  9.1400e-04	  4.2855e+03	  0.0000e+00	  1.4999e-01	  8.2698e-02	
  7.4314e+00	  5.5658e-03	  4.0685e-04	  7.6858e-03	  1.6735e-03	  5.7010e-07	  1.3171e-02	  9.5823e-04	  5.1947e-04	  9.4454e-04	  4.4752e+03	  0.0000e+00	  1.4999e-01	  8.3107e-02	
  7.4087e+00	  5.7032e-03	  4.1359e-04	  7.9594e-03	  1.7337e-03	  5.9818e-07	  1.3902e-02	  1.0351e-03	  5.2710e-04	  9.7519e-04	  4.6569e+03	  0.0000e+00	  1.4998e-01	  8.3459e-02	
  7.3872e+00	  5.8358e-03	  4.2001e-04	  8.2238e-03	  1.7919e-03	  6.2668e-07	  1.4604e-02	  1.1086e-03	  5.3434e-04	  1.0059e-03	  4.8310e+03	  0.0000e+00	  1.4998e-01	  8.3759e-02	
  7.3667e+00	  5.9639e-03	  4.2613e-04	  8.4792e-03	  1.8481e-03	  6.5554e-07	  1.5278e-02	  1.1789e-03	  5.4121e-04	  1.0365e-03	  4.9979e+03	  0.0000e+00	  1.4998e-01	  8.4011e-02	
  7.3473e+00	  6.0876e-03	  4.3196e-04	  8.7259e-03	  1.9025e-03	  6.8467e-07	  1.5926e-02	  1.2462e-03	  5.4775e-04	  1.0670e-03	  5.1580e+03	  0.0000e+00	  1.4998e-01	  8.4220e-02	
  7.3287e+00	  6.2070e-03	  4.3753e-04	  8.9642e-03	  1.9550e-03	  7.1399e-07	  1.6549e-02	  1.3107e-03	  5.5398e-04	  1.0973e-03	  5.3117e+03	  0.0000e+00	  1.4998e-01	  8.4390e-02	
  7.3111e+00	  6.3223e-03	  4.4285e-04	  9.1945e-03	  2.0057e-03	  7.4344e-07	  1.7148e-02	  1.3727e-03	  5.5991e-04	  1.1274e-03	  5.4594e+03	  0.0000e+00	  1.4998e-01	  8.4523e-02	
  7.2943e+00	  6.4337e-03	  4.4794e-04	  9.4169e-03	  2.0548e-03	  7.7295e-07	  1.7724e-02	  1.4321e-03	  5.6556e-04	  1.1571e-03	  5.6012e+03	  0.0000e+00	  1.4998e-01	  8.4624e-02	
  7.2783e+00	  6.5413e-03	  4.5280e-04	  9.6316e-03	  2.1021e-03	  8.0246e-07	  1.8279e-02	  1.4892e-03	  5.7095e-04	  1.1865e-03	  5.7375e+03	  0.0000e+00	  1.4998e-01	  8.4695e-02	
  7.2630e+00	  6.6453e-03	  4.5745e-04	  9.8391e-03	  2.1479e-03	  8.3190e-07	  1.8814e-02	  1.5440e-03	  5.7610e-04	  1.2155e-03	  5.8685e+03	  0.0000e+00	  1.4998e-01	  8.4741e-02	
  7.2485e+00	  6.7457e-03	  4.6191e-04	  1.0039e-02	  2.1920e-03	  8.6122e-07	  1.9328e-02	  1.5968e-03	  5.8102e-04	  1.2441e-03	  5.9945e+03	  0.0000e+00	  1.4998e-01	  8.4762e-02	
  7.2347e+00	  6.8428e-03	  4.6618e-04	  1.0233e-02	  2.2347e-03	  8.9037e-07	  1.9824e-02	  1.6475e-03	  5.8572e-04	  1.2722e-03	  6.1157e+03	  0.0000e+00	  1.4998e-01	  8.4763e-02	
  7.2215e+00	  6.9365e-03	  4.7027e-04	  1.0420e-02	  2.2760e-03	  9.1931e-07	  2.0301e-02	  1.6963e-03	  5.9022e-04	  1.2998e-03	  6.2323e+03	  0.0000e+00	  1.4998e-01	  8.4745e-02	
  7.2089e+00	  7.0271e-03	  4.7419e-04	  1.0600e-02	  2.3158e-03	  9.4797e-07	  2.0761e-02	  1.7432e-03	  5.9452e-04	  1.3269e-03	  6.3445e+03	  0.0000e+00	  1.4998e-01	  8.4710e-02	
  7.1969e+00	  7.1147e-03	  4.7795e-04	  1.0774e-02	  2.3542e-03	  9.7634e-07	  2.1204e-02	  1.7884e-03	  5.9864e-04	  1.3535e-03	  6.4525e+03	  0.0000e+00	  1.4998e-01	  8.4662e-02	
  7.1854e+00	  7.1993e-03	  4.8156e-04	  1.0943e-02	  2.3914e-03	  1.0044e-06	  2.1631e-02	  1.8319e-03	  6.0259e-04	  1.3795e-03	  6.5564e+03	  0.0000e+00	  1.4998e-01	  8.4600e-02	
  7.1745e+00	  7.2810e-03	  4.8503e-04	  1.1105e-02	  2.4273e-03	  1.0320e-06	  2.2043e-02	  1.8738e-03	  6.0636e-04	  1.4050e-03	  6.6565e+03	  0.0000e+00	  1.4998e-01	  8.4527e-02	
  7.1640e+00	  7.3600e-03	  4.8835e-04	  1.1262e-02	  2.4619e-03	  1.0593e-06	  2.2440e-02	  1.9141e-03	  6.0998e-04	  1.4298e-03	  6.7529e+03	  0.0000e+00	  1.4998e-01	  8.4445e-02	
  7.1540e+00	  7.4363e-03	  4.9155e-04	  1.1414e-02	  2.4954e-03	  1.0861e-06	  2.2823e-02	  1.9530e-03	  6.1346e-04	  1.4541e-03	  6.8457e+03	  0.0000e+00	  1.4998e-01	  8.4354e-02	
  7.1445e+00	  7.5101e-03	  4.9462e-04	  1.1560e-02	  2.5277e-03	  1.1125e-06	  2.3192e-02	  1.9904e-03	  6.1678e-04	  1.4778e-03	  6.9351e+03	  0.0000e+00	  1.4998e-01	  8.4257e-02	
  7.1354e+00	  7.5813e-03	  4.9757e-04	  1.1701e-02	  2.5589e-03	  1.1384e-06	  2.3548e-02	  2.0265e-03	  6.1998e-04	  1.5010e-03	  7.0213e+03	  0.0000e+00	  1.4998e-01	  8.4153e-02	
  7.1267e+00	  7.6502e-03	  5.0040e-04	  1.1837e-02	  2.5890e-03	  1.1639e-06	  2.3891e-02	  2.0613e-03	  6.2304e-04	  1.5235e-03	  7.1042e+03	  0.0000e+00	  1.4997e-01	  8.4045e-02	
  7.1184e+00	  7.7167e-03	  5.0313e-04	  1.1969e-02	  2.6181e-03	  1.1889e-06	  2.4222e-02	  2.0948e-03	  6.2598e-04	  1.5454e-03	  7.1842e+03	  0.0000e+00	  1.4997e-01	  8.3933e-02	
  7.1104e+00	  7.7810e-03	  5.0575e-04	  1.2096e-02	  2.6462e-03	  1.2133e-06	  2.4542e-02	  2.1271e-03	  6.2881e-04	  1.5668e-03	  7.2613e+03	  0.0000e+00	  1.4997e-01	  8.3817e-02	
  7.1028e+00	  7.8431e-03	  5.0827e-04	  1.2219e-02	  2.6734e-03	  1.2373e-06	  2.4850e-02	  2.1582e-03	  6.3152e-04	  1.5876e-03	  7.3355e+03	  0.0000e+00	  1.4997e-01	  8.3699e-02	
  7.0955e+00	  7.9031e-03	  5.1069e-04	  1.2338e-02	  2.6996e-03	  1.2607e-06	  2.5147e-02	  2.1883e-03	  6.3412e-04	  1.6078e-03	  7.4071e+03	  0.0000e+00	  1.4997e-01	  8.3579e-02	
  7.0885e+00	  7.9610e-03	  5.1303e-04	  1.2452e-02	  2.7249e-03	  1.2836e-06	  2.5433e-02	  2.2172e-03	  6.3663e-04	  1.6275e-03	  7.4761e+03	  0.0000e+00	  1.4997e-01	  8.3458e-02	
  7.0818e+00	  8.0171e-03	  5.1527e-04	  1.2562e-02	  2.7493e-03	  1.3060e-06	  2.5710e-02	  2.2452e-03	  6.3903e-04	  1.6466e-03	  7.5426e+03	  0.0000e+00	  1.4997e-01	  8.3335e-02	
  7.0754e+00	  8.0712e-03	  5.1743e-04	  1.2669e-02	  2.7729e-03	  1.3278e-06	  2.5977e-02	  2.2721e-03	  6.4134e-04	  1.6651e-03	  7.6067e+03	  0.0000e+00	  1.4997e-01	  8.3213e-02	
  7.0693e+00	  8.1235e-03	  5.1951e-04	  1.2772e-02	  2.7957e-03	  1.3492e-06	  2.6234e-02	  2.2981e-03	  6.4357e-04	  1.6832e-03	  7.6685e+03	  0.0000e+00	  1.4997e-01	  8.3091e-02	
  7.0634e+00	  8.1740e-03	  5.2151e-04	  1.2872e-02	  2.8177e-03	  1.3700e-06	  2.6483e-02	  2.3231e-03	  6.4570e-04	  1.7007e-03	  7.7281e+03	  0.0000e+00	  1.4997e-01	  8.2969e-02	
  7.0578e+00	  8.2228e-03	  5.2344e-04	  1.2968e-02	  2.8389e-03	  1.3903e-06	  2.6722e-02	  2.3473e-03	  6.4776e-04	  1.7176e-03	  7.7856e+03	  0.0000e+00	  1.4997e-01	  8.2847e-02	
  7.0524e+00	  8.2700e-03	  5.2529e-04	  1.3060e-02	  2.8594e-03	  1.4100e-06	  2.6954e-02	  2.3706e-03	  6.4973e-04	  1.7341e-03	  7.8410e+03	  0.0000e+00	  1.4997e-01	  8.2727e-02	
  7.0472e+00	  8.3155e-03	  5.2708e-04	  1.3150e-02	  2.8793e-03	  1.4293e-06	  2.7177e-02	  2.3931e-03	  6.5163e-04	  1.7501e-03	  7.8944e+03	  0.0000e+00	  1.4997e-01	  8.2608e-02	
  7.0423e+00	  8.3595e-03	  5.2880e-04	  1.3236e-02	  2.8984e-03	  1.4480e-06	  2.7392e-02	  2.4148e-03	  6.5346e-04	  1.7656e-03	  7.9460e+03	  0.0000e+00	  1.4997e-01	  8.2490e-02	
  7.0375e+00	  8.4021e-03	  5.3046e-04	  1.3320e-02	  2.9169e-03	  1.4663e-06	  2.7600e-02	  2.4358e-03	  6.5522e-04	  1.7806e-03	  7.9957e+03	  0.0000e+00	  1.4997e-01	  8.2374e-02	
  7.0329e+00	  8.4431e-03	  5.3206e-04	  1.3400e-02	  2.9347e-03	  1.4840e-06	  2.7801e-02	  2.4560e-03	  6.5692e-04	  1.7951e-03	  8.0436e+03	  0.0000e+00	  1.4997e-01	  8.2259e-02	
  7.0285e+00	  8.4828e-03	  5.3360e-04	  1.3478e-02	  2.9519e-03	  1.5013e-06	  2.7994e-02	  2.4754e-03	  6.5855e-04	  1.8092e-03	  8.0899e+03	  0.0000e+00	  1.4997e-01	  8.2147e-02	
  7.0243e+00	  8.5212e-03	  5.3508e-04	  1.3553e-02	  2.9685e-03	  1.5181e-06	  2.8181e-02	  2.4943e-03	  6.6012e-04	  1.8229e-03	  8.1345e+03	  0.0000e+00	  1.4997e-01	  8.2036e-02	
  7.0203e+00	  8.5582e-03	  5.3651e-04	  1.3625e-02	  2.9846e-03	  1.5344e-06	  2.8362e-02	  2.5124e-03	  6.6163e-04	  1.8361e-03	  8.1775e+03	  0.0000e+00	  1.4997e-01	  8.1927e-02	
  7.0164e+00	  8.5940e-03	  5.3789e-04	  1.3695e-02	  3.0001e-03	  1.5502e-06	  2.8536e-02	  2.5299e-03	  6.6309e-04	  1.8489e-03	  8.2191e+03	  0.0000e+00	  1.4997e-01	  8.1821e-02	
  7.0127e+00	  8.6285e-03	  5.3922e-04	  1.3763e-02	  3.0151e-03	  1.5656e-06	  2.8704e-02	  2.5468e-03	  6.6449e-04	  1.8613e-03	  8.2591e+03	  0.0000e+00	  1.4997e-01	  8.1717e-02	
  7.0091e+00	  8.6619e-03	  5.4050e-04	  1.3828e-02	  3.0295e-03	  1.5806e-06	  2.8866e-02	  2.5631e-03	  6.6584e-04	  1.8733e-03	  8.2977e+03	  0.0000e+00	  1.4997e-01	  8.1615e-02	
  7.0057e+00	  8.6942e-03	  5.4173e-04	  1.3891e-02	  3.0435e-03	  1.5951e-06	  2.9022e-02	  2.5789e-03	  6.6714e-04	  1.8850e-03	  8.3350e+03	  0.0000e+00	  1.4997e-01	  8.1515e-02	
  7.0024e+00	  8.7253e-03	  5.4292e-04	  1.3952e-02	  3.0569e-03	  1.6092e-06	  2.9174e-02	  2.5941e-03	  6.6839e-04	  1.8962e-03	  8.3710e+03	  0.0000e+00	  1.4997e-01	  8.1417e-02	
  6.9992e+00	  8.7554e-03	  5.4406e-04	  1.4011e-02	  3.0699e-03	  1.6229e-06	  2.9319e-02	  2.6087e-03	  6.6960e-04	  1.9071e-03	  8.4057e+03	  0.0000e+00	  1.4997e-01	  8.1322e-02	
  6.9961e+00	  8.7845e-03	  5.4517e-04	  1.4067e-02	  3.0825e-03	  1.6361e-06	  2.9460e-02	  2.6229e-03	  6.7076e-04	  1.9177e-03	  8.4392e+03	  0.0000e+00	  1.4997e-01	  8.1229e-02	
  6.9932e+00	  8.8125e-03	  5.4624e-04	  1.4122e-02	  3.0946e-03	  1.6490e-06	  2.9596e-02	  2.6365e-03	  6.7188e-04	  1.9279e-03	  8.4715e+03	  0.0000e+00	  1.4997e-01	  8.1138e-02	
  6.9904e+00	  8.8396e-03	  5.4726e-04	  1.4175e-02	  3.1064e-03	  1.6615e-06	  2.9727e-02	  2.6497e-03	  6.7296e-04	  1.9378e-03	  8.5026e+03	  0.0000e+00	  1.4997e-01	  8.1050e-02	
  6.9877e+00	  8.8658e-03	  5.4825e-04	  1.4226e-02	  3.1177e-03	  1.6736e-06	  2.9854e-02	  2.6624e-03	  6.7400e-04	  1.9473e-03	  8.5327e+03	  0.0000e+00	  1.4997e-01	  8.0964e-02	
  6.9851e+00	  8.8911e-03	  5.4921e-04	  1.4275e-02	  3.1286e-03	  1.6853e-06	  2.9976e-02	  2.6747e-03	  6.7500e-04	  1.9565e-03	  8.5617e+03	  0.0000e+00	  1.4997e-01	  8.0880e-02	
  6.9826e+00	  8.9156e-03	  5.5013e-04	  1.4323e-02	  3.1391e-03	  1.6967e-06	  3.0094e-02	  2.6866e-03	  6.7597e-04	  1.9655e-03	  8.5898e+03	  0.0000e+00	  1.4997e-01	  8.0798e-02	
  6.9801e+00	  8.9392e-03	  5.5102e-04	  1.4369e-02	  3.1493e-03	  1.7077e-06	  3.0208e-02	  2.6980e-03	  6.7690e-04	  1.9741e-03	  8.6168e+03	  0.0000e+00	  1.4997e-01	  8.0719e-02	
  6.9778e+00	  8.9620e-03	  5.5188e-04	  1.4413e-02	  3.1591e-03	  1.7184e-06	  3.0318e-02	  2.7090e-03	  6.7779e-04	  1.9825e-03	  8.6429e+03	  0.0000e+00	  1.4997e-01	  8.0642e-02	
  6.9756e+00	  8.9840e-03	  5.5270e-04	  1.4456e-02	  3.1686e-03	  1.7287e-06	  3.0424e-02	  2.7197e-03	  6.7866e-04	  1.9906e-03	  8.6680e+03	  0.0000e+00	  1.4997e-01	  8.0567e-02	
  6.9734e+00	  9.0053e-03	  5.5350e-04	  1.4497e-02	  3.1778e-03	  1.7388e-06	  3.0527e-02	  2.7300e-03	  6.7949e-04	  1.9984e-03	  8.6923e+03	  0.0000e+00	  1.4997e-01	  8.0494e-02	
  6.9714e+00	  9.0258e-03	  5.5427e-04	  1.4537e-02	  3.1867e-03	  1.7485e-06	  3.0626e-02	  2.7399e-03	  6.8030e-04	  2.0059e-03	  8.7158e+03	  0.0000e+00	  1.4997e-01	  8.0423e-02	
  6.9694e+00	  9.0456e-03	  5.5501e-04	  1.4576e-02	  3.1952e-03	  1.7579e-06	  3.0721e-02	  2.7495e-03	  6.8107e-04	  2.0132e-03	  8.7384e+03	  0.0000e+00	  1.4997e-01	  8.0354e-02	
  6.9675e+00	  9.0648e-03	  5.5573e-04	  1.4613e-02	  3.2035e-03	  1.7670e-06	  3.0814e-02	  2.7588e-03	  6.8182e-04	  2.0203e-03	  8.7603e+03	  0.0000e+00	  1.4997e-01	  8.0287e-02	
  6.9656e+00	  9.0833e-03	  5.5642e-04	  1.4649e-02	  3.2114e-03	  1.7758e-06	  3.0903e-02	  2.7677e-03	  6.8254e-04	  2.0271e-03	  8.7814e+03	  0.0000e+00	  1.4997e-01	  8.0222e-02	
  6.9638e+00	  9.1012e-03	  5.5708e-04	  1.4684e-02	  3.2191e-03	  1.7843e-06	  3.0989e-02	  2.7763e-03	  6.8324e-04	  2.0337e-03	  8.8017e+03	  0.0000e+00	  1.4997e-01	  8.0159e-02	
  6.9621e+00	  9.1185e-03	  5.5773e-04	  1.4717e-02	  3.2265e-03	  1.7926e-06	  3.1072e-02	  2.7847e-03	  6.8391e-04	  2.0401e-03	  8.8213e+03	  0.0000e+00	  1.4997e-01	  8.0098e-02	
  6.9605e+00	  9.1351e-03	  5.5835e-04	  1.4749e-02	  3.2337e-03	  1.8006e-06	  3.1152e-02	  2.7927e-03	  6.8455e-04	  2.0463e-03	  8.8403e+03	  0.0000e+00	  1.4997e-01	  8.0038e-02	
  6.9589e+00	  9.1512e-03	  5.5895e-04	  1.4781e-02	  3.2406e-03	  1.8083e-06	  3.1229e-02	  2.8005e-03	  6.8518e-04	  2.0522e-03	  8.8586e+03	  0.0000e+00	  1.4997e-01	  7.9981e-02	
  6.9573e+00	  9.1668e-03	  5.5952e-04	  1.4811e-02	  3.2473e-03	  1.8158e-06	  3.1304e-02	  2.8080e-03	  6.8578e-04	  2.0580e-03	  8.8763e+03	  0.0000e+00	  1.4997e-01	  7.9925e-02	
  6.9559e+00	  9.1818e-03	  5.6008e-04	  1.4840e-02	  3.2538e-03	  1.8231e-06	  3.1376e-02	  2.8152e-03	  6.8636e-04	  2.0636e-03	  8.8933e+03	  0.0000e+00	  1.4997e-01	  7.9871e-02	
  6.9544e+00	  9.1963e-03	  5.6062e-04	  1.4868e-02	  3.2600e-03	  1.8301e-06	  3.1446e-02	  2.8222e-03	  6.8692e-04	  2.0689e-03	  8.9098e+03	  0.0000e+00	  1.4997e-01	  7.9819e-02	
  6.9531e+00	  9.2103e-03	  5.6114e-04	  1.4895e-02	  3.2660e-03	  1.8369e-06	  3.1513e-02	  2.8289e-03	  6.8746e-04	  2.0741e-03	  8.9256e+03	  0.0000e+00	  1.4997e-01	  7.9768e-02	
  6.9518e+00	  9.2238e-03	  5.6164e-04	  1.4921e-02	  3.2719e-03	  1.8434e-06	  3.1578e-02	  2.8354e-03	  6.8798e-04	  2.0792e-03	  8.9410e+03	  0.0000e+00	  1.4997e-01	  7.9719e-02	
  6.9505e+00	  9.2369e-03	  5.6212e-04	  1.4947e-02	  3.2775e-03	  1.8498e-06	  3.1640e-02	  2.8417e-03	  6.8848e-04	  2.0840e-03	  8.9558e+03	  0.0000e+00	  1.4997e-01	  7.9671e-02	
  6.9493e+00	  9.2495e-03	  5.6259e-04	  1.4971e-02	  3.2829e-03	  1.8559e-06	  3.1701e-02	  2.8478e-03	  6.8897e-04	  2.0887e-03	  8.9701e+03	  0.0000e+00	  1.4997e-01	  7.9625e-02	
  6.9481e+00	  9.2617e-03	  5.6304e-04	  1.4995e-02	  3.2881e-03	  1.8619e-06	  3.1759e-02	  2.8536e-03	  6.8943e-04	  2.0933e-03	  8.9839e+03	  0.0000e+00	  1.4997e-01	  7.9580e-02	
  6.9469e+00	  9.2735e-03	  5.6347e-04	  1.5018e-02	  3.2932e-03	  1.8676e-06	  3.1816e-02	  2.8593e-03	  6.8989e-04	  2.0976e-03	  8.9972e+03	  0.0000e+00	  1.4997e-01	  7.9536e-02	
  6.9458e+00	  9.2849e-03	  5.6389e-04	  1.5040e-02	  3.2981e-03	  1.8732e-06	  3.1870e-02	  2.8648e-03	  6.9032e-04	  2.1019e-03	  9.0100e+03	  0.0000e+00	  1.4997e-01	  7.9495e-02	
  6.9448e+00	  9.2958e-03	  5.6429e-04	  1.5061e-02	  3.3028e-03	  1.8785e-06	  3.1923e-02	  2.8700e-03	  6.9074e-04	  2.1060e-03	  9.0224e+03	  0.0000e+00	  1.4997e-01	  7.9454e-02	
  6.9438e+00	  9.3064e-03	  5.6468e-04	  1.5081e-02	  3.3073e-03	  1.8837e-06	  3.1973e-02	  2.8751e-03	  6.9115e-04	  2.1099e-03	  9.0344e+03	  0.0000e+00	  1.4997e-01	  7.9415e-02	
  6.9428e+00	  9.3167e-03	  5.6506e-04	  1.5101e-02	  3.3117e-03	  1.8888e-06	  3.2022e-02	  2.8800e-03	  6.9154e-04	  2.1137e-03	  9.0460e+03	  0.0000e+00	  1.4997e-01	  7.9376e-02	
  6.9418e+00	  9.3266e-03	  5.6542e-04	  1.5120e-02	  3.3160e-03	  1.8936e-06	  3.2070e-02	  2.8848e-03	  6.9191e-04	  2.1174e-03	  9.0571e+03	  0.0000e+00	  1.4997e-01	  7.9340e-02	
  6.9409e+00	  9.3361e-03	  5.6577e-04	  1.5139e-02	  3.3200e-03	  1.8983e-06	  3.2115e-02	  2.8894e-03	  6.9228e-04	  2.1210e-03	  9.0679e+03	  0.0000e+00	  1.4997e-01	  7.9304e-02	
  6.9400e+00	  9.3453e-03	  5.6611e-04	  1.5156e-02	  3.3240e-03	  1.9029e-06	  3.2160e-02	  2.8938e-03	  6.9263e-04	  2.1244e-03	  9.0783e+03	  0.0000e+00	  1.4997e-01	  7.9269e-02	
  6.9392e+00	  9.3542e-03	  5.6644e-04	  1.5174e-02	  3.3278e-03	  1.9072e-06	  3.2202e-02	  2.8980e-03	  6.9297e-04	  2.1278e-03	  9.0883e+03	  0.0000e+00	  1.4997e-01	  7.9236e-02	
  6.9384e+00	  9.3628e-03	  5.6676e-04	  1.5190e-02	  3.3315e-03	  1.9115e-06	  3.2243e-02	  2.9022e-03	  6.9330e-04	  2.1310e-03	  9.0980e+03	  0.0000e+00	  1.4997e-01	  7.9204e-02	
  6.9376e+00	  9.3711e-03	  5.6706e-04	  1.5206e-02	  3.3351e-03	  1.9156e-06	  3.2283e-02	  2.9061e-03	  6.9361e-04	  2.1341e-03	  9.1074e+03	  0.0000e+00	  1.4997e-01	  7.9172e-02	
  6.9368e+00	  9.3791e-03	  5.6735e-04	  1.5222e-02	  3.3385e-03	  1.9196e-06	  3.2321e-02	  2.9100e-03	  6.9392e-04	  2.1371e-03	  9.1164e+03	  0.0000e+00	  1.4997e-01	  7.9142e-02	
  6.9361e+00	  9.3869e-03	  5.6764e-04	  1.5237e-02	  3.3418e-03	  1.9234e-06	  3.2358e-02	  2.9137e-03	  6.9421e-04	  2.1400e-03	  9.1252e+03	  0.0000e+00	  1.4997e-01	  7.9113e-02	
  6.9354e+00	  9.3944e-03	  5.6791e-04	  1.5251e-02	  3.3450e-03	  1.9271e-06	  3.2394e-02	  2.9173e-03	  6.9449e-04	  2.1428e-03	  9.1336e+03	  0.0000e+00	  1.4997e-01	  7.9085e-02	
  6.9347e+00	  9.4016e-03	  5.6818e-04	  1.5265e-02	  3.3481e-03	  1.9307e-06	  3.2429e-02	  2.9207e-03	  6.9477e-04	  2.1455e-03	  9.1417e+03	  0.0000e+00	  1.4997e-01	  7.9057e-02	
  6.9340e+00	  9.4086e-03	  5.6843e-04	  1.5279e-02	  3.3511e-03	  1.9341e-06	  3.2462e-02	  2.9241e-03	  6.9503e-04	  2.1481e-03	  9.1496e+03	  0.0000e+00	  1.4997e-01	  7.9031e-02	
  6.9334e+00	  9.4153e-03	  5.6868e-04	  1.5292e-02	  3.3540e-03	  1.9375e-06	  3.2494e-02	  2.9273e-03	  6.9529e-04	  2.1506e-03	  9.1571e+03	  0.0000e+00	  1.4997e-01	  7.9005e-02	
  6.9328e+00	  9.4218e-03	  5.6892e-04	  1.5304e-02	  3.3568e-03	  1.9407e-06	  3.2525e-02	  2.9304e-03	  6.9553e-04	  2.1530e-03	  9.1644e+03	  0.0000e+00	  1.4997e-01	  7.8980e-02	
  6.9322e+00	  9.4281e-03	  5.6914e-04	  1.5316e-02	  3.3595e-03	  1.9438e-06	  3.2555e-02	  2.9334e-03	  6.9577e-04	  2.1554e-03	  9.1715e+03	  0.0000e+00	  1.4997e-01	  7.8956e-02	
  6.9316e+00	  9.4341e-03	  5.6937e-04	  1.5328e-02	  3.3621e-03	  1.9469e-06	  3.2584e-02	  2.9363e-03	  6.9600e-04	  2.1577e-03	  9.1783e+03	  0.0000e+00	  1.4997e-01	  7.8933e-02	
  6.9311e+00	  9.4400e-03	  5.6958e-04	  1.5339e-02	  3.3646e-03	  1.9498e-06	  3.2612e-02	  2.9391e-03	  6.9622e-04	  2.1599e-03	  9.1849e+03	  0.0000e+00	  1.4997e-01	  7.8911e-02	
  6.9305e+00	  9.4457e-03	  5.6979e-04	  1.5350e-02	  3.3670e-03	  1.9526e-06	  3.2639e-02	  2.9418e-03	  6.9644e-04	  2.1620e-03	  9.1913e+03	  0.0000e+00	  1.4997e-01	  7.8889e-02	
  6.9300e+00	  9.4511e-03	  5.6999e-04	  1.5361e-02	  3.3693e-03	  1.9553e-06	  3.2665e-02	  2.9444e-03	  6.9664e-04	  2.1640e-03	  9.1974e+03	  0.0000e+00	  1.4996e-01	  7.8868e-02	
  6.9295e+00	  9.4564e-03	  5.7018e-04	  1.5371e-02	  3.3716e-03	  1.9580e-06	  3.2690e-02	  2.9470e-03	  6.9684e-04	  2.1660e-03	  9.2033e+03	  0.0000e+00	  1.4996e-01	  7.8848e-02	
  6.9291e+00	  9.4615e-03	  5.7036e-04	  1.5381e-02	  3.3738e-03	  1.9605e-06	  3.2715e-02	  2.9494e-03	  6.9703e-04	  2.1679e-03	  9.2091e+03	  0.0000e+00	  1.4996e-01	  7.8829e-02	
  6.9286e+00	  9.4664e-03	  5.7054e-04	  1.5390e-02	  3.3759e-03	  1.9630e-06	  3.2738e-02	  2.9517e-03	  6.9722e-04	  2.1698e-03	  9.2146e+03	  0.0000e+00	  1.4996e-01	  7.8810e-02	
  6.9282e+00	  9.4711e-03	  5.7072e-04	  1.5399e-02	  3.3779e-03	  1.9653e-06	  3.2761e-02	  2.9540e-03	  6.9740e-04	  2.1715e-03	  9.2199e+03	  0.0000e+00	  1.4996e-01	  7.8791e-02	
  6.9277e+00	  9.4757e-03	  5.7088e-04	  1.5408e-02	  3.3799e-03	  1.9676e-06	  3.2783e-02	  2.9562e-03	  6.9757e-04	  2.1733e-03	  9.2251e+03	  0.0000e+00	  1.4996e-01	  7.8774e-02	
  6.9273e+00	  9.4802e-03	  5.7105e-04	  1.5417e-02	  3.3818e-03	  1.9698e-06	  3.2804e-02	  2.9583e-03	  6.9774e-04	  2.1749e-03	  9.2300e+03	  0.0000e+00	  1.4996e-01	  7.8757e-02	
  6.9269e+00	  9.4844e-03	  5.7120e-04	  1.5425e-02	  3.3836e-03	  1.9720e-06	  3.2824e-02	  2.9604e-03	  6.9790e-04	  2.1765e-03	  9.2348e+03	  0.0000e+00	  1.4996e-01	  7.8740e-02	
  6.9265e+00	  9.4886e-03	  5.7135e-04	  1.5433e-02	  3.3854e-03	  1.9741e-06	  3.2844e-02	  2.9623e-03	  6.9805e-04	  2.1781e-03	  9.2395e+03	  0.0000e+00	  1.4996e-01	  7.8724e-02	
  6.9262e+00	  9.4926e-03	  5.7150e-04	  1.5441e-02	  3.3871e-03	  1.9761e-06	  3.2863e-02	  2.9643e-03	  6.9820e-04	  2.1796e-03	  9.2439e+03	  0.0000e+00	  1.4996e-01	  7.8709e-02	
  6.9258e+00	  9.4964e-03	  5.7164e-04	  1.5448e-02	  3.3887e-03	  1.9780e-06	  3.2881e-02	  2.9661e-03	  6.9835e-04	  2.1810e-03	  9.2483e+03	  0.0000e+00	  1.4996e-01	  7.8694e-02	
  6.9255e+00	  9.5001e-03	  5.7177e-04	  1.5455e-02	  3.3903e-03	  1.9798e-06	  3.2899e-02	  2.9679e-03	  6.9849e-04	  2.1824e-03	  9.2524e+03	  0.0000e+00	  1.4996e-01	  7.8680e-02	
  6.9251e+00	  9.5037e-03	  5.7190e-04	  1.5462e-02	  3.3919e-03	  1.9816e-06	  3.2916e-02	  2.9696e-03	  6.9862e-04	  2.1838e-03	  9.2565e+03	  0.0000e+00	  1.4996e-01	  7.8666e-02	
  6.9248e+00	  9.5072e-03	  5.7203e-04	  1.5469e-02	  3.3933e-03	  1.9834e-06	  3.2932e-02	  2.9712e-03	  6.9875e-04	  2.1851e-03	  9.2604e+03	  0.0000e+00	  1.4996e-01	  7.8652e-02	
  6.9245e+00	  9.5105e-03	  5.7215e-04	  1.5475e-02	  3.3948e-03	  1.9851e-06	  3.2948e-02	  2.9728e-03	  6.9888e-04	  2.1863e-03	  9.2641e+03	  0.0000e+00	  1.4996e-01	  7.8639e-02	
  6.9242e+00	  9.5138e-03	  5.7227e-04	  1.5482e-02	  3.3962e-03	  1.9867e-06	  3.2964e-02	  2.9744e-03	  6.9900e-04	  2.1876e-03	  9.2677e+03	  0.0000e+00	  1.4996e-01	  7.8627e-02	
  6.9239e+00	  9.5169e-03	  5.7238e-04	  1.5488e-02	  3.3975e-03	  1.9883e-06	  3.2979e-02	  2.9759e-03	  6.9912e-04	  2.1887e-03	  9.2712e+03	  0.0000e+00	  1.4996e-01	  7.8615e-02	
  6.9236e+00	  9.5199e-03	  5.7249e-04	  1.5493e-02	  3.3988e-03	  1.9898e-06	  3.2993e-02	  2.9773e-03	  6.9923e-04	  2.1899e-03	  9.2746e+03	  0.0000e+00	  1.4996e-01	  7.8603e-02	
  6.9234e+00	  9.5228e-03	  5.7260e-04	  1.5499e-02	  3.4000e-03	  1.9912e-06	  3.3007e-02	  2.9787e-03	  6.9934e-04	  2.1910e-03	  9.2779e+03	  0.0000e+00	  1.4996e-01	  7.8592e-02	
  6.9231e+00	  9.5256e-03	  5.7270e-04	  1.5504e-02	  3.4012e-03	  1.9927e-06	  3.3020e-02	  2.9800e-03	  6.9945e-04	  2.1920e-03	  9.2810e+03	  0.0000e+00	  1.4996e-01	  7.8581e-02	
  6.9228e+00	  9.5283e-03	  5.7280e-04	  1.5510e-02	  3.4024e-03	  1.9940e-06	  3.3033e-02	  2.9813e-03	  6.9955e-04	  2.1930e-03	  9.2841e+03	  0.0000e+00	  1.4996e-01	  7.8570e-02	
  6.9226e+00	  9.5310e-03	  5.7289e-04	  1.5515e-02	  3.4035e-03	  1.9953e-06	  3.3046e-02	  2.9826e-03	  6.9965e-04	  2.1940e-03	  9.2870e+03	  0.0000e+00	  1.4996e-01	  7.8560e-02	
  6.9224e+00	  9.5335e-03	  5.7299e-04	  1.5520e-02	  3.4046e-03	  1.9966e-06	  3.3058e-02	  2.9838e-03	  6.9974e-04	  2.1950e-03	  9.2898e+03	  0.0000e+00	  1.4996e-01	  7.8550e-02	
  6.9221e+00	  9.5359e-03	  5.7307e-04	  1.5524e-02	  3.4056e-03	  1.9979e-06	  3.3069e-02	  2.9850e-03	  6.9983e-04	  2.1959e-03	  9.2926e+03	  0.0000e+00	  1.4996e-01	  7.8541e-02	
  6.9219e+00	  9.5383e-03	  5.7316e-04	  1.5529e-02	  3.4067e-03	  1.9990e-06	  3.3081e-02	  2.9861e-03	  6.9992e-04	  2.1968e-03	  9.2952e+03	  0.0000e+00	  1.4996e-01	  7.8531e-02	
  6.9217e+00	  9.5406e-03	  5.7324e-04	  1.5533e-02	  3.4076e-03	  2.0002e-06	  3.3092e-02	  2.9872e-03	  7.0001e-04	  2.1976e-03	  9.2978e+03	  0.0000e+00	  1.4996e-01	  7.8522e-02	
  6.9215e+00	  9.5428e-03	  5.7332e-04	  1.5537e-02	  3.4086e-03	  2.0013e-06	  3.3102e-02	  2.9882e-03	  7.0009e-04	  2.1985e-03	  9.3002e+03	  0.0000e+00	  1.4996e-01	  7.8514e-02	
  6.9213e+00	  9.5449e-03	  5.7340e-04	  1.5542e-02	  3.4095e-03	  2.0024e-06	  3.3112e-02	  2.9892e-03	  7.0017e-04	  2.1993e-03	  9.3026e+03	  0.0000e+00	  1.4996e-01	  7.8506e-02	
  6.9211e+00	  9.5470e-03	  5.7347e-04	  1.5546e-02	  3.4104e-03	  2.0034e-06	  3.3122e-02	  2.9902e-03	  7.0025e-04	  2.2000e-03	  9.3049e+03	  0.0000e+00	  1.4996e-01	  7.8498e-02	
  6.9209e+00	  9.5489e-03	  5.7355e-04	  1.5549e-02	  3.4112e-03	  2.0044e-06	  3.3131e-02	  2.9912e-03	  7.0032e-04	  2.2008e-03	  9.3071e+03	  0.0000e+00	  1.4996e-01	  7.8490e-02	
  6.9208e+00	  9.5508e-03	  5.7362e-04	  1.5553e-02	  3.4120e-03	  2.0054e-06	  3.3141e-02	  2.9921e-03	  7.0039e-04	  2.2015e-03	  9.3093e+03	  0.0000e+00	  1.4996e-01	  7.8482e-02	
  6.9206e+00	  9.5527e-03	  5.7368e-04	  1.5557e-02	  3.4128e-03	  2.0063e-06	  3.3149e-02	  2.9930e-03	  7.0046e-04	  2.2022e-03	  9.3114e+03	  0.0000e+00	  1.4996e-01	  7.8475e-02	
  6.9204e+00	  9.5545e-03	  5.7375e-04	  1.5560e-02	  3.4136e-03	  2.0072e-06	  3.3158e-02	  2.9938e-03	  7.0053e-04	  2.2029e-03	  9.3134e+03	  0.0000e+00	  1.4996e-01	  7.8468e-02	
  6.9203e+00	  9.5562e-03	  5.7381e-04	  1.5563e-02	  3.4143e-03	  2.0081e-06	  3.3166e-02	  2.9946e-03	  7.0059e-04	  2.2035e-03	  9.3153e+03	  0.0000e+00	  1.4996e-01	  7.8461e-02	
  6.9201e+00	  9.5579e-03	  5.7387e-04	  1.5567e-02	  3.4150e-03	  2.0089e-06	  3.3174e-02	  2.9954e-03	  7.0065e-04	  2.2041e-03	  9.3171e+03	  0.0000e+00	  1.4996e-01	  7.8455e-02	
  6.9200e+00	  9.5595e-03	  5.7393e-04	  1.5570e-02	  3.4157e-03	  2.0097e-06	  3.3182e-02	  2.9962e-03	  7.0071e-04	  2.2047e-03	  9.3189e+03	  0.0000e+00	  1.4996e-01	  7.8449e-02	
  6.9198e+00	  9.5610e-03	  5.7398e-04	  1.5573e-02	  3.4164e-03	  2.0105e-06	  3.3189e-02	  2.9969e-03	  7.0077e-04	  2.2053e-03	  9.3207e+03	  0.0000e+00	  1.4996e-01	  7.8443e-02	
  6.9197e+00	  9.5625e-03	  5.7404e-04	  1.5575e-02	  3.4170e-03	  2.0113e-06	  3.3196e-02	  2.9976e-03	  7.0083e-04	  2.2059e-03	  9.3224e+03	  0.0000e+00	  1.4996e-01	  7.8437e-02	
  6.9195e+00	  9.5640e-03	  5.7409e-04	  1.5578e-02	  3.4176e-03	  2.0120e-06	  3.3203e-02	  2.9983e-03	  7.0088e-04	  2.2064e-03	  9.3240e+03	  0.0000e+00	  1.4996e-01	  7.8431e-02	
  6.9194e+00	  9.5654e-03	  5.7414e-04	  1.5581e-02	  3.4182e-03	  2.0127e-06	  3.3210e-02	  2.9990e-03	  7.0093e-04	  2.2070e-03	  9.3255e+03	  0.0000e+00	  1.4996e-01	  7.8426e-02	
  6.9193e+00	  9.5667e-03	  5.7419e-04	  1.5584e-02	  3.4188e-03	  2.0134e-06	  3.3216e-02	  2.9996e-03	  7.0099e-04	  2.2075e-03	  9.3271e+03	  0.0000e+00	  1.4996e-01	  7.8420e-02	
  6.9192e+00	  9.5680e-03	  5.7424e-04	  1.5586e-02	  3.4194e-03	  2.0140e-06	  3.3222e-02	  3.0003e-03	  7.0103e-04	  2.2080e-03	  9.3285e+03	  0.0000e+00	  1.4996e-01	  7.8415e-02	
  6.9191e+00	  9.5693e-03	  5.7428e-04	  1.5588e-02	  3.4199e-03	  2.0147e-06	  3.3228e-02	  3.0009e-03	  7.0108e-04	  2.2084e-03	  9.3299e+03	  0.0000e+00	  1.4996e-01	  7.8410e-02	
  6.9189e+00	  9.5705e-03	  5.7433e-04	  1.5591e-02	  3.4204e-03	  2.0153e-06	  3.3234e-02	  3.0014e-03	  7.0113e-04	  2.2089e-03	  9.3313e+03	  0.0000e+00	  1.4996e-01	  7.8405e-02	
  6.9188e+00	  9.5717e-03	  5.7437e-04	  1.5593e-02	  3.4209e-03	  2.0159e-06	  3.3240e-02	  3.0020e-03	  7.0117e-04	  2.2093e-03	  9.3326e+03	  0.0000e+00	  1.4996e-01	  7.8401e-02	
  6.9187e+00	  9.5728e-03	  5.7441e-04	  1.5595e-02	  3.4214e-03	  2.0165e-06	  3.3245e-02	  3.0025e-03	  7.0121e-04	  2.2098e-03	  9.3339e+03	  0.0000e+00	  1.4996e-01	  7.8396e-02	
  6.9186e+00	  9.5739e-03	  5.7445e-04	  1.5597e-02	  3.4219e-03	  2.0170e-06	  3.3250e-02	  3.0031e-03	  7.0125e-04	  2.2102e-03	  9.3351e+03	  0.0000e+00	  1.4996e-01	  7.8392e-02	
  6.9185e+00	  9.5749e-03	  5.7449e-04	  1.5599e-02	  3.4223e-03	  2.0175e-06	  3.3255e-02	  3.0036e-03	  7.0129e-04	  2.2106e-03	  9.3363e+03	  0.0000e+00	  1.4996e-01	  7.8388e-02	
  6.9184e+00	  9.5760e-03	  5.7453e-04	  1.5601e-02	  3.4228e-03	  2.0181e-06	  3.3260e-02	  3.0041e-03	  7.0133e-04	  2.2110e-03	  9.3374e+03	  0.0000e+00	  1.4996e-01	  7.8384e-02	
  6.9184e+00	  9.5769e-03	  5.7456e-04	  1.5603e-02	  3.4232e-03	  2.0186e-06	  3.3265e-02	  3.0045e-03	  7.0137e-04	  2.2113e-03	  9.3385e+03	  0.0000e+00	  1.4996e-01	  7.8380e-02	
  6.9183e+00	  9.5779e-03	  5.7460e-04	  1.5605e-02	  3.4236e-03	  2.0190e-06	  3.3269e-02	  3.0050e-03	  7.0140e-04	  2.2117e-03	  9.3396e+03	  0.0000e+00	  1.4996e-01	  7.8376e-02	
  6.9182e+00	  9.5788e-03	  5.7463e-04	  1.5607e-02	  3.4240e-03	  2.0195e-06	  3.3274e-02	  3.0054e-03	  7.0144e-04	  2.2120e-03	  9.3406e+03	  0.0000e+00	  1.4996e-01	  7.8373e-02	
  6.9181e+00	  9.5797e-03	  5.7466e-04	  1.5609e-02	  3.4244e-03	  2.0200e-06	  3.3278e-02	  3.0058e-03	  7.0147e-04	  2.2124e-03	  9.3416e+03	  0.0000e+00	  1.4996e-01	  7.8369e-02	
  6.9180e+00	  9.5806e-03	  5.7469e-04	  1.5610e-02	  3.4247e-03	  2.0204e-06	  3.3282e-02	  3.0062e-03	  7.0150e-04	  2.2127e-03	  9.3425e+03	  0.0000e+00	  1.4996e-01	  7.8366e-02	
  6.9179e+00	  9.5814e-03	  5.7472e-04	  1.5612e-02	  3.4251e-03	  2.0208e-06	  3.3286e-02	  3.0066e-03	  7.0153e-04	  2.2130e-03	  9.3435e+03	  0.0000e+00	  1.4996e-01	  7.8363e-02	
  6.9179e+00	  9.5822e-03	  5.7475e-04	  1.5613e-02	  3.4254e-03	  2.0212e-06	  3.3290e-02	  3.0070e-03	  7.0156e-04	  2.2133e-03	  9.3444e+03	  0.0000e+00	  1.4996e-01	  7.8360e-02	
  6.9178e+00	  9.5829e-03	  5.7478e-04	  1.5615e-02	  3.4257e-03	  2.0216e-06	  3.3293e-02	  3.0074e-03	  7.0159e-04	  2.2136e-03	  9.3452e+03	  0.0000e+00	  1.4996e-01	  7.8356e-02	
  6.9177e+00	  9.5837e-03	  5.7481e-04	  1.5616e-02	  3.4261e-03	  2.0220e-06	  3.3297e-02	  3.0077e-03	  7.0162e-04	  2.2139e-03	  9.3460e+03	  0.0000e+00	  1.4996e-01	  7.8354e-02	
  6.9177e+00	  9.5844e-03	  5.7483e-04	  1.5618e-02	  3.4264e-03	  2.0223e-06	  3.3300e-02	  3.0081e-03	  7.0165e-04	  2.2141e-03	  9.3469e+03	  0.0000e+00	  1.4996e-01	  7.8351e-02	
  6.9176e+00	  9.5851e-03	  5.7486e-04	  1.5619e-02	  3.4267e-03	  2.0227e-06	  3.3304e-02	  3.0084e-03	  7.0167e-04	  2.2144e-03	  9.3476e+03	  0.0000e+00	  1.4996e-01	  7.8348e-02	
  6.9175e+00	  9.5858e-03	  5.7488e-04	  1.5620e-02	  3.4270e-03	  2.0230e-06	  3.3307e-02	  3.0087e-03	  7.0170e-04	  2.2147e-03	  9.3484e+03	  0.0000e+00	  1.4996e-01	  7.8345e-02	
  6.9175e+00	  9.5864e-03	  5.7490e-04	  1.5621e-02	  3.4272e-03	  2.0234e-06	  3.3310e-02	  3.0090e-03	  7.0172e-04	  2.2149e-03	  9.3491e+03	  0.0000e+00	  1.4996e-01	  7.8343e-02	
  6.9174e+00	  9.5870e-03	  5.7493e-04	  1.5623e-02	  3.4275e-03	  2.0237e-06	  3.3313e-02	  3.0093e-03	  7.0174e-04	  2.2151e-03	  9.3498e+03	  0.0000e+00	  1.4996e-01	  7.8340e-02	
  6.9174e+00	  9.5876e-03	  5.7495e-04	  1.5624e-02	  3.4278e-03	  2.0240e-06	  3.3316e-02	  3.0096e-03	  7.0177e-04	  2.2154e-03	  9.3505e+03	  0.0000e+00	  1.4996e-01	  7.8338e-02	
  6.9173e+00	  9.5882e-03	  5.7497e-04	  1.5625e-02	  3.4280e-03	  2.0243e-06	  3.3318e-02	  3.0099e-03	  7.0179e-04	  2.2156e-03	  9.3511e+03	  0.0000e+00	  1.4996e-01	  7.8336e-02	
  6.9173e+00	  9.5888e-03	  5.7499e-04	  1.5626e-02	  3.4282e-03	  2.0246e-06	  3.3321e-02	  3.0102e-03	  7.0181e-04	  2.2158e-03	  9.3518e+03	  0.0000e+00	  1.4996e-01	  7.8334e-02	
  6.9172e+00	  9.5893e-03	  5.7501e-04	  1.5627e-02	  3.4285e-03	  2.0248e-06	  3.3324e-02	  3.0104e-03	  7.0183e-04	  2.2160e-03	  9.3524e+03	  0.0000e+00	  1.4996e-01	  7.8331e-02	
  6.9172e+00	  9.5899e-03	  5.7503e-04	  1.5628e-02	  3.4287e-03	  2.0251e-06	  3.3326e-02	  3.0107e-03	  7.0185e-04	  2.2162e-03	  9.3529e+03	  0.0000e+00	  1.4996e-01	  7.8329e-02	
  6.9171e+00	  9.5904e-03	  5.7505e-04	  1.5629e-02	  3.4289e-03	  2.0254e-06	  3.3329e-02	  3.0109e-03	  7.0187e-04	  2.2164e-03	  9.3535e+03	  0.0000e+00	  1.4996e-01	  7.8327e-02	
  6.9171e+00	  9.5909e-03	  5.7507e-04	  1.5630e-02	  3.4291e-03	  2.0256e-06	  3.3331e-02	  3.0112e-03	  7.0189e-04	  2.2166e-03	  9.3541e+03	  0.0000e+00	  1.4996e-01	  7.8325e-02	
  6.9170e+00	  9.5913e-03	  5.7508e-04	  1.5631e-02	  3.4293e-03	  2.0258e-06	  3.3333e-02	  3.0114e-03	  7.0190e-04	  2.2167e-03	  9.3546e+03	  0.0000e+00	  1.4996e-01	  7.8324e-02	
  6.9170e+00	  9.5918e-03	  5.7510e-04	  1.5632e-02	  3.4295e-03	  2.0261e-06	  3.3335e-02	  3.0116e-03	  7.0192e-04	  2.2169e-03	  9.3551e+03	  0.0000e+00	  1.4996e-01	  7.8322e-02	
  6.9170e+00	  9.5922e-03	  5.7511e-04	  1.5633e-02	  3.4297e-03	  2.0263e-06	  3.3337e-02	  3.0118e-03	  7.0194e-04	  2.2171e-03	  9.3556e+03	  0.0000e+00	  1.4996e-01	  7.8320e-02	
  6.9169e+00	  9.5926e-03	  5.7513e-04	  1.5633e-02	  3.4299e-03	  2.0265e-06	  3.3340e-02	  3.0120e-03	  7.0195e-04	  2.2172e-03	  9.3561e+03	  0.0000e+00	  1.4996e-01	  7.8318e-02	
  6.9169e+00	  9.5931e-03	  5.7514e-04	  1.5634e-02	  3.4301e-03	  2.0267e-06	  3.3341e-02	  3.0122e-03	  7.0197e-04	  2.2174e-03	  9.3565e+03	  0.0000e+00	  1.4996e-01	  7.8317e-02	
  6.9168e+00	  9.5935e-03	  5.7516e-04	  1.5635e-02	  3.4302e-03	  2.0269e-06	  3.3343e-02	  3.0124e-03	  7.0198e-04	  2.2175e-03	  9.3570e+03	  0.0000e+00	  1.4996e-01	  7.8315e-02	
  6.9168e+00	  9.5938e-03	  5.7517e-04	  1.5636e-02	  3.4304e-03	  2.0271e-06	  3.3345e-02	  3.0126e-03	  7.0200e-04	  2.2177e-03	  9.3574e+03	  0.0000e+00	  1.4996e-01	  7.8314e-02	
  6.9168e+00	  9.5942e-03	  5.7519e-04	  1.5636e-02	  3.4306e-03	  2.0273e-06	  3.3347e-02	  3.0128e-03	  7.0201e-04	  2.2178e-03	  9.3578e+03	  0.0000e+00	  1.4996e-01	  7.8312e-02	
  6.9167e+00	  9.5946e-03	  5.7520e-04	  1.5637e-02	  3.4307e-03	  2.0275e-06	  3.3349e-02	  3.0129e-03	  7.0203e-04	  2.2180e-03	  9.3582e+03	  0.0000e+00	  1.4996e-01	  7.8311e-02	
  6.9167e+00	  9.5949e-03	  5.7521e-04	  1.5638e-02	  3.4309e-03	  2.0277e-06	  3.3350e-02	  3.0131e-03	  7.0204e-04	  2.2181e-03	  9.3586e+03	  0.0000e+00	  1.4996e-01	  7.8309e-02	
  6.9167e+00	  9.5952e-03	  5.7522e-04	  1.5638e-02	  3.4310e-03	  2.0278e-06	  3.3352e-02	  3.0132e-03	  7.0205e-04	  2.2182e-03	  9.3590e+03	  0.0000e+00	  1.4996e-01	  7.8308e-02	
  6.9166e+00	  9.5956e-03	  5.7524e-04	  1.5639e-02	  3.4311e-03	  2.0280e-06	  3.3353e-02	  3.0134e-03	  7.0206e-04	  2.2183e-03	  9.3593e+03	  0.0000e+00	  1.4996e-01	  7.8307e-02	
  6.9166e+00	  9.5959e-03	  5.7525e-04	  1.5640e-02	  3.4313e-03	  2.0281e-06	  3.3355e-02	  3.0135e-03	  7.0207e-04	  2.2185e-03	  9.3597e+03	  0.0000e+00	  1.4996e-01	  7.8306e-02	
  6.9166e+00	  9.5962e-03	  5.7526e-04	  1.5640e-02	  3.4314e-03	  2.0283e-06	  3.3356e-02	  3.0137e-03	  7.0209e-04	  2.2186e-03	  9.3600e+03	  0.0000e+00	  1.4996e-01	  7.8304e-02	
  6.9166e+00	  9.5965e-03	  5.7527e-04	  1.5641e-02	  3.4315e-03	  2.0284e-06	  3.3358e-02	  3.0138e-03	  7.0210e-04	  2.2187e-03	  9.3603e+03	  0.0000e+00	  1.4996e-01	  7.8303e-02	
  6.9165e+00	  9.5967e-03	  5.7528e-04	  1.5641e-02	  3.4316e-03	  2.0286e-06	  3.3359e-02	  3.0140e-03	  7.0211e-04	  2.2188e-03	  9.3606e+03	  0.0000e+00	  1.4996e-01	  7.8302e-02	
  6.9165e+00	  9.5970e-03	  5.7529e-04	  1.5642e-02	  3.4318e-03	  2.0287e-06	  3.3360e-02	  3.0141e-03	  7.0212e-04	  2.2189e-03	  9.3609e+03	  0.0000e+00	  1.4996e-01	  7.8301e-02	
  6.9165e+00	  9.5973e-03	  5.7530e-04	  1.5642e-02	  3.4319e-03	  2.0289e-06	  3.3361e-02	  3.0142e-03	  7.0213e-04	  2.2190e-03	  9.3612e+03	  0.0000e+00	  1.4996e-01	  7.8300e-02	
  6.9165e+00	  9.5975e-03	  5.7531e-04	  1.5643e-02	  3.4320e-03	  2.0290e-06	  3.3363e-02	  3.0143e-03	  7.0214e-04	  2.2191e-03	  9.3615e+03	  0.0000e+00	  1.4996e-01	  7.8299e-02	
  6.9164e+00	  9.5978e-03	  5.7532e-04	  1.5643e-02	  3.4321e-03	  2.0291e-06	  3.3364e-02	  3.0145e-03	  7.0214e-04	  2.2192e-03	  9.3618e+03	  0.0000e+00	  1.4996e-01	  7.8298e-02	
  6.9164e+00	  9.5980e-03	  5.7532e-04	  1.5644e-02	  3.4322e-03	  2.0292e-06	  3.3365e-02	  3.0146e-03	  7.0215e-04	  2.2193e-03	  9.3620e+03	  0.0000e+00	  1.4996e-01	  7.8297e-02	
  6.9164e+00	  9.5982e-03	  5.7533e-04	  1.5644e-02	  3.4323e-03	  2.0293e-06	  3.3366e-02	  3.0147e-03	  7.0216e-04	  2.2193e-03	  9.3623e+03	  0.0000e+00	  1.4996e-01	  7.8296e-02	
  6.9164e+00	  9.5984e-03	  5.7534e-04	  1.5645e-02	  3.4324e-03	  2.0295e-06	  3.3367e-02	  3.0148e-03	  7.0217e-04	  2.2194e-03	  9.3625e+03	  0.0000e+00	  1.4996e-01	  7.8296e-02	
  6.9164e+00	  9.5986e-03	  5.7535e-04	  1.5645e-02	  3.4325e-03	  2.0296e-06	  3.3368e-02	  3.0149e-03	  7.0218e-04	  2.2195e-03	  9.3628e+03	  0.0000e+00	  1.4996e-01	  7.8295e-02	
  6.9163e+00	  9.5989e-03	  5.7535e-04	  1.5645e-02	  3.4325e-03	  2.0297e-06	  3.3369e-02	  3.0150e-03	  7.0219e-04	  2.2196e-03	  9.3630e+03	  0.0000e+00	  1.4996e-01	  7.8294e-02	
  6.9163e+00	  9.5990e-03	  5.7536e-04	  1.5646e-02	  3.4326e-03	  2.0298e-06	  3.3370e-02	  3.0151e-03	  7.0219e-04	  2.2197e-03	  9.3632e+03	  0.0000e+00	  1.4996e-01	  7.8293e-02	
  6.9163e+00	  9.5992e-03	  5.7537e-04	  1.5646e-02	  3.4327e-03	  2.0299e-06	  3.3371e-02	  3.0152e-03	  7.0220e-04	  2.2197e-03	  9.3634e+03	  0.0000e+00	  1.4996e-01	  7.8292e-02	
  6.9163e+00	  9.5994e-03	  5.7538e-04	  1.5647e-02	  3.4328e-03	  2.0300e-06	  3.3372e-02	  3.0152e-03	  7.0221e-04	  2.2198e-03	  9.3636e+03	  0.0000e+00	  1.4996e-01	  7.8292e-02	
  6.9163e+00	  9.5996e-03	  5.7538e-04	  1.5647e-02	  3.4329e-03	  2.0300e-06	  3.3373e-02	  3.0153e-03	  7.0221e-04	  2.2199e-03	  9.3638e+03	  0.0000e+00	  1.4996e-01	  7.8291e-02	
