          pH	          Na	           K	          Ca	          Mg	         PO4	          Cl	         SO4	         NH4	        HCO3	          sc	         FeS	      Pyrite	     Calcite	
  6.6644e+00	  4.1755e-03	  3.3043e-04	  4.8964e-03	  1.0614e-03	  4.1174e-05	  6.0679e-03	  1.8024e-04	  4.2255e-04	  9.0118e-06	  2.5751e+03	  0.0000e+00	  0.0000e+00	  0.0000e+00	
  6.6644e+00	  4.1755e-03	  3.3043e-04	  4.8964e-03	  1.0614e-03	  4.1174e-05	  6.0679e-03	  1.8024e-04	  4.2255e-04	  9.0118e-06	  2.5751e+03	  0.0000e+00	  0.0000e+00	  0.0000e+00	
  7.5569e+00	  4.3401e-03	  3.3873e-04	  5.1354e-03	  1.1154e-03	  5.2341e-07	  6.6190e-03	  2.4558e-04	  4.3850e-04	  7.9982e-05	  2.7412e+03	  0.0000e+00	  1.4999e-01	  0.0000e+00	
  7.5884e+00	  4.4678e-03	  3.4410e-04	  5.3088e-03	  1.1538e-03	  4.6012e-07	  7.1680e-03	  3.0853e-04	  4.4527e-04	  1.1363e-04	  2.8815e+03	  0.0000e+00	  1.4999e-01	  0.0000e+00	
  7.6183e+00	  4.5915e-03	  3.4921e-04	  5.4760e-03	  1.1909e-03	  4.0781e-07	  7.6925e-03	  3.6814e-04	  4.5173e-04	  1.4578e-04	  3.0155e+03	  0.0000e+00	  1.4999e-01	  0.0000e+00	
  7.6453e+00	  4.7115e-03	  3.5408e-04	  5.6373e-03	  1.2266e-03	  3.6582e-07	  8.1942e-03	  4.2472e-04	  4.5787e-04	  1.7651e-04	  3.1436e+03	  2.2729e-04	  1.4988e-01	  0.0000e+00	
  7.6389e+00	  4.8285e-03	  3.5878e-04	  5.7966e-03	  1.2618e-03	  3.6508e-07	  8.6771e-03	  4.7865e-04	  4.6316e-04	  2.0583e-04	  3.2671e+03	  5.3153e-03	  1.4733e-01	  0.0000e+00	
  7.6339e+00	  4.9418e-03	  3.6325e-04	  5.9501e-03	  1.2957e-03	  3.6343e-07	  9.1400e-03	  5.3002e-04	  4.6820e-04	  2.3391e-04	  3.3853e+03	  1.0090e-02	  1.4495e-01	  0.0000e+00	
  7.6299e+00	  5.0515e-03	  3.6753e-04	  6.0982e-03	  1.3283e-03	  3.6100e-07	  9.5840e-03	  5.7901e-04	  4.7301e-04	  2.6081e-04	  3.4986e+03	  1.4577e-02	  1.4270e-01	  0.0000e+00	
  7.6269e+00	  5.1578e-03	  3.7162e-04	  6.2409e-03	  1.3599e-03	  3.5792e-07	  1.0010e-02	  6.2579e-04	  4.7760e-04	  2.8660e-04	  3.6071e+03	  1.8798e-02	  1.4059e-01	  0.0000e+00	
  7.6248e+00	  5.2608e-03	  3.7552e-04	  6.3785e-03	  1.3903e-03	  3.5429e-07	  1.0419e-02	  6.7049e-04	  4.8198e-04	  3.1135e-04	  3.7112e+03	  2.2771e-02	  1.3860e-01	  0.0000e+00	
  7.6234e+00	  5.3605e-03	  3.7926e-04	  6.5111e-03	  1.4196e-03	  3.5020e-07	  1.0812e-02	  7.1325e-04	  4.8616e-04	  3.3510e-04	  3.8111e+03	  2.6514e-02	  1.3673e-01	  0.0000e+00	
  7.6228e+00	  5.4571e-03	  3.8283e-04	  6.6391e-03	  1.4479e-03	  3.4574e-07	  1.1189e-02	  7.5418e-04	  4.9016e-04	  3.5792e-04	  3.9069e+03	  3.0043e-02	  1.3497e-01	  0.0000e+00	
  7.6227e+00	  5.5506e-03	  3.8625e-04	  6.7624e-03	  1.4752e-03	  3.4097e-07	  1.1552e-02	  7.9338e-04	  4.9399e-04	  3.7984e-04	  3.9989e+03	  3.3369e-02	  1.3330e-01	  0.0000e+00	
  7.6232e+00	  5.6411e-03	  3.8953e-04	  6.8814e-03	  1.5015e-03	  3.3596e-07	  1.1901e-02	  8.3096e-04	  4.9766e-04	  4.0091e-04	  4.0873e+03	  3.6507e-02	  1.3173e-01	  0.0000e+00	
  7.6241e+00	  5.7287e-03	  3.9267e-04	  6.9961e-03	  1.5270e-03	  3.3076e-07	  1.2237e-02	  8.6700e-04	  5.0117e-04	  4.2117e-04	  4.1722e+03	  3.9467e-02	  1.3025e-01	  0.0000e+00	
  7.6255e+00	  5.8136e-03	  3.9569e-04	  7.1068e-03	  1.5515e-03	  3.2542e-07	  1.2559e-02	  9.0157e-04	  5.0453e-04	  4.4066e-04	  4.2539e+03	  4.2260e-02	  1.2886e-01	  0.0000e+00	
  7.6273e+00	  5.8957e-03	  3.9858e-04	  7.2135e-03	  1.5751e-03	  3.1999e-07	  1.2870e-02	  9.3476e-04	  5.0776e-04	  4.5941e-04	  4.3323e+03	  4.4895e-02	  1.2754e-01	  0.0000e+00	
  7.6295e+00	  5.9751e-03	  4.0135e-04	  7.3164e-03	  1.5979e-03	  3.1450e-07	  1.3169e-02	  9.6663e-04	  5.1086e-04	  4.7745e-04	  4.4078e+03	  4.7383e-02	  1.2629e-01	  0.0000e+00	
  7.6319e+00	  6.0520e-03	  4.0401e-04	  7.4156e-03	  1.6199e-03	  3.0897e-07	  1.3457e-02	  9.9724e-04	  5.1383e-04	  4.9482e-04	  4.4804e+03	  4.9730e-02	  1.2512e-01	  0.0000e+00	
  7.6346e+00	  6.1264e-03	  4.0657e-04	  7.5113e-03	  1.6412e-03	  3.0345e-07	  1.3734e-02	  1.0267e-03	  5.1668e-04	  5.1154e-04	  4.5502e+03	  5.1945e-02	  1.2401e-01	  0.0000e+00	
  7.6375e+00	  6.1984e-03	  4.0902e-04	  7.6037e-03	  1.6616e-03	  2.9795e-07	  1.4001e-02	  1.0549e-03	  5.1942e-04	  5.2764e-04	  4.6174e+03	  5.4036e-02	  1.2297e-01	  0.0000e+00	
  7.6407e+00	  6.2681e-03	  4.1138e-04	  7.6927e-03	  1.6814e-03	  2.9250e-07	  1.4258e-02	  1.0821e-03	  5.2206e-04	  5.4315e-04	  4.6821e+03	  5.6010e-02	  1.2198e-01	  0.0000e+00	
  7.6440e+00	  6.3354e-03	  4.1365e-04	  7.7786e-03	  1.7005e-03	  2.8711e-07	  1.4506e-02	  1.1083e-03	  5.2459e-04	  5.5808e-04	  4.7443e+03	  5.7872e-02	  1.2105e-01	  0.0000e+00	
  7.6464e+00	  6.3997e-03	  4.1577e-04	  7.8581e-03	  1.7182e-03	  2.8287e-07	  1.4745e-02	  1.1335e-03	  5.2692e-04	  5.6076e-04	  4.8029e+03	  5.9435e-02	  1.2026e-01	  3.6660e-04	
  7.6481e+00	  6.4612e-03	  4.1776e-04	  7.9325e-03	  1.7349e-03	  2.7943e-07	  1.4977e-02	  1.1580e-03	  5.2909e-04	  5.5517e-04	  4.8584e+03	  6.0779e-02	  1.1959e-01	  9.7709e-04	
  7.6499e+00	  6.5207e-03	  4.1968e-04	  8.0042e-03	  1.7509e-03	  2.7604e-07	  1.5200e-02	  1.1814e-03	  5.3117e-04	  5.4965e-04	  4.9118e+03	  6.2049e-02	  1.1896e-01	  1.5711e-03	
  7.6518e+00	  6.5782e-03	  4.2152e-04	  8.0733e-03	  1.7664e-03	  2.7270e-07	  1.5416e-02	  1.2041e-03	  5.3318e-04	  5.4422e-04	  4.9633e+03	  6.3249e-02	  1.1836e-01	  2.1489e-03	
  7.6538e+00	  6.6338e-03	  4.2329e-04	  8.1399e-03	  1.7814e-03	  2.6941e-07	  1.5623e-02	  1.2258e-03	  5.3510e-04	  5.3888e-04	  5.0129e+03	  6.4385e-02	  1.1779e-01	  2.7104e-03	
  7.6558e+00	  6.6876e-03	  4.2500e-04	  8.2041e-03	  1.7958e-03	  2.6618e-07	  1.5823e-02	  1.2468e-03	  5.3696e-04	  5.3364e-04	  5.0606e+03	  6.5459e-02	  1.1725e-01	  3.2559e-03	
  7.6579e+00	  6.7396e-03	  4.2664e-04	  8.2661e-03	  1.8097e-03	  2.6302e-07	  1.6016e-02	  1.2670e-03	  5.3874e-04	  5.2850e-04	  5.1066e+03	  6.6475e-02	  1.1674e-01	  3.7856e-03	
  7.6600e+00	  6.7899e-03	  4.2822e-04	  8.3258e-03	  1.8231e-03	  2.5993e-07	  1.6202e-02	  1.2865e-03	  5.4046e-04	  5.2347e-04	  5.1509e+03	  6.7438e-02	  1.1626e-01	  4.2998e-03	
  7.6622e+00	  6.8385e-03	  4.2974e-04	  8.3834e-03	  1.8361e-03	  2.5691e-07	  1.6381e-02	  1.3052e-03	  5.4211e-04	  5.1856e-04	  5.1936e+03	  6.8350e-02	  1.1580e-01	  4.7987e-03	
  7.6644e+00	  6.8855e-03	  4.3121e-04	  8.4389e-03	  1.8485e-03	  2.5397e-07	  1.6554e-02	  1.3233e-03	  5.4370e-04	  5.1376e-04	  5.2347e+03	  6.9214e-02	  1.1537e-01	  5.2825e-03	
  7.6666e+00	  6.9309e-03	  4.3262e-04	  8.4925e-03	  1.8606e-03	  2.5110e-07	  1.6721e-02	  1.3407e-03	  5.4523e-04	  5.0908e-04	  5.2744e+03	  7.0034e-02	  1.1496e-01	  5.7517e-03	
  7.6688e+00	  6.9748e-03	  4.3398e-04	  8.5441e-03	  1.8722e-03	  2.4830e-07	  1.6882e-02	  1.3575e-03	  5.4671e-04	  5.0452e-04	  5.3126e+03	  7.0811e-02	  1.1457e-01	  6.2064e-03	
  7.6710e+00	  7.0173e-03	  4.3528e-04	  8.5940e-03	  1.8834e-03	  2.4559e-07	  1.7037e-02	  1.3736e-03	  5.4813e-04	  5.0008e-04	  5.3495e+03	  7.1549e-02	  1.1420e-01	  6.6471e-03	
  7.6732e+00	  7.0583e-03	  4.3654e-04	  8.6420e-03	  1.8942e-03	  2.4294e-07	  1.7186e-02	  1.3892e-03	  5.4950e-04	  4.9576e-04	  5.3850e+03	  7.2249e-02	  1.1385e-01	  7.0739e-03	
  7.6754e+00	  7.0980e-03	  4.3776e-04	  8.6884e-03	  1.9047e-03	  2.4038e-07	  1.7331e-02	  1.4042e-03	  5.5081e-04	  4.9156e-04	  5.4192e+03	  7.2914e-02	  1.1352e-01	  7.4874e-03	
  7.6776e+00	  7.1363e-03	  4.3892e-04	  8.7331e-03	  1.9148e-03	  2.3789e-07	  1.7470e-02	  1.4187e-03	  5.5208e-04	  4.8748e-04	  5.4522e+03	  7.3545e-02	  1.1320e-01	  7.8877e-03	
  7.6798e+00	  7.1734e-03	  4.4005e-04	  8.7763e-03	  1.9245e-03	  2.3548e-07	  1.7604e-02	  1.4327e-03	  5.5331e-04	  4.8352e-04	  5.4840e+03	  7.4146e-02	  1.1290e-01	  8.2753e-03	
  7.6819e+00	  7.2092e-03	  4.4114e-04	  8.8179e-03	  1.9339e-03	  2.3314e-07	  1.7734e-02	  1.4462e-03	  5.5449e-04	  4.7967e-04	  5.5147e+03	  7.4717e-02	  1.1262e-01	  8.6504e-03	
  7.6840e+00	  7.2438e-03	  4.4218e-04	  8.8580e-03	  1.9429e-03	  2.3087e-07	  1.7859e-02	  1.4591e-03	  5.5563e-04	  4.7593e-04	  5.5443e+03	  7.5259e-02	  1.1235e-01	  9.0134e-03	
  7.6861e+00	  7.2773e-03	  4.4319e-04	  8.8968e-03	  1.9516e-03	  2.2868e-07	  1.7979e-02	  1.4717e-03	  5.5672e-04	  4.7231e-04	  5.5729e+03	  7.5776e-02	  1.1209e-01	  9.3647e-03	
  7.6882e+00	  7.3096e-03	  4.4416e-04	  8.9341e-03	  1.9601e-03	  2.2655e-07	  1.8096e-02	  1.4837e-03	  5.5778e-04	  4.6880e-04	  5.6004e+03	  7.6268e-02	  1.1184e-01	  9.7045e-03	
  7.6903e+00	  7.3408e-03	  4.4510e-04	  8.9702e-03	  1.9682e-03	  2.2449e-07	  1.8208e-02	  1.4954e-03	  5.5880e-04	  4.6540e-04	  5.6269e+03	  7.6736e-02	  1.1161e-01	  1.0033e-02	
  7.6923e+00	  7.3710e-03	  4.4600e-04	  9.0050e-03	  1.9761e-03	  2.2250e-07	  1.8316e-02	  1.5066e-03	  5.5978e-04	  4.6210e-04	  5.6525e+03	  7.7181e-02	  1.1138e-01	  1.0351e-02	
  7.6942e+00	  7.4002e-03	  4.4687e-04	  9.0386e-03	  1.9836e-03	  2.2058e-07	  1.8421e-02	  1.5174e-03	  5.6073e-04	  4.5891e-04	  5.6772e+03	  7.7606e-02	  1.1117e-01	  1.0659e-02	
  7.6962e+00	  7.4284e-03	  4.4771e-04	  9.0710e-03	  1.9910e-03	  2.1872e-07	  1.8521e-02	  1.5279e-03	  5.6165e-04	  4.5582e-04	  5.7010e+03	  7.8011e-02	  1.1097e-01	  1.0956e-02	
  7.6981e+00	  7.4556e-03	  4.4852e-04	  9.1022e-03	  1.9980e-03	  2.1692e-07	  1.8619e-02	  1.5380e-03	  5.6253e-04	  4.5283e-04	  5.7240e+03	  7.8397e-02	  1.1077e-01	  1.1243e-02	
  7.7000e+00	  7.4820e-03	  4.4930e-04	  9.1324e-03	  2.0048e-03	  2.1518e-07	  1.8713e-02	  1.5477e-03	  5.6338e-04	  4.4994e-04	  5.7462e+03	  7.8765e-02	  1.1059e-01	  1.1521e-02	
  7.7018e+00	  7.5074e-03	  4.5005e-04	  9.1615e-03	  2.0114e-03	  2.1350e-07	  1.8803e-02	  1.5571e-03	  5.6420e-04	  4.4714e-04	  5.7676e+03	  7.9117e-02	  1.1041e-01	  1.1790e-02	
  7.7036e+00	  7.5320e-03	  4.5078e-04	  9.1896e-03	  2.0177e-03	  2.1188e-07	  1.8891e-02	  1.5661e-03	  5.6499e-04	  4.4443e-04	  5.7882e+03	  7.9452e-02	  1.1025e-01	  1.2049e-02	
  7.7053e+00	  7.5557e-03	  4.5148e-04	  9.2167e-03	  2.0239e-03	  2.1031e-07	  1.8975e-02	  1.5749e-03	  5.6575e-04	  4.4181e-04	  5.8081e+03	  7.9772e-02	  1.1009e-01	  1.2300e-02	
  7.7070e+00	  7.5786e-03	  4.5215e-04	  9.2429e-03	  2.0298e-03	  2.0880e-07	  1.9057e-02	  1.5833e-03	  5.6649e-04	  4.3927e-04	  5.8273e+03	  8.0078e-02	  1.0993e-01	  1.2543e-02	
  7.7087e+00	  7.6008e-03	  4.5280e-04	  9.2681e-03	  2.0355e-03	  2.0734e-07	  1.9135e-02	  1.5914e-03	  5.6720e-04	  4.3682e-04	  5.8458e+03	  8.0370e-02	  1.0979e-01	  1.2777e-02	
  7.7103e+00	  7.6222e-03	  4.5343e-04	  9.2925e-03	  2.0410e-03	  2.0593e-07	  1.9211e-02	  1.5992e-03	  5.6789e-04	  4.3445e-04	  5.8637e+03	  8.0649e-02	  1.0965e-01	  1.3003e-02	
  7.7119e+00	  7.6429e-03	  4.5404e-04	  9.3160e-03	  2.0463e-03	  2.0457e-07	  1.9284e-02	  1.6068e-03	  5.6855e-04	  4.3217e-04	  5.8810e+03	  8.0916e-02	  1.0951e-01	  1.3222e-02	
  7.7135e+00	  7.6629e-03	  4.5462e-04	  9.3387e-03	  2.0515e-03	  2.0325e-07	  1.9355e-02	  1.6141e-03	  5.6919e-04	  4.2995e-04	  5.8976e+03	  8.1171e-02	  1.0938e-01	  1.3434e-02	
  7.7150e+00	  7.6822e-03	  4.5519e-04	  9.3607e-03	  2.0564e-03	  2.0198e-07	  1.9423e-02	  1.6212e-03	  5.6981e-04	  4.2782e-04	  5.9137e+03	  8.1415e-02	  1.0926e-01	  1.3638e-02	
  7.7165e+00	  7.7009e-03	  4.5573e-04	  9.3818e-03	  2.0612e-03	  2.0076e-07	  1.9489e-02	  1.6280e-03	  5.7040e-04	  4.2575e-04	  5.9292e+03	  8.1648e-02	  1.0915e-01	  1.3835e-02	
  7.7179e+00	  7.7189e-03	  4.5625e-04	  9.4022e-03	  2.0658e-03	  1.9958e-07	  1.9553e-02	  1.6345e-03	  5.7097e-04	  4.2375e-04	  5.9441e+03	  8.1871e-02	  1.0903e-01	  1.4026e-02	
  7.7193e+00	  7.7363e-03	  4.5676e-04	  9.4219e-03	  2.0703e-03	  1.9844e-07	  1.9614e-02	  1.6409e-03	  5.7153e-04	  4.2183e-04	  5.9586e+03	  8.2085e-02	  1.0893e-01	  1.4210e-02	
  7.7207e+00	  7.7531e-03	  4.5725e-04	  9.4409e-03	  2.0746e-03	  1.9734e-07	  1.9673e-02	  1.6470e-03	  5.7206e-04	  4.1996e-04	  5.9725e+03	  8.2290e-02	  1.0882e-01	  1.4388e-02	
  7.7220e+00	  7.7693e-03	  4.5772e-04	  9.4593e-03	  2.0787e-03	  1.9627e-07	  1.9730e-02	  1.6529e-03	  5.7258e-04	  4.1816e-04	  5.9859e+03	  8.2486e-02	  1.0873e-01	  1.4560e-02	
  7.7233e+00	  7.7850e-03	  4.5817e-04	  9.4770e-03	  2.0828e-03	  1.9525e-07	  1.9785e-02	  1.6585e-03	  5.7308e-04	  4.1643e-04	  5.9989e+03	  8.2673e-02	  1.0863e-01	  1.4726e-02	
  7.7246e+00	  7.8002e-03	  4.5861e-04	  9.4941e-03	  2.0866e-03	  1.9426e-07	  1.9839e-02	  1.6640e-03	  5.7356e-04	  4.1475e-04	  6.0114e+03	  8.2853e-02	  1.0854e-01	  1.4886e-02	
  7.7258e+00	  7.8148e-03	  4.5903e-04	  9.5106e-03	  2.0904e-03	  1.9331e-07	  1.9890e-02	  1.6693e-03	  5.7402e-04	  4.1313e-04	  6.0235e+03	  8.3025e-02	  1.0846e-01	  1.5041e-02	
  7.7270e+00	  7.8289e-03	  4.5944e-04	  9.5265e-03	  2.0940e-03	  1.9239e-07	  1.9940e-02	  1.6745e-03	  5.7447e-04	  4.1156e-04	  6.0352e+03	  8.3191e-02	  1.0837e-01	  1.5190e-02	
  7.7282e+00	  7.8426e-03	  4.5984e-04	  9.5419e-03	  2.0975e-03	  1.9150e-07	  1.9988e-02	  1.6794e-03	  5.7490e-04	  4.1005e-04	  6.0464e+03	  8.3349e-02	  1.0829e-01	  1.5335e-02	
  7.7293e+00	  7.8558e-03	  4.6022e-04	  9.5568e-03	  2.1008e-03	  1.9064e-07	  2.0034e-02	  1.6842e-03	  5.7532e-04	  4.0859e-04	  6.0573e+03	  8.3501e-02	  1.0822e-01	  1.5474e-02	
  7.7304e+00	  7.8685e-03	  4.6058e-04	  9.5711e-03	  2.1041e-03	  1.8982e-07	  2.0078e-02	  1.6888e-03	  5.7572e-04	  4.0718e-04	  6.0678e+03	  8.3647e-02	  1.0814e-01	  1.5609e-02	
  7.7314e+00	  7.8809e-03	  4.6094e-04	  9.5849e-03	  2.1072e-03	  1.8902e-07	  2.0121e-02	  1.6932e-03	  5.7611e-04	  4.0582e-04	  6.0779e+03	  8.3786e-02	  1.0807e-01	  1.5739e-02	
  7.7325e+00	  7.8927e-03	  4.6128e-04	  9.5983e-03	  2.1102e-03	  1.8825e-07	  2.0163e-02	  1.6975e-03	  5.7649e-04	  4.0451e-04	  6.0877e+03	  8.3921e-02	  1.0801e-01	  1.5865e-02	
  7.7334e+00	  7.9042e-03	  4.6161e-04	  9.6112e-03	  2.1132e-03	  1.8751e-07	  2.0203e-02	  1.7016e-03	  5.7685e-04	  4.0324e-04	  6.0971e+03	  8.4049e-02	  1.0794e-01	  1.5986e-02	
  7.7344e+00	  7.9153e-03	  4.6193e-04	  9.6236e-03	  2.1160e-03	  1.8679e-07	  2.0242e-02	  1.7056e-03	  5.7720e-04	  4.0201e-04	  6.1062e+03	  8.4173e-02	  1.0788e-01	  1.6104e-02	
  7.7354e+00	  7.9260e-03	  4.6223e-04	  9.6356e-03	  2.1187e-03	  1.8610e-07	  2.0279e-02	  1.7095e-03	  5.7754e-04	  4.0083e-04	  6.1150e+03	  8.4292e-02	  1.0782e-01	  1.6217e-02	
  7.7363e+00	  7.9364e-03	  4.6253e-04	  9.6472e-03	  2.1213e-03	  1.8543e-07	  2.0316e-02	  1.7132e-03	  5.7786e-04	  3.9969e-04	  6.1235e+03	  8.4406e-02	  1.0776e-01	  1.6326e-02	
  7.7371e+00	  7.9464e-03	  4.6282e-04	  9.6584e-03	  2.1239e-03	  1.8479e-07	  2.0350e-02	  1.7168e-03	  5.7818e-04	  3.9858e-04	  6.1317e+03	  8.4515e-02	  1.0771e-01	  1.6432e-02	
  7.7380e+00	  7.9560e-03	  4.6309e-04	  9.6693e-03	  2.1263e-03	  1.8417e-07	  2.0384e-02	  1.7202e-03	  5.7848e-04	  3.9752e-04	  6.1396e+03	  8.4620e-02	  1.0766e-01	  1.6534e-02	
  7.7388e+00	  7.9653e-03	  4.6336e-04	  9.6797e-03	  2.1287e-03	  1.8357e-07	  2.0417e-02	  1.7236e-03	  5.7878e-04	  3.9649e-04	  6.1472e+03	  8.4721e-02	  1.0761e-01	  1.6632e-02	
  7.7396e+00	  7.9743e-03	  4.6362e-04	  9.6898e-03	  2.1310e-03	  1.8299e-07	  2.0448e-02	  1.7268e-03	  5.7906e-04	  3.9550e-04	  6.1546e+03	  8.4818e-02	  1.0756e-01	  1.6727e-02	
  7.7404e+00	  7.9830e-03	  4.6386e-04	  9.6995e-03	  2.1332e-03	  1.8244e-07	  2.0478e-02	  1.7299e-03	  5.7933e-04	  3.9454e-04	  6.1617e+03	  8.4912e-02	  1.0751e-01	  1.6819e-02	
  7.7412e+00	  7.9914e-03	  4.6410e-04	  9.7089e-03	  2.1353e-03	  1.8190e-07	  2.0507e-02	  1.7330e-03	  5.7960e-04	  3.9361e-04	  6.1685e+03	  8.5001e-02	  1.0747e-01	  1.6908e-02	
  7.7419e+00	  7.9995e-03	  4.6434e-04	  9.7179e-03	  2.1374e-03	  1.8138e-07	  2.0536e-02	  1.7359e-03	  5.7985e-04	  3.9272e-04	  6.1752e+03	  8.5087e-02	  1.0742e-01	  1.6993e-02	
  7.7426e+00	  8.0074e-03	  4.6456e-04	  9.7267e-03	  2.1393e-03	  1.8088e-07	  2.0563e-02	  1.7387e-03	  5.8010e-04	  3.9186e-04	  6.1816e+03	  8.5170e-02	  1.0738e-01	  1.7076e-02	
  7.7433e+00	  8.0149e-03	  4.6477e-04	  9.7351e-03	  2.1413e-03	  1.8040e-07	  2.0589e-02	  1.7414e-03	  5.8033e-04	  3.9103e-04	  6.1877e+03	  8.5250e-02	  1.0734e-01	  1.7156e-02	
  7.7440e+00	  8.0223e-03	  4.6498e-04	  9.7433e-03	  2.1431e-03	  1.7993e-07	  2.0615e-02	  1.7440e-03	  5.8056e-04	  3.9022e-04	  6.1937e+03	  8.5327e-02	  1.0730e-01	  1.7233e-02	
  7.7446e+00	  8.0293e-03	  4.6518e-04	  9.7512e-03	  2.1449e-03	  1.7948e-07	  2.0639e-02	  1.7465e-03	  5.8079e-04	  3.8945e-04	  6.1994e+03	  8.5400e-02	  1.0727e-01	  1.7307e-02	
  7.7452e+00	  8.0361e-03	  4.6538e-04	  9.7588e-03	  2.1466e-03	  1.7905e-07	  2.0663e-02	  1.7489e-03	  5.8100e-04	  3.8870e-04	  6.2050e+03	  8.5471e-02	  1.0723e-01	  1.7379e-02	
  7.7458e+00	  8.0427e-03	  4.6556e-04	  9.7661e-03	  2.1483e-03	  1.7863e-07	  2.0686e-02	  1.7513e-03	  5.8121e-04	  3.8797e-04	  6.2104e+03	  8.5540e-02	  1.0720e-01	  1.7448e-02	
  7.7464e+00	  8.0491e-03	  4.6575e-04	  9.7732e-03	  2.1499e-03	  1.7822e-07	  2.0708e-02	  1.7536e-03	  5.8141e-04	  3.8728e-04	  6.2155e+03	  8.5605e-02	  1.0716e-01	  1.7515e-02	
  7.7470e+00	  8.0552e-03	  4.6592e-04	  9.7801e-03	  2.1514e-03	  1.7783e-07	  2.0729e-02	  1.7558e-03	  5.8160e-04	  3.8660e-04	  6.2205e+03	  8.5669e-02	  1.0713e-01	  1.7580e-02	
  7.7475e+00	  8.0611e-03	  4.6609e-04	  9.7867e-03	  2.1529e-03	  1.7746e-07	  2.0750e-02	  1.7579e-03	  5.8178e-04	  3.8595e-04	  6.2254e+03	  8.5729e-02	  1.0710e-01	  1.7643e-02	
  7.7481e+00	  8.0669e-03	  4.6625e-04	  9.7930e-03	  2.1544e-03	  1.7709e-07	  2.0770e-02	  1.7599e-03	  5.8196e-04	  3.8532e-04	  6.2300e+03	  8.5788e-02	  1.0707e-01	  1.7703e-02	
  7.7486e+00	  8.0724e-03	  4.6641e-04	  9.7992e-03	  2.1558e-03	  1.7674e-07	  2.0789e-02	  1.7619e-03	  5.8214e-04	  3.8472e-04	  6.2345e+03	  8.5844e-02	  1.0704e-01	  1.7761e-02	
  7.7491e+00	  8.0777e-03	  4.6656e-04	  9.8051e-03	  2.1571e-03	  1.7640e-07	  2.0807e-02	  1.7638e-03	  5.8230e-04	  3.8413e-04	  6.2389e+03	  8.5899e-02	  1.0702e-01	  1.7818e-02	
  7.7496e+00	  8.0829e-03	  4.6670e-04	  9.8109e-03	  2.1584e-03	  1.7608e-07	  2.0825e-02	  1.7656e-03	  5.8247e-04	  3.8357e-04	  6.2431e+03	  8.5951e-02	  1.0699e-01	  1.7872e-02	
  7.7500e+00	  8.0879e-03	  4.6685e-04	  9.8164e-03	  2.1597e-03	  1.7576e-07	  2.0842e-02	  1.7674e-03	  5.8262e-04	  3.8302e-04	  6.2471e+03	  8.6001e-02	  1.0696e-01	  1.7924e-02	
  7.7505e+00	  8.0927e-03	  4.6698e-04	  9.8218e-03	  2.1609e-03	  1.7546e-07	  2.0859e-02	  1.7691e-03	  5.8277e-04	  3.8249e-04	  6.2510e+03	  8.6050e-02	  1.0694e-01	  1.7975e-02	
  7.7509e+00	  8.0973e-03	  4.6711e-04	  9.8269e-03	  2.1621e-03	  1.7517e-07	  2.0875e-02	  1.7708e-03	  5.8292e-04	  3.8198e-04	  6.2548e+03	  8.6096e-02	  1.0692e-01	  1.8024e-02	
  7.7513e+00	  8.1018e-03	  4.6724e-04	  9.8319e-03	  2.1632e-03	  1.7488e-07	  2.0891e-02	  1.7724e-03	  5.8306e-04	  3.8149e-04	  6.2584e+03	  8.6141e-02	  1.0689e-01	  1.8071e-02	
  7.7517e+00	  8.1061e-03	  4.6736e-04	  9.8368e-03	  2.1643e-03	  1.7461e-07	  2.0906e-02	  1.7739e-03	  5.8319e-04	  3.8102e-04	  6.2619e+03	  8.6185e-02	  1.0687e-01	  1.8117e-02	
  7.7521e+00	  8.1103e-03	  4.6748e-04	  9.8414e-03	  2.1654e-03	  1.7435e-07	  2.0920e-02	  1.7754e-03	  5.8332e-04	  3.8056e-04	  6.2653e+03	  8.6226e-02	  1.0685e-01	  1.8161e-02	
  7.7525e+00	  8.1143e-03	  4.6760e-04	  9.8459e-03	  2.1664e-03	  1.7409e-07	  2.0934e-02	  1.7768e-03	  5.8345e-04	  3.8012e-04	  6.2686e+03	  8.6266e-02	  1.0683e-01	  1.8203e-02	
  7.7529e+00	  8.1182e-03	  4.6771e-04	  9.8502e-03	  2.1674e-03	  1.7385e-07	  2.0948e-02	  1.7782e-03	  5.8357e-04	  3.7969e-04	  6.2718e+03	  8.6305e-02	  1.0681e-01	  1.8244e-02	
  7.7532e+00	  8.1220e-03	  4.6781e-04	  9.8544e-03	  2.1683e-03	  1.7361e-07	  2.0961e-02	  1.7796e-03	  5.8369e-04	  3.7928e-04	  6.2748e+03	  8.6342e-02	  1.0679e-01	  1.8284e-02	
  7.7536e+00	  8.1257e-03	  4.6792e-04	  9.8585e-03	  2.1692e-03	  1.7338e-07	  2.0973e-02	  1.7809e-03	  5.8380e-04	  3.7888e-04	  6.2778e+03	  8.6378e-02	  1.0677e-01	  1.8322e-02	
  7.7539e+00	  8.1292e-03	  4.6801e-04	  9.8624e-03	  2.1701e-03	  1.7316e-07	  2.0985e-02	  1.7821e-03	  5.8391e-04	  3.7850e-04	  6.2806e+03	  8.6413e-02	  1.0676e-01	  1.8359e-02	
  7.7542e+00	  8.1326e-03	  4.6811e-04	  9.8661e-03	  2.1710e-03	  1.7295e-07	  2.0997e-02	  1.7833e-03	  5.8402e-04	  3.7813e-04	  6.2834e+03	  8.6446e-02	  1.0674e-01	  1.8395e-02	
  7.7545e+00	  8.1358e-03	  4.6820e-04	  9.8698e-03	  2.1718e-03	  1.7274e-07	  2.1009e-02	  1.7845e-03	  5.8412e-04	  3.7777e-04	  6.2860e+03	  8.6479e-02	  1.0672e-01	  1.8429e-02	
  7.7549e+00	  8.1390e-03	  4.6829e-04	  9.8733e-03	  2.1726e-03	  1.7254e-07	  2.1020e-02	  1.7856e-03	  5.8422e-04	  3.7743e-04	  6.2886e+03	  8.6510e-02	  1.0671e-01	  1.8463e-02	
  7.7551e+00	  8.1420e-03	  4.6838e-04	  9.8767e-03	  2.1734e-03	  1.7235e-07	  2.1030e-02	  1.7867e-03	  5.8432e-04	  3.7709e-04	  6.2911e+03	  8.6540e-02	  1.0669e-01	  1.8495e-02	
  7.7554e+00	  8.1450e-03	  4.6846e-04	  9.8799e-03	  2.1741e-03	  1.7217e-07	  2.1040e-02	  1.7878e-03	  5.8441e-04	  3.7677e-04	  6.2935e+03	  8.6568e-02	  1.0668e-01	  1.8526e-02	
  7.7557e+00	  8.1478e-03	  4.6854e-04	  9.8831e-03	  2.1748e-03	  1.7199e-07	  2.1050e-02	  1.7888e-03	  5.8450e-04	  3.7646e-04	  6.2958e+03	  8.6596e-02	  1.0667e-01	  1.8556e-02	
  7.7560e+00	  8.1506e-03	  4.6862e-04	  9.8862e-03	  2.1755e-03	  1.7181e-07	  2.1060e-02	  1.7897e-03	  5.8458e-04	  3.7616e-04	  6.2980e+03	  8.6623e-02	  1.0665e-01	  1.8585e-02	
  7.7562e+00	  8.1533e-03	  4.6869e-04	  9.8891e-03	  2.1762e-03	  1.7165e-07	  2.1069e-02	  1.7907e-03	  5.8467e-04	  3.7587e-04	  6.3002e+03	  8.6649e-02	  1.0664e-01	  1.8613e-02	
  7.7565e+00	  8.1558e-03	  4.6877e-04	  9.8919e-03	  2.1768e-03	  1.7149e-07	  2.1078e-02	  1.7916e-03	  5.8475e-04	  3.7559e-04	  6.3022e+03	  8.6674e-02	  1.0663e-01	  1.8640e-02	
  7.7567e+00	  8.1583e-03	  4.6884e-04	  9.8947e-03	  2.1775e-03	  1.7133e-07	  2.1086e-02	  1.7925e-03	  5.8482e-04	  3.7532e-04	  6.3042e+03	  8.6698e-02	  1.0661e-01	  1.8666e-02	
  7.7569e+00	  8.1607e-03	  4.6890e-04	  9.8973e-03	  2.1781e-03	  1.7118e-07	  2.1094e-02	  1.7933e-03	  5.8490e-04	  3.7506e-04	  6.3062e+03	  8.6721e-02	  1.0660e-01	  1.8691e-02	
  7.7571e+00	  8.1630e-03	  4.6897e-04	  9.8999e-03	  2.1787e-03	  1.7104e-07	  2.1102e-02	  1.7941e-03	  5.8497e-04	  3.7481e-04	  6.3080e+03	  8.6743e-02	  1.0659e-01	  1.8715e-02	
  7.7574e+00	  8.1652e-03	  4.6903e-04	  9.9024e-03	  2.1792e-03	  1.7090e-07	  2.1110e-02	  1.7949e-03	  5.8504e-04	  3.7456e-04	  6.3099e+03	  8.6765e-02	  1.0658e-01	  1.8739e-02	
  7.7576e+00	  8.1674e-03	  4.6909e-04	  9.9048e-03	  2.1798e-03	  1.7076e-07	  2.1118e-02	  1.7957e-03	  5.8511e-04	  3.7433e-04	  6.3116e+03	  8.6786e-02	  1.0657e-01	  1.8761e-02	
  7.7578e+00	  8.1695e-03	  4.6915e-04	  9.9071e-03	  2.1803e-03	  1.7063e-07	  2.1125e-02	  1.7964e-03	  5.8517e-04	  3.7410e-04	  6.3133e+03	  8.6806e-02	  1.0656e-01	  1.8783e-02	
  7.7580e+00	  8.1715e-03	  4.6921e-04	  9.9093e-03	  2.1808e-03	  1.7051e-07	  2.1132e-02	  1.7972e-03	  5.8523e-04	  3.7388e-04	  6.3149e+03	  8.6825e-02	  1.0655e-01	  1.8804e-02	
  7.7581e+00	  8.1734e-03	  4.6926e-04	  9.9115e-03	  2.1813e-03	  1.7039e-07	  2.1138e-02	  1.7978e-03	  5.8530e-04	  3.7367e-04	  6.3165e+03	  8.6844e-02	  1.0654e-01	  1.8825e-02	
  7.7583e+00	  8.1753e-03	  4.6932e-04	  9.9135e-03	  2.1817e-03	  1.7027e-07	  2.1145e-02	  1.7985e-03	  5.8535e-04	  3.7347e-04	  6.3180e+03	  8.6862e-02	  1.0653e-01	  1.8844e-02	
  7.7585e+00	  8.1771e-03	  4.6937e-04	  9.9155e-03	  2.1822e-03	  1.7016e-07	  2.1151e-02	  1.7991e-03	  5.8541e-04	  3.7327e-04	  6.3195e+03	  8.6879e-02	  1.0652e-01	  1.8863e-02	
  7.7587e+00	  8.1788e-03	  4.6942e-04	  9.9175e-03	  2.1826e-03	  1.7005e-07	  2.1157e-02	  1.7998e-03	  5.8546e-04	  3.7308e-04	  6.3209e+03	  8.6896e-02	  1.0652e-01	  1.8882e-02	
  7.7588e+00	  8.1805e-03	  4.6946e-04	  9.9193e-03	  2.1831e-03	  1.6994e-07	  2.1163e-02	  1.8004e-03	  5.8552e-04	  3.7290e-04	  6.3222e+03	  8.6912e-02	  1.0651e-01	  1.8899e-02	
  7.7590e+00	  8.1821e-03	  4.6951e-04	  9.9211e-03	  2.1835e-03	  1.6984e-07	  2.1169e-02	  1.8009e-03	  5.8557e-04	  3.7272e-04	  6.3235e+03	  8.6927e-02	  1.0650e-01	  1.8917e-02	
  7.7591e+00	  8.1837e-03	  4.6955e-04	  9.9229e-03	  2.1839e-03	  1.6974e-07	  2.1174e-02	  1.8015e-03	  5.8562e-04	  3.7255e-04	  6.3248e+03	  8.6942e-02	  1.0649e-01	  1.8933e-02	
  7.7593e+00	  8.1852e-03	  4.6960e-04	  9.9246e-03	  2.1843e-03	  1.6965e-07	  2.1179e-02	  1.8020e-03	  5.8566e-04	  3.7239e-04	  6.3260e+03	  8.6957e-02	  1.0648e-01	  1.8949e-02	
  7.7594e+00	  8.1867e-03	  4.6964e-04	  9.9262e-03	  2.1846e-03	  1.6956e-07	  2.1184e-02	  1.8026e-03	  5.8571e-04	  3.7223e-04	  6.3272e+03	  8.6971e-02	  1.0648e-01	  1.8964e-02	
  7.7596e+00	  8.1881e-03	  4.6968e-04	  9.9278e-03	  2.1850e-03	  1.6947e-07	  2.1189e-02	  1.8031e-03	  5.8575e-04	  3.7207e-04	  6.3284e+03	  8.6984e-02	  1.0647e-01	  1.8979e-02	
  7.7597e+00	  8.1895e-03	  4.6972e-04	  9.9293e-03	  2.1853e-03	  1.6938e-07	  2.1194e-02	  1.8035e-03	  5.8580e-04	  3.7192e-04	  6.3295e+03	  8.6997e-02	  1.0646e-01	  1.8994e-02	
  7.7598e+00	  8.1908e-03	  4.6975e-04	  9.9307e-03	  2.1857e-03	  1.6930e-07	  2.1199e-02	  1.8040e-03	  5.8584e-04	  3.7178e-04	  6.3305e+03	  8.7010e-02	  1.0646e-01	  1.9008e-02	
  7.7600e+00	  8.1921e-03	  4.6979e-04	  9.9321e-03	  2.1860e-03	  1.6922e-07	  2.1203e-02	  1.8045e-03	  5.8588e-04	  3.7164e-04	  6.3316e+03	  8.7022e-02	  1.0645e-01	  1.9021e-02	
  7.7601e+00	  8.1933e-03	  4.6982e-04	  9.9335e-03	  2.1863e-03	  1.6915e-07	  2.1207e-02	  1.8049e-03	  5.8592e-04	  3.7151e-04	  6.3326e+03	  8.7034e-02	  1.0645e-01	  1.9034e-02	
  7.7602e+00	  8.1945e-03	  4.6986e-04	  9.9348e-03	  2.1866e-03	  1.6907e-07	  2.1211e-02	  1.8053e-03	  5.8595e-04	  3.7138e-04	  6.3335e+03	  8.7045e-02	  1.0644e-01	  1.9046e-02	
  7.7603e+00	  8.1956e-03	  4.6989e-04	  9.9361e-03	  2.1869e-03	  1.6900e-07	  2.1215e-02	  1.8057e-03	  5.8599e-04	  3.7125e-04	  6.3345e+03	  8.7056e-02	  1.0643e-01	  1.9058e-02	
  7.7604e+00	  8.1968e-03	  4.6992e-04	  9.9373e-03	  2.1872e-03	  1.6893e-07	  2.1219e-02	  1.8061e-03	  5.8602e-04	  3.7113e-04	  6.3354e+03	  8.7066e-02	  1.0643e-01	  1.9070e-02	
  7.7605e+00	  8.1978e-03	  4.6995e-04	  9.9385e-03	  2.1874e-03	  1.6887e-07	  2.1223e-02	  1.8065e-03	  5.8606e-04	  3.7102e-04	  6.3362e+03	  8.7076e-02	  1.0642e-01	  1.9081e-02	
  7.7606e+00	  8.1989e-03	  4.6998e-04	  9.9396e-03	  2.1877e-03	  1.6880e-07	  2.1226e-02	  1.8069e-03	  5.8609e-04	  3.7090e-04	  6.3371e+03	  8.7086e-02	  1.0642e-01	  1.9092e-02	
  7.7607e+00	  8.1999e-03	  4.7001e-04	  9.9407e-03	  2.1879e-03	  1.6874e-07	  2.1230e-02	  1.8072e-03	  5.8612e-04	  3.7080e-04	  6.3379e+03	  8.7096e-02	  1.0641e-01	  1.9103e-02	
  7.7608e+00	  8.2008e-03	  4.7003e-04	  9.9418e-03	  2.1882e-03	  1.6868e-07	  2.1233e-02	  1.8076e-03	  5.8615e-04	  3.7069e-04	  6.3386e+03	  8.7105e-02	  1.0641e-01	  1.9113e-02	
  7.7609e+00	  8.2017e-03	  4.7006e-04	  9.9428e-03	  2.1884e-03	  1.6862e-07	  2.1236e-02	  1.8079e-03	  5.8618e-04	  3.7059e-04	  6.3394e+03	  8.7114e-02	  1.0641e-01	  1.9123e-02	
  7.7610e+00	  8.2026e-03	  4.7009e-04	  9.9438e-03	  2.1886e-03	  1.6857e-07	  2.1239e-02	  1.8082e-03	  5.8621e-04	  3.7049e-04	  6.3401e+03	  8.7122e-02	  1.0640e-01	  1.9132e-02	
  7.7611e+00	  8.2035e-03	  4.7011e-04	  9.9448e-03	  2.1888e-03	  1.6851e-07	  2.1242e-02	  1.8085e-03	  5.8623e-04	  3.7040e-04	  6.3408e+03	  8.7130e-02	  1.0640e-01	  1.9141e-02	
  7.7611e+00	  8.2044e-03	  4.7013e-04	  9.9457e-03	  2.1891e-03	  1.6846e-07	  2.1245e-02	  1.8088e-03	  5.8626e-04	  3.7031e-04	  6.3415e+03	  8.7138e-02	  1.0639e-01	  1.9150e-02	
  7.7612e+00	  8.2052e-03	  4.7016e-04	  9.9466e-03	  2.1893e-03	  1.6841e-07	  2.1248e-02	  1.8091e-03	  5.8629e-04	  3.7022e-04	  6.3421e+03	  8.7146e-02	  1.0639e-01	  1.9158e-02	
  7.7613e+00	  8.2059e-03	  4.7018e-04	  9.9475e-03	  2.1895e-03	  1.6836e-07	  2.1251e-02	  1.8094e-03	  5.8631e-04	  3.7013e-04	  6.3428e+03	  8.7153e-02	  1.0639e-01	  1.9167e-02	
  7.7614e+00	  8.2067e-03	  4.7020e-04	  9.9483e-03	  2.1896e-03	  1.6831e-07	  2.1253e-02	  1.8096e-03	  5.8633e-04	  3.7005e-04	  6.3434e+03	  8.7160e-02	  1.0638e-01	  1.9174e-02	
  7.7614e+00	  8.2074e-03	  4.7022e-04	  9.9491e-03	  2.1898e-03	  1.6827e-07	  2.1256e-02	  1.8099e-03	  5.8636e-04	  3.6997e-04	  6.3440e+03	  8.7167e-02	  1.0638e-01	  1.9182e-02	
  7.7615e+00	  8.2081e-03	  4.7024e-04	  9.9499e-03	  2.1900e-03	  1.6822e-07	  2.1258e-02	  1.8102e-03	  5.8638e-04	  3.6990e-04	  6.3445e+03	  8.7174e-02	  1.0638e-01	  1.9190e-02	
  7.7616e+00	  8.2088e-03	  4.7026e-04	  9.9507e-03	  2.1902e-03	  1.6818e-07	  2.1261e-02	  1.8104e-03	  5.8640e-04	  3.6982e-04	  6.3451e+03	  8.7180e-02	  1.0637e-01	  1.9197e-02	
  7.7616e+00	  8.2095e-03	  4.7028e-04	  9.9514e-03	  2.1903e-03	  1.6814e-07	  2.1263e-02	  1.8106e-03	  5.8642e-04	  3.6975e-04	  6.3456e+03	  8.7186e-02	  1.0637e-01	  1.9204e-02	
  7.7617e+00	  8.2101e-03	  4.7029e-04	  9.9521e-03	  2.1905e-03	  1.6810e-07	  2.1265e-02	  1.8108e-03	  5.8644e-04	  3.6968e-04	  6.3461e+03	  8.7192e-02	  1.0637e-01	  1.9210e-02	
  7.7618e+00	  8.2107e-03	  4.7031e-04	  9.9528e-03	  2.1907e-03	  1.6806e-07	  2.1267e-02	  1.8111e-03	  5.8646e-04	  3.6962e-04	  6.3466e+03	  8.7198e-02	  1.0636e-01	  1.9217e-02	
  7.7618e+00	  8.2113e-03	  4.7033e-04	  9.9534e-03	  2.1908e-03	  1.6803e-07	  2.1269e-02	  1.8113e-03	  5.8648e-04	  3.6955e-04	  6.3471e+03	  8.7204e-02	  1.0636e-01	  1.9223e-02	
  7.7619e+00	  8.2119e-03	  4.7034e-04	  9.9540e-03	  2.1909e-03	  1.6799e-07	  2.1271e-02	  1.8115e-03	  5.8649e-04	  3.6949e-04	  6.3476e+03	  8.7209e-02	  1.0636e-01	  1.9229e-02	
  7.7619e+00	  8.2124e-03	  4.7036e-04	  9.9546e-03	  2.1911e-03	  1.6796e-07	  2.1273e-02	  1.8117e-03	  5.8651e-04	  3.6943e-04	  6.3480e+03	  8.7214e-02	  1.0636e-01	  1.9235e-02	
  7.7620e+00	  8.2129e-03	  4.7037e-04	  9.9552e-03	  2.1912e-03	  1.6793e-07	  2.1275e-02	  1.8119e-03	  5.8653e-04	  3.6937e-04	  6.3484e+03	  8.7219e-02	  1.0635e-01	  1.9240e-02	
  7.7620e+00	  8.2135e-03	  4.7039e-04	  9.9558e-03	  2.1913e-03	  1.6789e-07	  2.1277e-02	  1.8120e-03	  5.8654e-04	  3.6932e-04	  6.3488e+03	  8.7224e-02	  1.0635e-01	  1.9246e-02	
  7.7621e+00	  8.2140e-03	  4.7040e-04	  9.9563e-03	  2.1915e-03	  1.6786e-07	  2.1278e-02	  1.8122e-03	  5.8656e-04	  3.6926e-04	  6.3492e+03	  8.7229e-02	  1.0635e-01	  1.9251e-02	
  7.7621e+00	  8.2144e-03	  4.7042e-04	  9.9569e-03	  2.1916e-03	  1.6783e-07	  2.1280e-02	  1.8124e-03	  5.8657e-04	  3.6921e-04	  6.3496e+03	  8.7233e-02	  1.0635e-01	  1.9256e-02	
  7.7622e+00	  8.2149e-03	  4.7043e-04	  9.9574e-03	  2.1917e-03	  1.6780e-07	  2.1282e-02	  1.8125e-03	  5.8659e-04	  3.6916e-04	  6.3500e+03	  8.7237e-02	  1.0634e-01	  1.9261e-02	
  7.7622e+00	  8.2153e-03	  4.7044e-04	  9.9579e-03	  2.1918e-03	  1.6778e-07	  2.1283e-02	  1.8127e-03	  5.8660e-04	  3.6911e-04	  6.3504e+03	  8.7242e-02	  1.0634e-01	  1.9265e-02	
  7.7623e+00	  8.2158e-03	  4.7045e-04	  9.9584e-03	  2.1919e-03	  1.6775e-07	  2.1285e-02	  1.8129e-03	  5.8662e-04	  3.6907e-04	  6.3507e+03	  8.7246e-02	  1.0634e-01	  1.9270e-02	
  7.7623e+00	  8.2162e-03	  4.7047e-04	  9.9588e-03	  2.1920e-03	  1.6772e-07	  2.1286e-02	  1.8130e-03	  5.8663e-04	  3.6902e-04	  6.3510e+03	  8.7250e-02	  1.0634e-01	  1.9274e-02	
  7.7623e+00	  8.2166e-03	  4.7048e-04	  9.9593e-03	  2.1921e-03	  1.6770e-07	  2.1288e-02	  1.8132e-03	  5.8664e-04	  3.6898e-04	  6.3514e+03	  8.7253e-02	  1.0634e-01	  1.9278e-02	
  7.7624e+00	  8.2170e-03	  4.7049e-04	  9.9597e-03	  2.1922e-03	  1.6768e-07	  2.1289e-02	  1.8133e-03	  5.8665e-04	  3.6894e-04	  6.3517e+03	  8.7257e-02	  1.0633e-01	  1.9282e-02	
  7.7624e+00	  8.2173e-03	  4.7050e-04	  9.9601e-03	  2.1923e-03	  1.6765e-07	  2.1290e-02	  1.8134e-03	  5.8667e-04	  3.6889e-04	  6.3520e+03	  8.7260e-02	  1.0633e-01	  1.9286e-02	
  7.7625e+00	  8.2177e-03	  4.7051e-04	  9.9605e-03	  2.1924e-03	  1.6763e-07	  2.1291e-02	  1.8135e-03	  5.8668e-04	  3.6886e-04	  6.3523e+03	  8.7264e-02	  1.0633e-01	  1.9290e-02	
  7.7625e+00	  8.2181e-03	  4.7052e-04	  9.9609e-03	  2.1925e-03	  1.6761e-07	  2.1293e-02	  1.8137e-03	  5.8669e-04	  3.6882e-04	  6.3526e+03	  8.7267e-02	  1.0633e-01	  1.9294e-02	
  7.7625e+00	  8.2184e-03	  4.7053e-04	  9.9613e-03	  2.1926e-03	  1.6759e-07	  2.1294e-02	  1.8138e-03	  5.8670e-04	  3.6878e-04	  6.3528e+03	  8.7270e-02	  1.0633e-01	  1.9297e-02	
  7.7626e+00	  8.2187e-03	  4.7054e-04	  9.9616e-03	  2.1927e-03	  1.6757e-07	  2.1295e-02	  1.8139e-03	  5.8671e-04	  3.6875e-04	  6.3531e+03	  8.7273e-02	  1.0633e-01	  1.9301e-02	
  7.7626e+00	  8.2190e-03	  4.7055e-04	  9.9620e-03	  2.1927e-03	  1.6755e-07	  2.1296e-02	  1.8140e-03	  5.8672e-04	  3.6871e-04	  6.3533e+03	  8.7276e-02	  1.0632e-01	  1.9304e-02	
  7.7626e+00	  8.2193e-03	  4.7055e-04	  9.9623e-03	  2.1928e-03	  1.6753e-07	  2.1297e-02	  1.8141e-03	  5.8673e-04	  3.6868e-04	  6.3536e+03	  8.7279e-02	  1.0632e-01	  1.9307e-02	
  7.7626e+00	  8.2196e-03	  4.7056e-04	  9.9626e-03	  2.1929e-03	  1.6751e-07	  2.1298e-02	  1.8142e-03	  5.8674e-04	  3.6865e-04	  6.3538e+03	  8.7282e-02	  1.0632e-01	  1.9310e-02	
  7.7627e+00	  8.2199e-03	  4.7057e-04	  9.9629e-03	  2.1930e-03	  1.6749e-07	  2.1299e-02	  1.8143e-03	  5.8675e-04	  3.6862e-04	  6.3541e+03	  8.7284e-02	  1.0632e-01	  1.9313e-02	
  7.7627e+00	  8.2202e-03	  4.7058e-04	  9.9632e-03	  2.1930e-03	  1.6748e-07	  2.1300e-02	  1.8144e-03	  5.8675e-04	  3.6859e-04	  6.3543e+03	  8.7287e-02	  1.0632e-01	  1.9316e-02	
  7.7627e+00	  8.2204e-03	  4.7059e-04	  9.9635e-03	  2.1931e-03	  1.6746e-07	  2.1301e-02	  1.8145e-03	  5.8676e-04	  3.6856e-04	  6.3545e+03	  8.7289e-02	  1.0632e-01	  1.9319e-02	
  7.7627e+00	  8.2207e-03	  4.7059e-04	  9.9638e-03	  2.1932e-03	  1.6744e-07	  2.1302e-02	  1.8146e-03	  5.8677e-04	  3.6853e-04	  6.3547e+03	  8.7292e-02	  1.0632e-01	  1.9322e-02	
  7.7628e+00	  8.2209e-03	  4.7060e-04	  9.9641e-03	  2.1932e-03	  1.6743e-07	  2.1303e-02	  1.8147e-03	  5.8678e-04	  3.6850e-04	  6.3549e+03	  8.7294e-02	  1.0632e-01	  1.9324e-02	
  7.7628e+00	  8.2212e-03	  4.7061e-04	  9.9643e-03	  2.1933e-03	  1.6741e-07	  2.1303e-02	  1.8148e-03	  5.8678e-04	  3.6848e-04	  6.3551e+03	  8.7296e-02	  1.0631e-01	  1.9327e-02	
  7.7628e+00	  8.2214e-03	  4.7061e-04	  9.9646e-03	  2.1933e-03	  1.6740e-07	  2.1304e-02	  1.8149e-03	  5.8679e-04	  3.6845e-04	  6.3553e+03	  8.7298e-02	  1.0631e-01	  1.9329e-02	
  7.7628e+00	  8.2216e-03	  4.7062e-04	  9.9648e-03	  2.1934e-03	  1.6739e-07	  2.1305e-02	  1.8149e-03	  5.8680e-04	  3.6843e-04	  6.3555e+03	  8.7301e-02	  1.0631e-01	  1.9331e-02	
  7.7629e+00	  8.2218e-03	  4.7062e-04	  9.9651e-03	  2.1935e-03	  1.6737e-07	  2.1306e-02	  1.8150e-03	  5.8681e-04	  3.6841e-04	  6.3556e+03	  8.7303e-02	  1.0631e-01	  1.9334e-02	
  7.7629e+00	  8.2221e-03	  4.7063e-04	  9.9653e-03	  2.1935e-03	  1.6736e-07	  2.1306e-02	  1.8151e-03	  5.8681e-04	  3.6838e-04	  6.3558e+03	  8.7304e-02	  1.0631e-01	  1.9336e-02	
  7.7629e+00	  8.2223e-03	  4.7064e-04	  9.9655e-03	  2.1936e-03	  1.6735e-07	  2.1307e-02	  1.8152e-03	  5.8682e-04	  3.6836e-04	  6.3560e+03	  8.7306e-02	  1.0631e-01	  1.9338e-02	
  7.7629e+00	  8.2224e-03	  4.7064e-04	  9.9657e-03	  2.1936e-03	  1.6734e-07	  2.1308e-02	  1.8152e-03	  5.8682e-04	  3.6834e-04	  6.3561e+03	  8.7308e-02	  1.0631e-01	  1.9340e-02	
  7.7629e+00	  8.2226e-03	  4.7065e-04	  9.9659e-03	  2.1937e-03	  1.6732e-07	  2.1308e-02	  1.8153e-03	  5.8683e-04	  3.6832e-04	  6.3563e+03	  8.7310e-02	  1.0631e-01	  1.9342e-02	
  7.7630e+00	  8.2228e-03	  4.7065e-04	  9.9661e-03	  2.1937e-03	  1.6731e-07	  2.1309e-02	  1.8154e-03	  5.8684e-04	  3.6830e-04	  6.3564e+03	  8.7312e-02	  1.0631e-01	  1.9344e-02	
  7.7630e+00	  8.2230e-03	  4.7066e-04	  9.9663e-03	  2.1937e-03	  1.6730e-07	  2.1310e-02	  1.8154e-03	  5.8684e-04	  3.6828e-04	  6.3565e+03	  8.7313e-02	  1.0631e-01	  1.9346e-02	
  7.7630e+00	  8.2232e-03	  4.7066e-04	  9.9665e-03	  2.1938e-03	  1.6729e-07	  2.1310e-02	  1.8155e-03	  5.8685e-04	  3.6826e-04	  6.3567e+03	  8.7315e-02	  1.0630e-01	  1.9347e-02	
  7.7630e+00	  8.2233e-03	  4.7067e-04	  9.9667e-03	  2.1938e-03	  1.6728e-07	  2.1311e-02	  1.8155e-03	  5.8685e-04	  3.6825e-04	  6.3568e+03	  8.7316e-02	  1.0630e-01	  1.9349e-02	
  7.7630e+00	  8.2235e-03	  4.7067e-04	  9.9669e-03	  2.1939e-03	  1.6727e-07	  2.1311e-02	  1.8156e-03	  5.8686e-04	  3.6823e-04	  6.3569e+03	  8.7318e-02	  1.0630e-01	  1.9351e-02	
  7.7630e+00	  8.2236e-03	  4.7067e-04	  9.9670e-03	  2.1939e-03	  1.6726e-07	  2.1312e-02	  1.8156e-03	  5.8686e-04	  3.6821e-04	  6.3571e+03	  8.7319e-02	  1.0630e-01	  1.9352e-02	
  7.7630e+00	  8.2238e-03	  4.7068e-04	  9.9672e-03	  2.1939e-03	  1.6725e-07	  2.1312e-02	  1.8157e-03	  5.8686e-04	  3.6820e-04	  6.3572e+03	  8.7320e-02	  1.0630e-01	  1.9354e-02	
  7.7631e+00	  8.2239e-03	  4.7068e-04	  9.9673e-03	  2.1940e-03	  1.6725e-07	  2.1313e-02	  1.8157e-03	  5.8687e-04	  3.6818e-04	  6.3573e+03	  8.7322e-02	  1.0630e-01	  1.9355e-02	
  7.7631e+00	  8.2240e-03	  4.7069e-04	  9.9675e-03	  2.1940e-03	  1.6724e-07	  2.1313e-02	  1.8158e-03	  5.8687e-04	  3.6817e-04	  6.3574e+03	  8.7323e-02	  1.0630e-01	  1.9357e-02	
