          pH	          Na	           K	          Ca	          Mg	         PO4	          Cl	         SO4	         NH4	        HCO3	          sc	         FeS	      Pyrite	     Calcite	
  6.6644e+00	  4.1755e-03	  3.3043e-04	  4.8964e-03	  1.0614e-03	  4.1174e-05	  6.0679e-03	  1.8024e-04	  4.2255e-04	  9.0118e-06	  2.5751e+03	  0.0000e+00	  0.0000e+00	  0.0000e+00	
  6.6644e+00	  4.1755e-03	  3.3043e-04	  4.8964e-03	  1.0614e-03	  4.1174e-05	  6.0679e-03	  1.8024e-04	  4.2255e-04	  9.0118e-06	  2.5751e+03	  0.0000e+00	  0.0000e+00	  0.0000e+00	
  6.6084e+00	  2.5832e-02	  7.1325e-04	  7.8040e-03	  1.8312e-03	  1.8229e-05	  3.0176e-02	  2.5910e-03	  4.2399e-04	  1.7087e-03	  8.8890e+03	  9.6258e-02	  1.0187e-01	  0.0000e+00	
  6.5410e+00	  4.6763e-02	  1.0838e-03	  1.0784e-02	  2.7038e-03	  1.9359e-05	  5.3465e-02	  4.9198e-03	  4.2469e-04	  3.0749e-03	  1.4566e+04	  9.6867e-02	  1.0157e-01	  0.0000e+00	
  6.4893e+00	  6.6987e-02	  1.4421e-03	  1.3529e-02	  3.5926e-03	  2.0862e-05	  7.5960e-02	  7.1692e-03	  4.2515e-04	  4.3898e-03	  1.9810e+04	  9.6974e-02	  1.0151e-01	  0.0000e+00	
  6.4463e+00	  8.6524e-02	  1.7884e-03	  1.6096e-02	  4.4966e-03	  2.2484e-05	  9.7688e-02	  9.3419e-03	  4.2549e-04	  5.6553e-03	  2.4699e+04	  9.6938e-02	  1.0153e-01	  0.0000e+00	
  6.4091e+00	  1.0540e-01	  2.1231e-03	  1.8512e-02	  5.4101e-03	  2.4161e-05	  1.1867e-01	  1.1440e-02	  4.2576e-04	  6.8730e-03	  2.9284e+04	  9.6844e-02	  1.0157e-01	  0.0000e+00	
  6.3762e+00	  1.2363e-01	  2.4465e-03	  2.0793e-02	  6.3275e-03	  2.5869e-05	  1.3895e-01	  1.3467e-02	  4.2598e-04	  8.0447e-03	  3.3601e+04	  9.6720e-02	  1.0164e-01	  0.0000e+00	
  6.3468e+00	  1.4124e-01	  2.7589e-03	  2.2951e-02	  7.2442e-03	  2.7591e-05	  1.5852e-01	  1.5425e-02	  4.2617e-04	  9.1719e-03	  3.7678e+04	  9.6581e-02	  1.0171e-01	  0.0000e+00	
  6.3202e+00	  1.5825e-01	  3.0607e-03	  2.4997e-02	  8.1562e-03	  2.9320e-05	  1.7743e-01	  1.7316e-02	  4.2634e-04	  1.0256e-02	  4.1536e+04	  9.6432e-02	  1.0178e-01	  0.0000e+00	
  6.2959e+00	  1.7468e-01	  3.3523e-03	  2.6940e-02	  9.0604e-03	  3.1049e-05	  1.9570e-01	  1.9142e-02	  4.2648e-04	  1.1299e-02	  4.5194e+04	  9.6279e-02	  1.0186e-01	  0.0000e+00	
  6.2735e+00	  1.9054e-01	  3.6339e-03	  2.8788e-02	  9.9541e-03	  3.2773e-05	  2.1334e-01	  2.0906e-02	  4.2661e-04	  1.2301e-02	  4.8668e+04	  9.6122e-02	  1.0193e-01	  0.0000e+00	
  6.2529e+00	  2.0587e-01	  3.9059e-03	  3.0546e-02	  1.0835e-02	  3.4488e-05	  2.3037e-01	  2.2610e-02	  4.2672e-04	  1.3265e-02	  5.1971e+04	  9.5965e-02	  1.0201e-01	  0.0000e+00	
  6.2337e+00	  2.2067e-01	  4.1687e-03	  3.2222e-02	  1.1702e-02	  3.6191e-05	  2.4683e-01	  2.4255e-02	  4.2683e-04	  1.4191e-02	  5.5115e+04	  9.5808e-02	  1.0209e-01	  0.0000e+00	
  6.2159e+00	  2.3497e-01	  4.4225e-03	  3.3821e-02	  1.2553e-02	  3.7879e-05	  2.6272e-01	  2.5845e-02	  4.2693e-04	  1.5081e-02	  5.8111e+04	  9.5652e-02	  1.0217e-01	  0.0000e+00	
  6.1992e+00	  2.4878e-01	  4.6677e-03	  3.5346e-02	  1.3387e-02	  3.9549e-05	  2.7807e-01	  2.7379e-02	  4.2702e-04	  1.5936e-02	  6.0968e+04	  9.5497e-02	  1.0224e-01	  0.0000e+00	
  6.1836e+00	  2.6211e-01	  4.9045e-03	  3.6804e-02	  1.4204e-02	  4.1200e-05	  2.9289e-01	  2.8862e-02	  4.2710e-04	  1.6757e-02	  6.3694e+04	  9.5344e-02	  1.0232e-01	  0.0000e+00	
  6.1690e+00	  2.7499e-01	  5.1332e-03	  3.8197e-02	  1.5003e-02	  4.2829e-05	  3.0721e-01	  3.0293e-02	  4.2718e-04	  1.7545e-02	  6.6298e+04	  9.5194e-02	  1.0239e-01	  0.0000e+00	
  6.1549e+00	  2.8743e-01	  5.3541e-03	  3.9523e-02	  1.5783e-02	  4.4492e-05	  3.2104e-01	  3.1676e-02	  4.2725e-04	  1.8286e-02	  6.8785e+04	  9.5041e-02	  1.0247e-01	  5.9885e-05	
  6.1398e+00	  2.9945e-01	  5.5674e-03	  4.0746e-02	  1.6540e-02	  4.6602e-05	  3.3439e-01	  3.3011e-02	  4.2732e-04	  1.8870e-02	  7.1157e+04	  9.4853e-02	  1.0256e-01	  5.9268e-04	
  6.1257e+00	  3.1105e-01	  5.7734e-03	  4.1918e-02	  1.7280e-02	  4.8678e-05	  3.4729e-01	  3.4301e-02	  4.2739e-04	  1.9436e-02	  7.3427e+04	  9.4669e-02	  1.0266e-01	  1.0831e-03	
  6.1124e+00	  3.2225e-01	  5.9724e-03	  4.3042e-02	  1.8000e-02	  5.0716e-05	  3.5974e-01	  3.5546e-02	  4.2745e-04	  1.9986e-02	  7.5600e+04	  9.4489e-02	  1.0275e-01	  1.5345e-03	
  6.0998e+00	  3.3308e-01	  6.1646e-03	  4.4121e-02	  1.8702e-02	  5.2715e-05	  3.7177e-01	  3.6749e-02	  4.2751e-04	  2.0517e-02	  7.7682e+04	  9.4313e-02	  1.0283e-01	  1.9498e-03	
  6.0880e+00	  3.4353e-01	  6.3502e-03	  4.5156e-02	  1.9386e-02	  5.4672e-05	  3.8339e-01	  3.7911e-02	  4.2756e-04	  2.1032e-02	  7.9676e+04	  9.4142e-02	  1.0292e-01	  2.3318e-03	
  6.0768e+00	  3.5362e-01	  6.5295e-03	  4.6150e-02	  2.0051e-02	  5.6588e-05	  3.9461e-01	  3.9033e-02	  4.2761e-04	  2.1531e-02	  8.1587e+04	  9.3975e-02	  1.0300e-01	  2.6832e-03	
  6.0662e+00	  3.6337e-01	  6.7026e-03	  4.7104e-02	  2.0698e-02	  5.8459e-05	  4.0544e-01	  4.0116e-02	  4.2766e-04	  2.2012e-02	  8.3419e+04	  9.3813e-02	  1.0308e-01	  3.0063e-03	
  6.0562e+00	  3.7278e-01	  6.8698e-03	  4.8021e-02	  2.1326e-02	  6.0286e-05	  4.1590e-01	  4.1162e-02	  4.2771e-04	  2.2478e-02	  8.5177e+04	  9.3655e-02	  1.0316e-01	  3.3032e-03	
  6.0467e+00	  3.8188e-01	  7.0313e-03	  4.8902e-02	  2.1937e-02	  6.2067e-05	  4.2601e-01	  4.2173e-02	  4.2775e-04	  2.2928e-02	  8.6863e+04	  9.3502e-02	  1.0324e-01	  3.5759e-03	
  6.0378e+00	  3.9065e-01	  7.1873e-03	  4.9750e-02	  2.2529e-02	  6.3802e-05	  4.3577e-01	  4.3149e-02	  4.2780e-04	  2.3362e-02	  8.8481e+04	  9.3353e-02	  1.0331e-01	  3.8264e-03	
  6.0292e+00	  3.9913e-01	  7.3379e-03	  5.0564e-02	  2.3105e-02	  6.5490e-05	  4.4519e-01	  4.4091e-02	  4.2784e-04	  2.3780e-02	  9.0035e+04	  9.3209e-02	  1.0338e-01	  4.0562e-03	
  6.0212e+00	  4.0732e-01	  7.4833e-03	  5.1347e-02	  2.3663e-02	  6.7132e-05	  4.5429e-01	  4.5001e-02	  4.2788e-04	  2.4184e-02	  9.1526e+04	  9.3069e-02	  1.0345e-01	  4.2671e-03	
  6.0135e+00	  4.1523e-01	  7.6238e-03	  5.2101e-02	  2.4205e-02	  6.8727e-05	  4.6308e-01	  4.5880e-02	  4.2791e-04	  2.4573e-02	  9.2959e+04	  9.2934e-02	  1.0352e-01	  4.4604e-03	
  6.0062e+00	  4.2287e-01	  7.7594e-03	  5.2826e-02	  2.4730e-02	  7.0276e-05	  4.7157e-01	  4.6728e-02	  4.2795e-04	  2.4949e-02	  9.4335e+04	  9.2803e-02	  1.0359e-01	  4.6374e-03	
  5.9992e+00	  4.3024e-01	  7.8904e-03	  5.3523e-02	  2.5239e-02	  7.1779e-05	  4.7976e-01	  4.7548e-02	  4.2798e-04	  2.5310e-02	  9.5657e+04	  9.2677e-02	  1.0365e-01	  4.7995e-03	
  5.9926e+00	  4.3736e-01	  8.0169e-03	  5.4195e-02	  2.5732e-02	  7.3236e-05	  4.8768e-01	  4.8340e-02	  4.2801e-04	  2.5658e-02	  9.6928e+04	  9.2555e-02	  1.0371e-01	  4.9477e-03	
  5.9864e+00	  4.4424e-01	  8.1391e-03	  5.4841e-02	  2.6211e-02	  7.4647e-05	  4.9532e-01	  4.9104e-02	  4.2805e-04	  2.5993e-02	  9.8150e+04	  9.2437e-02	  1.0377e-01	  5.0831e-03	
  5.9804e+00	  4.5088e-01	  8.2571e-03	  5.5463e-02	  2.6674e-02	  7.6014e-05	  5.0270e-01	  4.9842e-02	  4.2808e-04	  2.6315e-02	  9.9324e+04	  9.2323e-02	  1.0383e-01	  5.2067e-03	
  5.9747e+00	  4.5730e-01	  8.3710e-03	  5.6062e-02	  2.7122e-02	  7.7337e-05	  5.0983e-01	  5.0555e-02	  4.2810e-04	  2.6625e-02	  1.0045e+05	  9.2213e-02	  1.0388e-01	  5.3193e-03	
  5.9692e+00	  4.6349e-01	  8.4811e-03	  5.6639e-02	  2.7557e-02	  7.8617e-05	  5.1671e-01	  5.1243e-02	  4.2813e-04	  2.6923e-02	  1.0154e+05	  9.2107e-02	  1.0393e-01	  5.4219e-03	
  5.9640e+00	  4.6947e-01	  8.5873e-03	  5.7194e-02	  2.7977e-02	  7.9855e-05	  5.2336e-01	  5.1908e-02	  4.2816e-04	  2.7210e-02	  1.0258e+05	  9.2005e-02	  1.0398e-01	  5.5152e-03	
  5.9591e+00	  4.7525e-01	  8.6899e-03	  5.7729e-02	  2.8385e-02	  8.1051e-05	  5.2978e-01	  5.2550e-02	  4.2818e-04	  2.7486e-02	  1.0359e+05	  9.1906e-02	  1.0403e-01	  5.5999e-03	
  5.9544e+00	  4.8082e-01	  8.7890e-03	  5.8245e-02	  2.8779e-02	  8.2206e-05	  5.3598e-01	  5.3170e-02	  4.2821e-04	  2.7751e-02	  1.0456e+05	  9.1811e-02	  1.0408e-01	  5.6766e-03	
  5.9498e+00	  4.8621e-01	  8.8847e-03	  5.8742e-02	  2.9160e-02	  8.3322e-05	  5.4197e-01	  5.3768e-02	  4.2823e-04	  2.8005e-02	  1.0549e+05	  9.1720e-02	  1.0413e-01	  5.7461e-03	
  5.9455e+00	  4.9141e-01	  8.9771e-03	  5.9220e-02	  2.9529e-02	  8.4399e-05	  5.4775e-01	  5.4346e-02	  4.2825e-04	  2.8250e-02	  1.0638e+05	  9.1632e-02	  1.0417e-01	  5.8088e-03	
  5.9414e+00	  4.9643e-01	  9.0663e-03	  5.9681e-02	  2.9887e-02	  8.5438e-05	  5.5333e-01	  5.4904e-02	  4.2827e-04	  2.8485e-02	  1.0724e+05	  9.1548e-02	  1.0421e-01	  5.8652e-03	
  5.9375e+00	  5.0128e-01	  9.1525e-03	  6.0126e-02	  3.0232e-02	  8.6441e-05	  5.5872e-01	  5.5444e-02	  4.2829e-04	  2.8711e-02	  1.0807e+05	  9.1466e-02	  1.0425e-01	  5.9160e-03	
  5.9337e+00	  5.0597e-01	  9.2357e-03	  6.0554e-02	  3.0566e-02	  8.7408e-05	  5.6392e-01	  5.5964e-02	  4.2831e-04	  2.8928e-02	  1.0887e+05	  9.1388e-02	  1.0429e-01	  5.9614e-03	
  5.9301e+00	  5.1049e-01	  9.3161e-03	  6.0967e-02	  3.0890e-02	  8.8341e-05	  5.6895e-01	  5.6467e-02	  4.2833e-04	  2.9136e-02	  1.0964e+05	  9.1312e-02	  1.0433e-01	  6.0020e-03	
  5.9267e+00	  5.1486e-01	  9.3937e-03	  6.1365e-02	  3.1202e-02	  8.9240e-05	  5.7381e-01	  5.6952e-02	  4.2835e-04	  2.9336e-02	  1.1038e+05	  9.1240e-02	  1.0437e-01	  6.0381e-03	
  5.9234e+00	  5.1908e-01	  9.4686e-03	  6.1749e-02	  3.1505e-02	  9.0106e-05	  5.7849e-01	  5.7421e-02	  4.2837e-04	  2.9528e-02	  1.1110e+05	  9.1170e-02	  1.0440e-01	  6.0701e-03	
  5.9202e+00	  5.2315e-01	  9.5410e-03	  6.2118e-02	  3.1797e-02	  9.0941e-05	  5.8302e-01	  5.7873e-02	  4.2839e-04	  2.9712e-02	  1.1178e+05	  9.1103e-02	  1.0443e-01	  6.0984e-03	
  5.9172e+00	  5.2708e-01	  9.6108e-03	  6.2475e-02	  3.2080e-02	  9.1745e-05	  5.8739e-01	  5.8311e-02	  4.2840e-04	  2.9889e-02	  1.1245e+05	  9.1039e-02	  1.0447e-01	  6.1231e-03	
  5.9143e+00	  5.3088e-01	  9.6783e-03	  6.2819e-02	  3.2353e-02	  9.2520e-05	  5.9161e-01	  5.8733e-02	  4.2842e-04	  3.0059e-02	  1.1308e+05	  9.0977e-02	  1.0450e-01	  6.1447e-03	
  5.9116e+00	  5.3455e-01	  9.7435e-03	  6.3150e-02	  3.2618e-02	  9.3266e-05	  5.9569e-01	  5.9140e-02	  4.2843e-04	  3.0222e-02	  1.1370e+05	  9.0917e-02	  1.0453e-01	  6.1634e-03	
  5.9089e+00	  5.3809e-01	  9.8064e-03	  6.3470e-02	  3.2873e-02	  9.3985e-05	  5.9962e-01	  5.9534e-02	  4.2845e-04	  3.0379e-02	  1.1429e+05	  9.0860e-02	  1.0455e-01	  6.1794e-03	
  5.9064e+00	  5.4151e-01	  9.8672e-03	  6.3778e-02	  3.3120e-02	  9.4677e-05	  6.0342e-01	  5.9914e-02	  4.2846e-04	  3.0529e-02	  1.1486e+05	  9.0805e-02	  1.0458e-01	  6.1929e-03	
  5.9039e+00	  5.4481e-01	  9.9258e-03	  6.4076e-02	  3.3359e-02	  9.5343e-05	  6.0709e-01	  6.0281e-02	  4.2848e-04	  3.0674e-02	  1.1541e+05	  9.0752e-02	  1.0461e-01	  6.2043e-03	
  5.9016e+00	  5.4800e-01	  9.9825e-03	  6.4363e-02	  3.3590e-02	  9.5984e-05	  6.1064e-01	  6.0635e-02	  4.2849e-04	  3.0812e-02	  1.1594e+05	  9.0701e-02	  1.0463e-01	  6.2135e-03	
  5.8994e+00	  5.5108e-01	  1.0037e-02	  6.4639e-02	  3.3813e-02	  9.6602e-05	  6.1406e-01	  6.0977e-02	  4.2850e-04	  3.0945e-02	  1.1645e+05	  9.0653e-02	  1.0466e-01	  6.2210e-03	
  5.8972e+00	  5.5405e-01	  1.0090e-02	  6.4906e-02	  3.4028e-02	  9.7196e-05	  6.1736e-01	  6.1308e-02	  4.2851e-04	  3.1073e-02	  1.1694e+05	  9.0606e-02	  1.0468e-01	  6.2267e-03	
  5.8952e+00	  5.5693e-01	  1.0141e-02	  6.5163e-02	  3.4237e-02	  9.7768e-05	  6.2056e-01	  6.1627e-02	  4.2853e-04	  3.1196e-02	  1.1742e+05	  9.0561e-02	  1.0470e-01	  6.2309e-03	
  5.8932e+00	  5.5970e-01	  1.0190e-02	  6.5412e-02	  3.4438e-02	  9.8319e-05	  6.2364e-01	  6.1935e-02	  4.2854e-04	  3.1314e-02	  1.1788e+05	  9.0517e-02	  1.0473e-01	  6.2337e-03	
  5.8913e+00	  5.6238e-01	  1.0238e-02	  6.5651e-02	  3.4633e-02	  9.8849e-05	  6.2661e-01	  6.2233e-02	  4.2855e-04	  3.1427e-02	  1.1832e+05	  9.0476e-02	  1.0475e-01	  6.2353e-03	
  5.8895e+00	  5.6496e-01	  1.0284e-02	  6.5882e-02	  3.4821e-02	  9.9359e-05	  6.2949e-01	  6.2520e-02	  4.2856e-04	  3.1535e-02	  1.1874e+05	  9.0436e-02	  1.0477e-01	  6.2357e-03	
  5.8877e+00	  5.6746e-01	  1.0328e-02	  6.6105e-02	  3.5003e-02	  9.9850e-05	  6.3226e-01	  6.2798e-02	  4.2857e-04	  3.1640e-02	  1.1915e+05	  9.0397e-02	  1.0479e-01	  6.2351e-03	
  5.8861e+00	  5.6987e-01	  1.0371e-02	  6.6320e-02	  3.5178e-02	  1.0032e-04	  6.3494e-01	  6.3065e-02	  4.2858e-04	  3.1740e-02	  1.1955e+05	  9.0360e-02	  1.0480e-01	  6.2335e-03	
  5.8844e+00	  5.7220e-01	  1.0412e-02	  6.6528e-02	  3.5348e-02	  1.0078e-04	  6.3753e-01	  6.3324e-02	  4.2859e-04	  3.1836e-02	  1.1993e+05	  9.0325e-02	  1.0482e-01	  6.2312e-03	
  5.8829e+00	  5.7445e-01	  1.0452e-02	  6.6728e-02	  3.5512e-02	  1.0122e-04	  6.4003e-01	  6.3574e-02	  4.2860e-04	  3.1929e-02	  1.2030e+05	  9.0291e-02	  1.0484e-01	  6.2280e-03	
  5.8814e+00	  5.7662e-01	  1.0491e-02	  6.6921e-02	  3.5670e-02	  1.0164e-04	  6.4244e-01	  6.3815e-02	  4.2860e-04	  3.2018e-02	  1.2065e+05	  9.0258e-02	  1.0485e-01	  6.2243e-03	
  5.8800e+00	  5.7871e-01	  1.0528e-02	  6.7107e-02	  3.5823e-02	  1.0204e-04	  6.4477e-01	  6.4048e-02	  4.2861e-04	  3.2103e-02	  1.2099e+05	  9.0226e-02	  1.0487e-01	  6.2199e-03	
  5.8786e+00	  5.8074e-01	  1.0564e-02	  6.7287e-02	  3.5971e-02	  1.0243e-04	  6.4702e-01	  6.4273e-02	  4.2862e-04	  3.2185e-02	  1.2132e+05	  9.0196e-02	  1.0489e-01	  6.2151e-03	
  5.8773e+00	  5.8269e-01	  1.0599e-02	  6.7461e-02	  3.6114e-02	  1.0281e-04	  6.4919e-01	  6.4490e-02	  4.2863e-04	  3.2264e-02	  1.2164e+05	  9.0167e-02	  1.0490e-01	  6.2097e-03	
  5.8760e+00	  5.8458e-01	  1.0632e-02	  6.7628e-02	  3.6252e-02	  1.0317e-04	  6.5129e-01	  6.4700e-02	  4.2864e-04	  3.2340e-02	  1.2195e+05	  9.0139e-02	  1.0491e-01	  6.2040e-03	
  5.8748e+00	  5.8640e-01	  1.0665e-02	  6.7790e-02	  3.6385e-02	  1.0352e-04	  6.5331e-01	  6.4903e-02	  4.2864e-04	  3.2413e-02	  1.2224e+05	  9.0112e-02	  1.0493e-01	  6.1979e-03	
  5.8736e+00	  5.8816e-01	  1.0696e-02	  6.7946e-02	  3.6514e-02	  1.0385e-04	  6.5527e-01	  6.5098e-02	  4.2865e-04	  3.2483e-02	  1.2253e+05	  9.0086e-02	  1.0494e-01	  6.1916e-03	
  5.8725e+00	  5.8986e-01	  1.0726e-02	  6.8096e-02	  3.6638e-02	  1.0418e-04	  6.5716e-01	  6.5287e-02	  4.2866e-04	  3.2550e-02	  1.2280e+05	  9.0061e-02	  1.0495e-01	  6.1850e-03	
  5.8714e+00	  5.9150e-01	  1.0755e-02	  6.8241e-02	  3.6758e-02	  1.0449e-04	  6.5898e-01	  6.5469e-02	  4.2866e-04	  3.2615e-02	  1.2307e+05	  9.0037e-02	  1.0496e-01	  6.1781e-03	
  5.8704e+00	  5.9309e-01	  1.0784e-02	  6.8381e-02	  3.6874e-02	  1.0479e-04	  6.6074e-01	  6.5646e-02	  4.2867e-04	  3.2677e-02	  1.2332e+05	  9.0014e-02	  1.0498e-01	  6.1712e-03	
  5.8694e+00	  5.9462e-01	  1.0811e-02	  6.8517e-02	  3.6986e-02	  1.0507e-04	  6.6244e-01	  6.5816e-02	  4.2868e-04	  3.2737e-02	  1.2357e+05	  8.9992e-02	  1.0499e-01	  6.1640e-03	
  5.8684e+00	  5.9609e-01	  1.0837e-02	  6.8647e-02	  3.7095e-02	  1.0535e-04	  6.6408e-01	  6.5980e-02	  4.2868e-04	  3.2794e-02	  1.2381e+05	  8.9970e-02	  1.0500e-01	  6.1568e-03	
  5.8675e+00	  5.9752e-01	  1.0862e-02	  6.8773e-02	  3.7199e-02	  1.0562e-04	  6.6567e-01	  6.6138e-02	  4.2869e-04	  3.2849e-02	  1.2404e+05	  8.9950e-02	  1.0501e-01	  6.1494e-03	
  5.8666e+00	  5.9890e-01	  1.0887e-02	  6.8895e-02	  3.7300e-02	  1.0588e-04	  6.6720e-01	  6.6291e-02	  4.2869e-04	  3.2903e-02	  1.2426e+05	  8.9930e-02	  1.0502e-01	  6.1421e-03	
  5.8657e+00	  6.0023e-01	  1.0910e-02	  6.9012e-02	  3.7398e-02	  1.0612e-04	  6.6868e-01	  6.6439e-02	  4.2870e-04	  3.2954e-02	  1.2448e+05	  8.9911e-02	  1.0503e-01	  6.1346e-03	
  5.8649e+00	  6.0151e-01	  1.0933e-02	  6.9125e-02	  3.7492e-02	  1.0636e-04	  6.7011e-01	  6.6582e-02	  4.2870e-04	  3.3003e-02	  1.2468e+05	  8.9893e-02	  1.0504e-01	  6.1272e-03	
  5.8641e+00	  6.0275e-01	  1.0955e-02	  6.9235e-02	  3.7583e-02	  1.0659e-04	  6.7148e-01	  6.6720e-02	  4.2871e-04	  3.3050e-02	  1.2488e+05	  8.9875e-02	  1.0505e-01	  6.1198e-03	
  5.8634e+00	  6.0395e-01	  1.0977e-02	  6.9340e-02	  3.7671e-02	  1.0681e-04	  6.7282e-01	  6.6853e-02	  4.2871e-04	  3.3096e-02	  1.2508e+05	  8.9858e-02	  1.0505e-01	  6.1124e-03	
  5.8626e+00	  6.0511e-01	  1.0997e-02	  6.9442e-02	  3.7756e-02	  1.0703e-04	  6.7410e-01	  6.6981e-02	  4.2872e-04	  3.3140e-02	  1.2526e+05	  8.9842e-02	  1.0506e-01	  6.1050e-03	
  5.8619e+00	  6.0622e-01	  1.1017e-02	  6.9541e-02	  3.7838e-02	  1.0723e-04	  6.7534e-01	  6.7106e-02	  4.2872e-04	  3.3182e-02	  1.2544e+05	  8.9826e-02	  1.0507e-01	  6.0977e-03	
  5.8612e+00	  6.0730e-01	  1.1036e-02	  6.9635e-02	  3.7918e-02	  1.0743e-04	  6.7654e-01	  6.7225e-02	  4.2873e-04	  3.3223e-02	  1.2561e+05	  8.9811e-02	  1.0508e-01	  6.0905e-03	
  5.8606e+00	  6.0834e-01	  1.1055e-02	  6.9727e-02	  3.7994e-02	  1.0762e-04	  6.7770e-01	  6.7341e-02	  4.2873e-04	  3.3262e-02	  1.2578e+05	  8.9797e-02	  1.0508e-01	  6.0833e-03	
  5.8599e+00	  6.0935e-01	  1.1072e-02	  6.9816e-02	  3.8068e-02	  1.0780e-04	  6.7882e-01	  6.7453e-02	  4.2873e-04	  3.3299e-02	  1.2594e+05	  8.9783e-02	  1.0509e-01	  6.0762e-03	
  5.8593e+00	  6.1032e-01	  1.1090e-02	  6.9901e-02	  3.8140e-02	  1.0798e-04	  6.7989e-01	  6.7561e-02	  4.2874e-04	  3.3336e-02	  1.2610e+05	  8.9769e-02	  1.0510e-01	  6.0692e-03	
  5.8587e+00	  6.1126e-01	  1.1106e-02	  6.9983e-02	  3.8209e-02	  1.0815e-04	  6.8094e-01	  6.7665e-02	  4.2874e-04	  3.3371e-02	  1.2625e+05	  8.9756e-02	  1.0510e-01	  6.0623e-03	
  5.8582e+00	  6.1216e-01	  1.1122e-02	  7.0063e-02	  3.8275e-02	  1.0831e-04	  6.8194e-01	  6.7766e-02	  4.2874e-04	  3.3404e-02	  1.2639e+05	  8.9744e-02	  1.0511e-01	  6.0555e-03	
  5.8576e+00	  6.1304e-01	  1.1138e-02	  7.0140e-02	  3.8340e-02	  1.0847e-04	  6.8291e-01	  6.7863e-02	  4.2875e-04	  3.3436e-02	  1.2653e+05	  8.9732e-02	  1.0512e-01	  6.0488e-03	
  5.8571e+00	  6.1388e-01	  1.1153e-02	  7.0214e-02	  3.8402e-02	  1.0863e-04	  6.8385e-01	  6.7957e-02	  4.2875e-04	  3.3468e-02	  1.2667e+05	  8.9720e-02	  1.0512e-01	  6.0422e-03	
  5.8566e+00	  6.1470e-01	  1.1167e-02	  7.0285e-02	  3.8462e-02	  1.0877e-04	  6.8476e-01	  6.8047e-02	  4.2875e-04	  3.3498e-02	  1.2680e+05	  8.9709e-02	  1.0513e-01	  6.0358e-03	
  5.8561e+00	  6.1548e-01	  1.1181e-02	  7.0354e-02	  3.8520e-02	  1.0891e-04	  6.8563e-01	  6.8135e-02	  4.2876e-04	  3.3527e-02	  1.2692e+05	  8.9698e-02	  1.0513e-01	  6.0294e-03	
  5.8556e+00	  6.1624e-01	  1.1195e-02	  7.0421e-02	  3.8576e-02	  1.0905e-04	  6.8648e-01	  6.8219e-02	  4.2876e-04	  3.3554e-02	  1.2704e+05	  8.9688e-02	  1.0514e-01	  6.0232e-03	
  5.8552e+00	  6.1698e-01	  1.1208e-02	  7.0485e-02	  3.8630e-02	  1.0918e-04	  6.8729e-01	  6.8301e-02	  4.2876e-04	  3.3581e-02	  1.2716e+05	  8.9678e-02	  1.0514e-01	  6.0171e-03	
  5.8547e+00	  6.1769e-01	  1.1221e-02	  7.0548e-02	  3.8682e-02	  1.0931e-04	  6.8808e-01	  6.8379e-02	  4.2877e-04	  3.3607e-02	  1.2727e+05	  8.9668e-02	  1.0515e-01	  6.0112e-03	
  5.8543e+00	  6.1837e-01	  1.1233e-02	  7.0608e-02	  3.8732e-02	  1.0943e-04	  6.8884e-01	  6.8455e-02	  4.2877e-04	  3.3632e-02	  1.2738e+05	  8.9659e-02	  1.0515e-01	  6.0053e-03	
  5.8539e+00	  6.1903e-01	  1.1245e-02	  7.0666e-02	  3.8781e-02	  1.0955e-04	  6.8958e-01	  6.8529e-02	  4.2877e-04	  3.3656e-02	  1.2749e+05	  8.9650e-02	  1.0516e-01	  5.9996e-03	
  5.8535e+00	  6.1967e-01	  1.1256e-02	  7.0721e-02	  3.8828e-02	  1.0966e-04	  6.9028e-01	  6.8600e-02	  4.2877e-04	  3.3679e-02	  1.2759e+05	  8.9641e-02	  1.0516e-01	  5.9941e-03	
  5.8531e+00	  6.2029e-01	  1.1267e-02	  7.0775e-02	  3.8873e-02	  1.0977e-04	  6.9097e-01	  6.8668e-02	  4.2878e-04	  3.3701e-02	  1.2769e+05	  8.9633e-02	  1.0517e-01	  5.9886e-03	
  5.8528e+00	  6.2088e-01	  1.1277e-02	  7.0828e-02	  3.8917e-02	  1.0988e-04	  6.9163e-01	  6.8734e-02	  4.2878e-04	  3.3723e-02	  1.2778e+05	  8.9625e-02	  1.0517e-01	  5.9833e-03	
  5.8524e+00	  6.2146e-01	  1.1288e-02	  7.0878e-02	  3.8960e-02	  1.0998e-04	  6.9227e-01	  6.8798e-02	  4.2878e-04	  3.3743e-02	  1.2787e+05	  8.9617e-02	  1.0517e-01	  5.9781e-03	
  5.8521e+00	  6.2201e-01	  1.1297e-02	  7.0926e-02	  3.9001e-02	  1.1008e-04	  6.9289e-01	  6.8860e-02	  4.2878e-04	  3.3763e-02	  1.2796e+05	  8.9610e-02	  1.0518e-01	  5.9731e-03	
  5.8517e+00	  6.2255e-01	  1.1307e-02	  7.0973e-02	  3.9040e-02	  1.1017e-04	  6.9348e-01	  6.8919e-02	  4.2878e-04	  3.3783e-02	  1.2805e+05	  8.9603e-02	  1.0518e-01	  5.9682e-03	
  5.8514e+00	  6.2306e-01	  1.1316e-02	  7.1019e-02	  3.9078e-02	  1.1026e-04	  6.9406e-01	  6.8977e-02	  4.2879e-04	  3.3801e-02	  1.2813e+05	  8.9596e-02	  1.0518e-01	  5.9634e-03	
  5.8511e+00	  6.2356e-01	  1.1325e-02	  7.1062e-02	  3.9115e-02	  1.1035e-04	  6.9461e-01	  6.9032e-02	  4.2879e-04	  3.3819e-02	  1.2821e+05	  8.9589e-02	  1.0519e-01	  5.9587e-03	
  5.8508e+00	  6.2404e-01	  1.1334e-02	  7.1105e-02	  3.9151e-02	  1.1044e-04	  6.9515e-01	  6.9086e-02	  4.2879e-04	  3.3836e-02	  1.2828e+05	  8.9583e-02	  1.0519e-01	  5.9542e-03	
  5.8506e+00	  6.2451e-01	  1.1342e-02	  7.1145e-02	  3.9185e-02	  1.1052e-04	  6.9566e-01	  6.9138e-02	  4.2879e-04	  3.3853e-02	  1.2836e+05	  8.9577e-02	  1.0519e-01	  5.9497e-03	
  5.8503e+00	  6.2496e-01	  1.1350e-02	  7.1185e-02	  3.9218e-02	  1.1060e-04	  6.9616e-01	  6.9188e-02	  4.2879e-04	  3.3869e-02	  1.2843e+05	  8.9571e-02	  1.0520e-01	  5.9454e-03	
  5.8500e+00	  6.2539e-01	  1.1358e-02	  7.1223e-02	  3.9250e-02	  1.1067e-04	  6.9665e-01	  6.9236e-02	  4.2880e-04	  3.3884e-02	  1.2850e+05	  8.9565e-02	  1.0520e-01	  5.9412e-03	
  5.8498e+00	  6.2581e-01	  1.1365e-02	  7.1259e-02	  3.9281e-02	  1.1075e-04	  6.9711e-01	  6.9282e-02	  4.2880e-04	  3.3899e-02	  1.2856e+05	  8.9559e-02	  1.0520e-01	  5.9372e-03	
  5.8495e+00	  6.2622e-01	  1.1372e-02	  7.1295e-02	  3.9311e-02	  1.1082e-04	  6.9756e-01	  6.9327e-02	  4.2880e-04	  3.3913e-02	  1.2863e+05	  8.9554e-02	  1.0521e-01	  5.9332e-03	
  5.8493e+00	  6.2661e-01	  1.1379e-02	  7.1329e-02	  3.9340e-02	  1.1089e-04	  6.9800e-01	  6.9371e-02	  4.2880e-04	  3.3927e-02	  1.2869e+05	  8.9549e-02	  1.0521e-01	  5.9294e-03	
  5.8491e+00	  6.2699e-01	  1.1386e-02	  7.1362e-02	  3.9368e-02	  1.1095e-04	  6.9842e-01	  6.9413e-02	  4.2880e-04	  3.3940e-02	  1.2875e+05	  8.9544e-02	  1.0521e-01	  5.9256e-03	
  5.8488e+00	  6.2735e-01	  1.1392e-02	  7.1394e-02	  3.9395e-02	  1.1102e-04	  6.9882e-01	  6.9453e-02	  4.2880e-04	  3.3953e-02	  1.2881e+05	  8.9539e-02	  1.0521e-01	  5.9220e-03	
  5.8486e+00	  6.2770e-01	  1.1399e-02	  7.1424e-02	  3.9421e-02	  1.1108e-04	  6.9921e-01	  6.9492e-02	  4.2880e-04	  3.3966e-02	  1.2886e+05	  8.9534e-02	  1.0521e-01	  5.9185e-03	
  5.8484e+00	  6.2804e-01	  1.1405e-02	  7.1454e-02	  3.9446e-02	  1.1114e-04	  6.9959e-01	  6.9530e-02	  4.2881e-04	  3.3978e-02	  1.2892e+05	  8.9530e-02	  1.0522e-01	  5.9150e-03	
  5.8482e+00	  6.2837e-01	  1.1410e-02	  7.1483e-02	  3.9470e-02	  1.1120e-04	  6.9995e-01	  6.9567e-02	  4.2881e-04	  3.3989e-02	  1.2897e+05	  8.9526e-02	  1.0522e-01	  5.9117e-03	
  5.8480e+00	  6.2869e-01	  1.1416e-02	  7.1511e-02	  3.9493e-02	  1.1125e-04	  7.0031e-01	  6.9602e-02	  4.2881e-04	  3.4000e-02	  1.2902e+05	  8.9522e-02	  1.0522e-01	  5.9085e-03	
  5.8479e+00	  6.2899e-01	  1.1422e-02	  7.1537e-02	  3.9516e-02	  1.1130e-04	  7.0065e-01	  6.9636e-02	  4.2881e-04	  3.4011e-02	  1.2907e+05	  8.9518e-02	  1.0522e-01	  5.9054e-03	
  5.8477e+00	  6.2929e-01	  1.1427e-02	  7.1563e-02	  3.9538e-02	  1.1135e-04	  7.0097e-01	  6.9669e-02	  4.2881e-04	  3.4021e-02	  1.2911e+05	  8.9514e-02	  1.0523e-01	  5.9023e-03	
  5.8475e+00	  6.2957e-01	  1.1432e-02	  7.1588e-02	  3.9559e-02	  1.1140e-04	  7.0129e-01	  6.9700e-02	  4.2881e-04	  3.4031e-02	  1.2916e+05	  8.9510e-02	  1.0523e-01	  5.8994e-03	
  5.8473e+00	  6.2985e-01	  1.1437e-02	  7.1612e-02	  3.9579e-02	  1.1145e-04	  7.0160e-01	  6.9731e-02	  4.2881e-04	  3.4041e-02	  1.2920e+05	  8.9506e-02	  1.0523e-01	  5.8965e-03	
  5.8472e+00	  6.3012e-01	  1.1441e-02	  7.1635e-02	  3.9599e-02	  1.1150e-04	  7.0189e-01	  6.9761e-02	  4.2881e-04	  3.4050e-02	  1.2925e+05	  8.9503e-02	  1.0523e-01	  5.8938e-03	
  5.8470e+00	  6.3037e-01	  1.1446e-02	  7.1658e-02	  3.9618e-02	  1.1154e-04	  7.0218e-01	  6.9789e-02	  4.2881e-04	  3.4059e-02	  1.2929e+05	  8.9500e-02	  1.0523e-01	  5.8911e-03	
  5.8469e+00	  6.3062e-01	  1.1450e-02	  7.1679e-02	  3.9636e-02	  1.1159e-04	  7.0245e-01	  6.9817e-02	  4.2882e-04	  3.4068e-02	  1.2933e+05	  8.9496e-02	  1.0523e-01	  5.8885e-03	
  5.8467e+00	  6.3086e-01	  1.1455e-02	  7.1700e-02	  3.9654e-02	  1.1163e-04	  7.0272e-01	  6.9843e-02	  4.2882e-04	  3.4076e-02	  1.2936e+05	  8.9493e-02	  1.0524e-01	  5.8860e-03	
  5.8466e+00	  6.3109e-01	  1.1459e-02	  7.1720e-02	  3.9671e-02	  1.1167e-04	  7.0298e-01	  6.9869e-02	  4.2882e-04	  3.4084e-02	  1.2940e+05	  8.9490e-02	  1.0524e-01	  5.8835e-03	
  5.8465e+00	  6.3131e-01	  1.1463e-02	  7.1740e-02	  3.9687e-02	  1.1171e-04	  7.0323e-01	  6.9894e-02	  4.2882e-04	  3.4092e-02	  1.2944e+05	  8.9487e-02	  1.0524e-01	  5.8811e-03	
  5.8463e+00	  6.3153e-01	  1.1467e-02	  7.1759e-02	  3.9703e-02	  1.1174e-04	  7.0347e-01	  6.9918e-02	  4.2882e-04	  3.4099e-02	  1.2947e+05	  8.9485e-02	  1.0524e-01	  5.8788e-03	
  5.8462e+00	  6.3174e-01	  1.1470e-02	  7.1777e-02	  3.9719e-02	  1.1178e-04	  7.0370e-01	  6.9941e-02	  4.2882e-04	  3.4107e-02	  1.2950e+05	  8.9482e-02	  1.0524e-01	  5.8766e-03	
  5.8461e+00	  6.3194e-01	  1.1474e-02	  7.1795e-02	  3.9733e-02	  1.1181e-04	  7.0392e-01	  6.9963e-02	  4.2882e-04	  3.4114e-02	  1.2953e+05	  8.9479e-02	  1.0524e-01	  5.8745e-03	
  5.8460e+00	  6.3213e-01	  1.1477e-02	  7.1811e-02	  3.9748e-02	  1.1185e-04	  7.0414e-01	  6.9985e-02	  4.2882e-04	  3.4120e-02	  1.2956e+05	  8.9477e-02	  1.0524e-01	  5.8724e-03	
  5.8459e+00	  6.3232e-01	  1.1481e-02	  7.1828e-02	  3.9762e-02	  1.1188e-04	  7.0434e-01	  7.0006e-02	  4.2882e-04	  3.4127e-02	  1.2959e+05	  8.9474e-02	  1.0524e-01	  5.8704e-03	
  5.8458e+00	  6.3250e-01	  1.1484e-02	  7.1844e-02	  3.9775e-02	  1.1191e-04	  7.0455e-01	  7.0026e-02	  4.2882e-04	  3.4133e-02	  1.2962e+05	  8.9472e-02	  1.0525e-01	  5.8684e-03	
  5.8457e+00	  6.3268e-01	  1.1487e-02	  7.1859e-02	  3.9788e-02	  1.1194e-04	  7.0474e-01	  7.0045e-02	  4.2882e-04	  3.4139e-02	  1.2965e+05	  8.9470e-02	  1.0525e-01	  5.8665e-03	
  5.8456e+00	  6.3285e-01	  1.1490e-02	  7.1874e-02	  3.9800e-02	  1.1197e-04	  7.0493e-01	  7.0064e-02	  4.2882e-04	  3.4145e-02	  1.2968e+05	  8.9468e-02	  1.0525e-01	  5.8647e-03	
  5.8455e+00	  6.3301e-01	  1.1493e-02	  7.1888e-02	  3.9812e-02	  1.1200e-04	  7.0511e-01	  7.0082e-02	  4.2882e-04	  3.4151e-02	  1.2970e+05	  8.9465e-02	  1.0525e-01	  5.8629e-03	
  5.8454e+00	  6.3317e-01	  1.1496e-02	  7.1902e-02	  3.9824e-02	  1.1203e-04	  7.0528e-01	  7.0100e-02	  4.2883e-04	  3.4156e-02	  1.2973e+05	  8.9463e-02	  1.0525e-01	  5.8612e-03	
  5.8453e+00	  6.3332e-01	  1.1498e-02	  7.1915e-02	  3.9835e-02	  1.1205e-04	  7.0545e-01	  7.0116e-02	  4.2883e-04	  3.4161e-02	  1.2975e+05	  8.9461e-02	  1.0525e-01	  5.8596e-03	
  5.8452e+00	  6.3346e-01	  1.1501e-02	  7.1928e-02	  3.9846e-02	  1.1208e-04	  7.0561e-01	  7.0133e-02	  4.2883e-04	  3.4166e-02	  1.2977e+05	  8.9460e-02	  1.0525e-01	  5.8580e-03	
  5.8451e+00	  6.3361e-01	  1.1503e-02	  7.1940e-02	  3.9857e-02	  1.1210e-04	  7.0577e-01	  7.0148e-02	  4.2883e-04	  3.4171e-02	  1.2980e+05	  8.9458e-02	  1.0525e-01	  5.8564e-03	
  5.8450e+00	  6.3374e-01	  1.1506e-02	  7.1952e-02	  3.9867e-02	  1.1212e-04	  7.0592e-01	  7.0164e-02	  4.2883e-04	  3.4176e-02	  1.2982e+05	  8.9456e-02	  1.0525e-01	  5.8549e-03	
  5.8449e+00	  6.3388e-01	  1.1508e-02	  7.1963e-02	  3.9876e-02	  1.1215e-04	  7.0607e-01	  7.0178e-02	  4.2883e-04	  3.4181e-02	  1.2984e+05	  8.9454e-02	  1.0525e-01	  5.8534e-03	
  5.8449e+00	  6.3400e-01	  1.1511e-02	  7.1975e-02	  3.9886e-02	  1.1217e-04	  7.0621e-01	  7.0193e-02	  4.2883e-04	  3.4185e-02	  1.2986e+05	  8.9453e-02	  1.0526e-01	  5.8520e-03	
  5.8448e+00	  6.3413e-01	  1.1513e-02	  7.1985e-02	  3.9895e-02	  1.1219e-04	  7.0635e-01	  7.0206e-02	  4.2883e-04	  3.4189e-02	  1.2988e+05	  8.9451e-02	  1.0526e-01	  5.8507e-03	
  5.8447e+00	  6.3424e-01	  1.1515e-02	  7.1996e-02	  3.9904e-02	  1.1221e-04	  7.0648e-01	  7.0219e-02	  4.2883e-04	  3.4193e-02	  1.2990e+05	  8.9449e-02	  1.0526e-01	  5.8494e-03	
  5.8447e+00	  6.3436e-01	  1.1517e-02	  7.2006e-02	  3.9912e-02	  1.1223e-04	  7.0661e-01	  7.0232e-02	  4.2883e-04	  3.4197e-02	  1.2992e+05	  8.9448e-02	  1.0526e-01	  5.8481e-03	
  5.8446e+00	  6.3447e-01	  1.1519e-02	  7.2015e-02	  3.9920e-02	  1.1225e-04	  7.0673e-01	  7.0245e-02	  4.2883e-04	  3.4201e-02	  1.2993e+05	  8.9447e-02	  1.0526e-01	  5.8469e-03	
  5.8445e+00	  6.3458e-01	  1.1521e-02	  7.2025e-02	  3.9928e-02	  1.1227e-04	  7.0685e-01	  7.0256e-02	  4.2883e-04	  3.4205e-02	  1.2995e+05	  8.9445e-02	  1.0526e-01	  5.8457e-03	
  5.8445e+00	  6.3468e-01	  1.1523e-02	  7.2034e-02	  3.9936e-02	  1.1228e-04	  7.0697e-01	  7.0268e-02	  4.2883e-04	  3.4208e-02	  1.2997e+05	  8.9444e-02	  1.0526e-01	  5.8445e-03	
  5.8444e+00	  6.3478e-01	  1.1524e-02	  7.2042e-02	  3.9943e-02	  1.1230e-04	  7.0708e-01	  7.0279e-02	  4.2883e-04	  3.4212e-02	  1.2998e+05	  8.9443e-02	  1.0526e-01	  5.8434e-03	
  5.8444e+00	  6.3488e-01	  1.1526e-02	  7.2051e-02	  3.9950e-02	  1.1232e-04	  7.0718e-01	  7.0290e-02	  4.2883e-04	  3.4215e-02	  1.3000e+05	  8.9441e-02	  1.0526e-01	  5.8423e-03	
  5.8443e+00	  6.3497e-01	  1.1528e-02	  7.2059e-02	  3.9957e-02	  1.1233e-04	  7.0729e-01	  7.0300e-02	  4.2883e-04	  3.4218e-02	  1.3001e+05	  8.9440e-02	  1.0526e-01	  5.8413e-03	
  5.8442e+00	  6.3506e-01	  1.1529e-02	  7.2067e-02	  3.9964e-02	  1.1235e-04	  7.0739e-01	  7.0310e-02	  4.2883e-04	  3.4221e-02	  1.3003e+05	  8.9439e-02	  1.0526e-01	  5.8403e-03	
  5.8442e+00	  6.3515e-01	  1.1531e-02	  7.2074e-02	  3.9970e-02	  1.1236e-04	  7.0748e-01	  7.0320e-02	  4.2883e-04	  3.4224e-02	  1.3004e+05	  8.9438e-02	  1.0526e-01	  5.8393e-03	
  5.8441e+00	  6.3523e-01	  1.1532e-02	  7.2082e-02	  3.9977e-02	  1.1238e-04	  7.0758e-01	  7.0329e-02	  4.2883e-04	  3.4227e-02	  1.3005e+05	  8.9437e-02	  1.0526e-01	  5.8384e-03	
  5.8441e+00	  6.3531e-01	  1.1534e-02	  7.2089e-02	  3.9983e-02	  1.1239e-04	  7.0767e-01	  7.0338e-02	  4.2883e-04	  3.4230e-02	  1.3007e+05	  8.9436e-02	  1.0526e-01	  5.8374e-03	
  5.8440e+00	  6.3539e-01	  1.1535e-02	  7.2095e-02	  3.9988e-02	  1.1241e-04	  7.0775e-01	  7.0347e-02	  4.2883e-04	  3.4233e-02	  1.3008e+05	  8.9435e-02	  1.0526e-01	  5.8366e-03	
  5.8440e+00	  6.3547e-01	  1.1536e-02	  7.2102e-02	  3.9994e-02	  1.1242e-04	  7.0784e-01	  7.0355e-02	  4.2883e-04	  3.4235e-02	  1.3009e+05	  8.9434e-02	  1.0527e-01	  5.8357e-03	
  5.8440e+00	  6.3554e-01	  1.1538e-02	  7.2108e-02	  3.9999e-02	  1.1243e-04	  7.0792e-01	  7.0363e-02	  4.2883e-04	  3.4238e-02	  1.3010e+05	  8.9433e-02	  1.0527e-01	  5.8349e-03	
  5.8439e+00	  6.3561e-01	  1.1539e-02	  7.2115e-02	  4.0005e-02	  1.1244e-04	  7.0800e-01	  7.0371e-02	  4.2883e-04	  3.4240e-02	  1.3011e+05	  8.9432e-02	  1.0527e-01	  5.8341e-03	
  5.8439e+00	  6.3568e-01	  1.1540e-02	  7.2120e-02	  4.0010e-02	  1.1246e-04	  7.0807e-01	  7.0379e-02	  4.2883e-04	  3.4242e-02	  1.3012e+05	  8.9431e-02	  1.0527e-01	  5.8333e-03	
  5.8438e+00	  6.3574e-01	  1.1541e-02	  7.2126e-02	  4.0014e-02	  1.1247e-04	  7.0815e-01	  7.0386e-02	  4.2884e-04	  3.4245e-02	  1.3013e+05	  8.9430e-02	  1.0527e-01	  5.8326e-03	
  5.8438e+00	  6.3581e-01	  1.1543e-02	  7.2132e-02	  4.0019e-02	  1.1248e-04	  7.0822e-01	  7.0393e-02	  4.2884e-04	  3.4247e-02	  1.3014e+05	  8.9430e-02	  1.0527e-01	  5.8319e-03	
  5.8438e+00	  6.3587e-01	  1.1544e-02	  7.2137e-02	  4.0024e-02	  1.1249e-04	  7.0828e-01	  7.0400e-02	  4.2884e-04	  3.4249e-02	  1.3015e+05	  8.9429e-02	  1.0527e-01	  5.8312e-03	
  5.8437e+00	  6.3593e-01	  1.1545e-02	  7.2142e-02	  4.0028e-02	  1.1250e-04	  7.0835e-01	  7.0406e-02	  4.2884e-04	  3.4251e-02	  1.3016e+05	  8.9428e-02	  1.0527e-01	  5.8305e-03	
  5.8437e+00	  6.3598e-01	  1.1546e-02	  7.2147e-02	  4.0032e-02	  1.1251e-04	  7.0841e-01	  7.0413e-02	  4.2884e-04	  3.4253e-02	  1.3017e+05	  8.9427e-02	  1.0527e-01	  5.8299e-03	
  5.8437e+00	  6.3604e-01	  1.1547e-02	  7.2152e-02	  4.0036e-02	  1.1252e-04	  7.0847e-01	  7.0419e-02	  4.2884e-04	  3.4255e-02	  1.3018e+05	  8.9427e-02	  1.0527e-01	  5.8292e-03	
  5.8436e+00	  6.3609e-01	  1.1548e-02	  7.2157e-02	  4.0040e-02	  1.1253e-04	  7.0853e-01	  7.0425e-02	  4.2884e-04	  3.4257e-02	  1.3019e+05	  8.9426e-02	  1.0527e-01	  5.8286e-03	
  5.8436e+00	  6.3614e-01	  1.1549e-02	  7.2161e-02	  4.0044e-02	  1.1253e-04	  7.0859e-01	  7.0430e-02	  4.2884e-04	  3.4258e-02	  1.3020e+05	  8.9425e-02	  1.0527e-01	  5.8281e-03	
  5.8436e+00	  6.3619e-01	  1.1549e-02	  7.2165e-02	  4.0048e-02	  1.1254e-04	  7.0865e-01	  7.0436e-02	  4.2884e-04	  3.4260e-02	  1.3021e+05	  8.9425e-02	  1.0527e-01	  5.8275e-03	
  5.8435e+00	  6.3624e-01	  1.1550e-02	  7.2170e-02	  4.0051e-02	  1.1255e-04	  7.0870e-01	  7.0441e-02	  4.2884e-04	  3.4262e-02	  1.3021e+05	  8.9424e-02	  1.0527e-01	  5.8269e-03	
  5.8435e+00	  6.3629e-01	  1.1551e-02	  7.2174e-02	  4.0055e-02	  1.1256e-04	  7.0875e-01	  7.0446e-02	  4.2884e-04	  3.4263e-02	  1.3022e+05	  8.9423e-02	  1.0527e-01	  5.8264e-03	
  5.8435e+00	  6.3633e-01	  1.1552e-02	  7.2177e-02	  4.0058e-02	  1.1257e-04	  7.0880e-01	  7.0451e-02	  4.2884e-04	  3.4265e-02	  1.3023e+05	  8.9423e-02	  1.0527e-01	  5.8259e-03	
  5.8435e+00	  6.3637e-01	  1.1553e-02	  7.2181e-02	  4.0061e-02	  1.1257e-04	  7.0885e-01	  7.0456e-02	  4.2884e-04	  3.4266e-02	  1.3023e+05	  8.9422e-02	  1.0527e-01	  5.8254e-03	
  5.8434e+00	  6.3642e-01	  1.1553e-02	  7.2185e-02	  4.0064e-02	  1.1258e-04	  7.0889e-01	  7.0461e-02	  4.2884e-04	  3.4268e-02	  1.3024e+05	  8.9422e-02	  1.0527e-01	  5.8249e-03	
  5.8434e+00	  6.3646e-01	  1.1554e-02	  7.2188e-02	  4.0067e-02	  1.1259e-04	  7.0894e-01	  7.0465e-02	  4.2884e-04	  3.4269e-02	  1.3025e+05	  8.9421e-02	  1.0527e-01	  5.8245e-03	
  5.8434e+00	  6.3649e-01	  1.1555e-02	  7.2192e-02	  4.0070e-02	  1.1259e-04	  7.0898e-01	  7.0469e-02	  4.2884e-04	  3.4270e-02	  1.3025e+05	  8.9421e-02	  1.0527e-01	  5.8240e-03	
  5.8434e+00	  6.3653e-01	  1.1555e-02	  7.2195e-02	  4.0073e-02	  1.1260e-04	  7.0902e-01	  7.0474e-02	  4.2884e-04	  3.4272e-02	  1.3026e+05	  8.9420e-02	  1.0527e-01	  5.8236e-03	
  5.8434e+00	  6.3657e-01	  1.1556e-02	  7.2198e-02	  4.0075e-02	  1.1261e-04	  7.0906e-01	  7.0478e-02	  4.2884e-04	  3.4273e-02	  1.3026e+05	  8.9420e-02	  1.0527e-01	  5.8232e-03	
  5.8433e+00	  6.3660e-01	  1.1557e-02	  7.2201e-02	  4.0078e-02	  1.1261e-04	  7.0910e-01	  7.0481e-02	  4.2884e-04	  3.4274e-02	  1.3027e+05	  8.9419e-02	  1.0527e-01	  5.8228e-03	
  5.8433e+00	  6.3664e-01	  1.1557e-02	  7.2204e-02	  4.0081e-02	  1.1262e-04	  7.0914e-01	  7.0485e-02	  4.2884e-04	  3.4275e-02	  1.3028e+05	  8.9419e-02	  1.0527e-01	  5.8224e-03	
  5.8433e+00	  6.3667e-01	  1.1558e-02	  7.2207e-02	  4.0083e-02	  1.1262e-04	  7.0918e-01	  7.0489e-02	  4.2884e-04	  3.4276e-02	  1.3028e+05	  8.9419e-02	  1.0527e-01	  5.8220e-03	
  5.8433e+00	  6.3670e-01	  1.1558e-02	  7.2210e-02	  4.0085e-02	  1.1263e-04	  7.0921e-01	  7.0492e-02	  4.2884e-04	  3.4277e-02	  1.3029e+05	  8.9418e-02	  1.0527e-01	  5.8217e-03	
  5.8433e+00	  6.3673e-01	  1.1559e-02	  7.2212e-02	  4.0088e-02	  1.1263e-04	  7.0924e-01	  7.0496e-02	  4.2884e-04	  3.4278e-02	  1.3029e+05	  8.9418e-02	  1.0527e-01	  5.8213e-03	
  5.8432e+00	  6.3676e-01	  1.1560e-02	  7.2215e-02	  4.0090e-02	  1.1264e-04	  7.0928e-01	  7.0499e-02	  4.2884e-04	  3.4279e-02	  1.3029e+05	  8.9417e-02	  1.0527e-01	  5.8210e-03	
  5.8432e+00	  6.3679e-01	  1.1560e-02	  7.2217e-02	  4.0092e-02	  1.1264e-04	  7.0931e-01	  7.0502e-02	  4.2884e-04	  3.4280e-02	  1.3030e+05	  8.9417e-02	  1.0527e-01	  5.8207e-03	
  5.8432e+00	  6.3682e-01	  1.1560e-02	  7.2220e-02	  4.0094e-02	  1.1265e-04	  7.0934e-01	  7.0505e-02	  4.2884e-04	  3.4281e-02	  1.3030e+05	  8.9417e-02	  1.0527e-01	  5.8204e-03	
  5.8432e+00	  6.3684e-01	  1.1561e-02	  7.2222e-02	  4.0096e-02	  1.1265e-04	  7.0937e-01	  7.0508e-02	  4.2884e-04	  3.4282e-02	  1.3031e+05	  8.9416e-02	  1.0527e-01	  5.8201e-03	
  5.8432e+00	  6.3687e-01	  1.1561e-02	  7.2224e-02	  4.0098e-02	  1.1266e-04	  7.0940e-01	  7.0511e-02	  4.2884e-04	  3.4283e-02	  1.3031e+05	  8.9416e-02	  1.0527e-01	  5.8198e-03	
  5.8432e+00	  6.3689e-01	  1.1562e-02	  7.2226e-02	  4.0099e-02	  1.1266e-04	  7.0942e-01	  7.0514e-02	  4.2884e-04	  3.4284e-02	  1.3032e+05	  8.9416e-02	  1.0527e-01	  5.8195e-03	
  5.8432e+00	  6.3692e-01	  1.1562e-02	  7.2229e-02	  4.0101e-02	  1.1267e-04	  7.0945e-01	  7.0516e-02	  4.2884e-04	  3.4285e-02	  1.3032e+05	  8.9415e-02	  1.0527e-01	  5.8192e-03	
  5.8431e+00	  6.3694e-01	  1.1563e-02	  7.2231e-02	  4.0103e-02	  1.1267e-04	  7.0948e-01	  7.0519e-02	  4.2884e-04	  3.4285e-02	  1.3032e+05	  8.9415e-02	  1.0527e-01	  5.8189e-03	
  5.8431e+00	  6.3696e-01	  1.1563e-02	  7.2232e-02	  4.0105e-02	  1.1267e-04	  7.0950e-01	  7.0521e-02	  4.2884e-04	  3.4286e-02	  1.3033e+05	  8.9415e-02	  1.0527e-01	  5.8187e-03	
  5.8431e+00	  6.3698e-01	  1.1563e-02	  7.2234e-02	  4.0106e-02	  1.1268e-04	  7.0952e-01	  7.0524e-02	  4.2884e-04	  3.4287e-02	  1.3033e+05	  8.9415e-02	  1.0527e-01	  5.8184e-03	
  5.8431e+00	  6.3700e-01	  1.1564e-02	  7.2236e-02	  4.0108e-02	  1.1268e-04	  7.0955e-01	  7.0526e-02	  4.2884e-04	  3.4288e-02	  1.3033e+05	  8.9414e-02	  1.0527e-01	  5.8182e-03	
