          pH	          Na	           K	          Ca	          Mg	         PO4	          Cl	         SO4	         NH4	        HCO3	          sc	         FeS	      Pyrite	     Calcite	
  6.6644e+00	  4.1755e-03	  3.3043e-04	  4.8964e-03	  1.0614e-03	  4.1174e-05	  6.0679e-03	  1.8024e-04	  4.2255e-04	  9.0118e-06	  2.5751e+03	  0.0000e+00	  0.0000e+00	  0.0000e+00	
  6.6644e+00	  4.1755e-03	  3.3043e-04	  4.8964e-03	  1.0614e-03	  4.1174e-05	  6.0679e-03	  1.8024e-04	  4.2255e-04	  9.0118e-06	  2.5751e+03	  0.0000e+00	  0.0000e+00	  0.0000e+00	
  7.5107e+00	  4.3493e-03	  3.3900e-04	  5.1249e-03	  1.1154e-03	  6.1426e-07	  6.6220e-03	  2.4572e-04	  4.3723e-04	  7.9861e-05	  2.7423e+03	  0.0000e+00	  1.5000e-01	  0.0000e+00	
  7.4960e+00	  4.4864e-03	  3.4465e-04	  5.2984e-03	  1.1540e-03	  6.2760e-07	  7.1743e-03	  3.0886e-04	  4.4300e-04	  1.1335e-04	  2.8840e+03	  0.0000e+00	  1.4999e-01	  0.0000e+00	
  7.4820e+00	  4.6195e-03	  3.5004e-04	  5.4657e-03	  1.1914e-03	  6.4118e-07	  7.7025e-03	  3.6873e-04	  4.4845e-04	  1.4531e-04	  3.0194e+03	  0.0000e+00	  1.4999e-01	  0.0000e+00	
  7.4685e+00	  4.7485e-03	  3.5518e-04	  5.6268e-03	  1.2274e-03	  6.5498e-07	  8.2081e-03	  4.2559e-04	  4.5361e-04	  1.7584e-04	  3.1488e+03	  0.0000e+00	  1.4999e-01	  0.0000e+00	
  7.4557e+00	  4.8737e-03	  3.6009e-04	  5.7822e-03	  1.2621e-03	  6.6893e-07	  8.6924e-03	  4.7970e-04	  4.5849e-04	  2.0503e-04	  3.2726e+03	  0.0000e+00	  1.4999e-01	  0.0000e+00	
  7.4433e+00	  4.9950e-03	  3.6479e-04	  5.9319e-03	  1.2956e-03	  6.8303e-07	  9.1567e-03	  5.3124e-04	  4.6313e-04	  2.3296e-04	  3.3911e+03	  0.0000e+00	  1.4999e-01	  0.0000e+00	
  7.4315e+00	  5.1127e-03	  3.6928e-04	  6.0763e-03	  1.3279e-03	  6.9723e-07	  9.6021e-03	  5.8042e-04	  4.6753e-04	  2.5972e-04	  3.5047e+03	  0.0000e+00	  1.4999e-01	  0.0000e+00	
  7.4201e+00	  5.2267e-03	  3.7359e-04	  6.2154e-03	  1.3591e-03	  7.1151e-07	  1.0030e-02	  6.2738e-04	  4.7171e-04	  2.8536e-04	  3.6135e+03	  0.0000e+00	  1.4999e-01	  0.0000e+00	
  7.4091e+00	  5.3371e-03	  3.7771e-04	  6.3496e-03	  1.3892e-03	  7.2585e-07	  1.0440e-02	  6.7228e-04	  4.7569e-04	  3.0996e-04	  3.7179e+03	  0.0000e+00	  1.4999e-01	  0.0000e+00	
  7.3986e+00	  5.4442e-03	  3.8166e-04	  6.4788e-03	  1.4182e-03	  7.4022e-07	  1.0835e-02	  7.1523e-04	  4.7947e-04	  3.3355e-04	  3.8181e+03	  0.0000e+00	  1.4999e-01	  0.0000e+00	
  7.3885e+00	  5.5478e-03	  3.8544e-04	  6.6035e-03	  1.4462e-03	  7.5459e-07	  1.1214e-02	  7.5635e-04	  4.8308e-04	  3.5621e-04	  3.9142e+03	  0.0000e+00	  1.4999e-01	  0.0000e+00	
  7.3787e+00	  5.6483e-03	  3.8908e-04	  6.7237e-03	  1.4733e-03	  7.6895e-07	  1.1578e-02	  7.9575e-04	  4.8651e-04	  3.7797e-04	  4.0066e+03	  0.0000e+00	  1.4999e-01	  0.0000e+00	
  7.3694e+00	  5.7455e-03	  3.9256e-04	  6.8395e-03	  1.4993e-03	  7.8328e-07	  1.1929e-02	  8.3353e-04	  4.8979e-04	  3.9887e-04	  4.0953e+03	  0.0000e+00	  1.4999e-01	  0.0000e+00	
  7.3603e+00	  5.8397e-03	  3.9591e-04	  6.9512e-03	  1.5245e-03	  7.9756e-07	  1.2266e-02	  8.6976e-04	  4.9292e-04	  4.1896e-04	  4.1805e+03	  0.0000e+00	  1.4999e-01	  0.0000e+00	
  7.3516e+00	  5.9309e-03	  3.9912e-04	  7.0589e-03	  1.5487e-03	  8.1177e-07	  1.2590e-02	  9.0454e-04	  4.9591e-04	  4.3828e-04	  4.2625e+03	  0.0000e+00	  1.4999e-01	  0.0000e+00	
  7.3432e+00	  6.0191e-03	  4.0221e-04	  7.1628e-03	  1.5722e-03	  8.2591e-07	  1.2903e-02	  9.3793e-04	  4.9876e-04	  4.5685e-04	  4.3412e+03	  0.0000e+00	  1.4999e-01	  0.0000e+00	
  7.3351e+00	  6.1046e-03	  4.0517e-04	  7.2629e-03	  1.5947e-03	  8.3994e-07	  1.3203e-02	  9.7000e-04	  5.0149e-04	  4.7472e-04	  4.4170e+03	  0.0000e+00	  1.4999e-01	  0.0000e+00	
  7.3273e+00	  6.1873e-03	  4.0802e-04	  7.3595e-03	  1.6165e-03	  8.5387e-07	  1.3493e-02	  1.0008e-03	  5.0410e-04	  4.9192e-04	  4.4899e+03	  0.0000e+00	  1.4999e-01	  0.0000e+00	
  7.3198e+00	  6.2673e-03	  4.1076e-04	  7.4526e-03	  1.6376e-03	  8.6768e-07	  1.3772e-02	  1.0304e-03	  5.0660e-04	  5.0846e-04	  4.5600e+03	  0.0000e+00	  1.4999e-01	  0.0000e+00	
  7.3126e+00	  6.3447e-03	  4.1340e-04	  7.5425e-03	  1.6579e-03	  8.8135e-07	  1.4040e-02	  1.0589e-03	  5.0899e-04	  5.2439e-04	  4.6275e+03	  0.0000e+00	  1.4999e-01	  0.0000e+00	
  7.3056e+00	  6.4197e-03	  4.1593e-04	  7.6291e-03	  1.6775e-03	  8.9488e-07	  1.4299e-02	  1.0863e-03	  5.1128e-04	  5.3973e-04	  4.6925e+03	  0.0000e+00	  1.4999e-01	  0.0000e+00	
  7.2988e+00	  6.4922e-03	  4.1837e-04	  7.7126e-03	  1.6964e-03	  9.0826e-07	  1.4549e-02	  1.1126e-03	  5.1347e-04	  5.5449e-04	  4.7550e+03	  0.0000e+00	  1.4999e-01	  0.0000e+00	
  7.2923e+00	  6.5623e-03	  4.2072e-04	  7.7932e-03	  1.7146e-03	  9.2147e-07	  1.4789e-02	  1.1380e-03	  5.1557e-04	  5.6871e-04	  4.8153e+03	  0.0000e+00	  1.4999e-01	  0.0000e+00	
  7.2860e+00	  6.6301e-03	  4.2298e-04	  7.8709e-03	  1.7322e-03	  9.3452e-07	  1.5020e-02	  1.1624e-03	  5.1758e-04	  5.8241e-04	  4.8732e+03	  0.0000e+00	  1.4999e-01	  0.0000e+00	
  7.2800e+00	  6.6958e-03	  4.2515e-04	  7.9459e-03	  1.7492e-03	  9.4738e-07	  1.5244e-02	  1.1859e-03	  5.1952e-04	  5.9561e-04	  4.9291e+03	  0.0000e+00	  1.4999e-01	  0.0000e+00	
  7.2741e+00	  6.7592e-03	  4.2724e-04	  8.0182e-03	  1.7656e-03	  9.6007e-07	  1.5459e-02	  1.2085e-03	  5.2137e-04	  6.0832e-04	  4.9829e+03	  0.0000e+00	  1.4999e-01	  0.0000e+00	
  7.2685e+00	  6.8206e-03	  4.2926e-04	  8.0880e-03	  1.7814e-03	  9.7256e-07	  1.5666e-02	  1.2303e-03	  5.2314e-04	  6.2058e-04	  5.0347e+03	  0.0000e+00	  1.4999e-01	  0.0000e+00	
  7.2630e+00	  6.8800e-03	  4.3120e-04	  8.1553e-03	  1.7967e-03	  9.8485e-07	  1.5866e-02	  1.2512e-03	  5.2485e-04	  6.3238e-04	  5.0846e+03	  0.0000e+00	  1.4999e-01	  0.0000e+00	
  7.2578e+00	  6.9374e-03	  4.3307e-04	  8.2202e-03	  1.8114e-03	  9.9694e-07	  1.6059e-02	  1.2714e-03	  5.2649e-04	  6.4376e-04	  5.1328e+03	  0.0000e+00	  1.4999e-01	  0.0000e+00	
  7.2527e+00	  6.9929e-03	  4.3486e-04	  8.2829e-03	  1.8256e-03	  1.0088e-06	  1.6245e-02	  1.2909e-03	  5.2806e-04	  6.5473e-04	  5.1791e+03	  0.0000e+00	  1.4999e-01	  0.0000e+00	
  7.2478e+00	  7.0466e-03	  4.3660e-04	  8.3433e-03	  1.8394e-03	  1.0205e-06	  1.6425e-02	  1.3096e-03	  5.2957e-04	  6.6530e-04	  5.2238e+03	  0.0000e+00	  1.4999e-01	  0.0000e+00	
  7.2431e+00	  7.0985e-03	  4.3827e-04	  8.4016e-03	  1.8526e-03	  1.0320e-06	  1.6597e-02	  1.3277e-03	  5.3102e-04	  6.7550e-04	  5.2669e+03	  0.0000e+00	  1.4999e-01	  0.0000e+00	
  7.2385e+00	  7.1487e-03	  4.3988e-04	  8.4579e-03	  1.8654e-03	  1.0432e-06	  1.6764e-02	  1.3451e-03	  5.3241e-04	  6.8532e-04	  5.3084e+03	  0.0000e+00	  1.4999e-01	  0.0000e+00	
  7.2341e+00	  7.1972e-03	  4.4143e-04	  8.5121e-03	  1.8778e-03	  1.0543e-06	  1.6925e-02	  1.3619e-03	  5.3375e-04	  6.9480e-04	  5.3484e+03	  0.0000e+00	  1.4999e-01	  0.0000e+00	
  7.2298e+00	  7.2441e-03	  4.4292e-04	  8.5645e-03	  1.8897e-03	  1.0651e-06	  1.7080e-02	  1.3781e-03	  5.3504e-04	  7.0394e-04	  5.3870e+03	  0.0000e+00	  1.4999e-01	  0.0000e+00	
  7.2257e+00	  7.2894e-03	  4.4436e-04	  8.6151e-03	  1.9012e-03	  1.0757e-06	  1.7230e-02	  1.3937e-03	  5.3628e-04	  7.1275e-04	  5.4242e+03	  0.0000e+00	  1.4999e-01	  0.0000e+00	
  7.2218e+00	  7.3332e-03	  4.4575e-04	  8.6638e-03	  1.9123e-03	  1.0861e-06	  1.7375e-02	  1.4087e-03	  5.3747e-04	  7.2124e-04	  5.4600e+03	  0.0000e+00	  1.4999e-01	  0.0000e+00	
  7.2179e+00	  7.3756e-03	  4.4709e-04	  8.7109e-03	  1.9230e-03	  1.0962e-06	  1.7514e-02	  1.4232e-03	  5.3861e-04	  7.2944e-04	  5.4946e+03	  0.0000e+00	  1.4999e-01	  0.0000e+00	
  7.2142e+00	  7.4165e-03	  4.4838e-04	  8.7563e-03	  1.9333e-03	  1.1062e-06	  1.7648e-02	  1.4372e-03	  5.3972e-04	  7.3734e-04	  5.5280e+03	  0.0000e+00	  1.4999e-01	  0.0000e+00	
  7.2107e+00	  7.4561e-03	  4.4963e-04	  8.8001e-03	  1.9433e-03	  1.1159e-06	  1.7778e-02	  1.4507e-03	  5.4078e-04	  7.4497e-04	  5.5601e+03	  0.0000e+00	  1.4999e-01	  0.0000e+00	
  7.2072e+00	  7.4944e-03	  4.5083e-04	  8.8424e-03	  1.9530e-03	  1.1254e-06	  1.7903e-02	  1.4637e-03	  5.4179e-04	  7.5232e-04	  5.5911e+03	  0.0000e+00	  1.4999e-01	  0.0000e+00	
  7.2039e+00	  7.5313e-03	  4.5198e-04	  8.8832e-03	  1.9623e-03	  1.1347e-06	  1.8024e-02	  1.4762e-03	  5.4278e-04	  7.5941e-04	  5.6211e+03	  0.0000e+00	  1.4999e-01	  0.0000e+00	
  7.2007e+00	  7.5670e-03	  4.5310e-04	  8.9225e-03	  1.9712e-03	  1.1438e-06	  1.8141e-02	  1.4883e-03	  5.4372e-04	  7.6626e-04	  5.6499e+03	  0.0000e+00	  1.4999e-01	  0.0000e+00	
  7.1975e+00	  7.6016e-03	  4.5417e-04	  8.9606e-03	  1.9799e-03	  1.1526e-06	  1.8253e-02	  1.4999e-03	  5.4463e-04	  7.7286e-04	  5.6777e+03	  0.0000e+00	  1.4999e-01	  0.0000e+00	
  7.1945e+00	  7.6349e-03	  4.5521e-04	  8.9972e-03	  1.9883e-03	  1.1613e-06	  1.8361e-02	  1.5112e-03	  5.4550e-04	  7.7923e-04	  5.7046e+03	  0.0000e+00	  1.4999e-01	  0.0000e+00	
  7.1917e+00	  7.6671e-03	  4.5621e-04	  9.0326e-03	  1.9964e-03	  1.1697e-06	  1.8466e-02	  1.5220e-03	  5.4634e-04	  7.8537e-04	  5.7305e+03	  0.0000e+00	  1.4999e-01	  0.0000e+00	
  7.1889e+00	  7.6983e-03	  4.5717e-04	  9.0668e-03	  2.0042e-03	  1.1779e-06	  1.8567e-02	  1.5325e-03	  5.4716e-04	  7.9130e-04	  5.7555e+03	  0.0000e+00	  1.4999e-01	  0.0000e+00	
  7.1862e+00	  7.7284e-03	  4.5811e-04	  9.0998e-03	  2.0117e-03	  1.1860e-06	  1.8665e-02	  1.5426e-03	  5.4794e-04	  7.9702e-04	  5.7795e+03	  0.0000e+00	  1.4999e-01	  0.0000e+00	
  7.1835e+00	  7.7575e-03	  4.5900e-04	  9.1316e-03	  2.0190e-03	  1.1938e-06	  1.8759e-02	  1.5523e-03	  5.4869e-04	  8.0254e-04	  5.8028e+03	  0.0000e+00	  1.4999e-01	  0.0000e+00	
  7.1810e+00	  7.7856e-03	  4.5987e-04	  9.1623e-03	  2.0260e-03	  1.2014e-06	  1.8850e-02	  1.5617e-03	  5.4941e-04	  8.0787e-04	  5.8252e+03	  0.0000e+00	  1.4999e-01	  0.0000e+00	
  7.1786e+00	  7.8127e-03	  4.6070e-04	  9.1919e-03	  2.0327e-03	  1.2088e-06	  1.8937e-02	  1.5708e-03	  5.5011e-04	  8.1300e-04	  5.8469e+03	  0.0000e+00	  1.4999e-01	  0.0000e+00	
  7.1762e+00	  7.8390e-03	  4.6151e-04	  9.2206e-03	  2.0393e-03	  1.2160e-06	  1.9022e-02	  1.5795e-03	  5.5078e-04	  8.1796e-04	  5.8677e+03	  0.0000e+00	  1.4999e-01	  0.0000e+00	
  7.1740e+00	  7.8643e-03	  4.6229e-04	  9.2482e-03	  2.0456e-03	  1.2231e-06	  1.9104e-02	  1.5880e-03	  5.5143e-04	  8.2275e-04	  5.8879e+03	  0.0000e+00	  1.4999e-01	  0.0000e+00	
  7.1718e+00	  7.8888e-03	  4.6304e-04	  9.2748e-03	  2.0517e-03	  1.2299e-06	  1.9182e-02	  1.5961e-03	  5.5205e-04	  8.2737e-04	  5.9073e+03	  0.0000e+00	  1.4999e-01	  0.0000e+00	
  7.1697e+00	  7.9124e-03	  4.6376e-04	  9.3006e-03	  2.0576e-03	  1.2366e-06	  1.9258e-02	  1.6040e-03	  5.5266e-04	  8.3182e-04	  5.9261e+03	  0.0000e+00	  1.4999e-01	  0.0000e+00	
  7.1676e+00	  7.9353e-03	  4.6446e-04	  9.3254e-03	  2.0633e-03	  1.2431e-06	  1.9332e-02	  1.6116e-03	  5.5323e-04	  8.3612e-04	  5.9442e+03	  0.0000e+00	  1.4999e-01	  0.0000e+00	
  7.1657e+00	  7.9574e-03	  4.6513e-04	  9.3494e-03	  2.0687e-03	  1.2494e-06	  1.9403e-02	  1.6189e-03	  5.5379e-04	  8.4028e-04	  5.9617e+03	  0.0000e+00	  1.4999e-01	  0.0000e+00	
  7.1638e+00	  7.9787e-03	  4.6578e-04	  9.3725e-03	  2.0740e-03	  1.2555e-06	  1.9471e-02	  1.6259e-03	  5.5433e-04	  8.4428e-04	  5.9785e+03	  0.0000e+00	  1.4999e-01	  0.0000e+00	
  7.1619e+00	  7.9993e-03	  4.6641e-04	  9.3948e-03	  2.0791e-03	  1.2614e-06	  1.9537e-02	  1.6327e-03	  5.5485e-04	  8.4815e-04	  5.9948e+03	  0.0000e+00	  1.4999e-01	  0.0000e+00	
  7.1601e+00	  8.0192e-03	  4.6702e-04	  9.4164e-03	  2.0841e-03	  1.2672e-06	  1.9601e-02	  1.6393e-03	  5.5535e-04	  8.5188e-04	  6.0105e+03	  0.0000e+00	  1.4999e-01	  0.0000e+00	
  7.1584e+00	  8.0384e-03	  4.6760e-04	  9.4372e-03	  2.0888e-03	  1.2729e-06	  1.9662e-02	  1.6457e-03	  5.5583e-04	  8.5548e-04	  6.0256e+03	  0.0000e+00	  1.4999e-01	  0.0000e+00	
  7.1568e+00	  8.0570e-03	  4.6816e-04	  9.4573e-03	  2.0934e-03	  1.2783e-06	  1.9722e-02	  1.6518e-03	  5.5630e-04	  8.5896e-04	  6.0402e+03	  0.0000e+00	  1.4999e-01	  0.0000e+00	
  7.1552e+00	  8.0750e-03	  4.6871e-04	  9.4767e-03	  2.0979e-03	  1.2836e-06	  1.9779e-02	  1.6577e-03	  5.5674e-04	  8.6231e-04	  6.0544e+03	  0.0000e+00	  1.4999e-01	  0.0000e+00	
  7.1536e+00	  8.0923e-03	  4.6923e-04	  9.4954e-03	  2.1022e-03	  1.2888e-06	  1.9835e-02	  1.6634e-03	  5.5718e-04	  8.6555e-04	  6.0680e+03	  0.0000e+00	  1.4999e-01	  0.0000e+00	
  7.1521e+00	  8.1090e-03	  4.6974e-04	  9.5135e-03	  2.1063e-03	  1.2938e-06	  1.9888e-02	  1.6689e-03	  5.5759e-04	  8.6867e-04	  6.0811e+03	  0.0000e+00	  1.4999e-01	  0.0000e+00	
  7.1507e+00	  8.1252e-03	  4.7023e-04	  9.5309e-03	  2.1103e-03	  1.2986e-06	  1.9940e-02	  1.6742e-03	  5.5799e-04	  8.7169e-04	  6.0938e+03	  0.0000e+00	  1.4999e-01	  0.0000e+00	
  7.1493e+00	  8.1408e-03	  4.7070e-04	  9.5478e-03	  2.1142e-03	  1.3033e-06	  1.9989e-02	  1.6794e-03	  5.5838e-04	  8.7460e-04	  6.1060e+03	  0.0000e+00	  1.4999e-01	  0.0000e+00	
  7.1480e+00	  8.1559e-03	  4.7115e-04	  9.5641e-03	  2.1179e-03	  1.3079e-06	  2.0037e-02	  1.6843e-03	  5.5876e-04	  8.7741e-04	  6.1179e+03	  0.0000e+00	  1.4999e-01	  0.0000e+00	
  7.1467e+00	  8.1705e-03	  4.7159e-04	  9.5797e-03	  2.1215e-03	  1.3123e-06	  2.0084e-02	  1.6891e-03	  5.5912e-04	  8.8013e-04	  6.1293e+03	  0.0000e+00	  1.4999e-01	  0.0000e+00	
  7.1454e+00	  8.1846e-03	  4.7202e-04	  9.5949e-03	  2.1250e-03	  1.3166e-06	  2.0129e-02	  1.6937e-03	  5.5946e-04	  8.8275e-04	  6.1403e+03	  0.0000e+00	  1.4999e-01	  0.0000e+00	
  7.1442e+00	  8.1982e-03	  4.7243e-04	  9.6095e-03	  2.1283e-03	  1.3208e-06	  2.0172e-02	  1.6982e-03	  5.5980e-04	  8.8528e-04	  6.1509e+03	  0.0000e+00	  1.4999e-01	  0.0000e+00	
  7.1430e+00	  8.2113e-03	  4.7282e-04	  9.6237e-03	  2.1315e-03	  1.3249e-06	  2.0214e-02	  1.7025e-03	  5.6012e-04	  8.8772e-04	  6.1612e+03	  0.0000e+00	  1.4999e-01	  0.0000e+00	
  7.1419e+00	  8.2240e-03	  4.7320e-04	  9.6373e-03	  2.1347e-03	  1.3288e-06	  2.0254e-02	  1.7066e-03	  5.6043e-04	  8.9007e-04	  6.1711e+03	  0.0000e+00	  1.4999e-01	  0.0000e+00	
  7.1408e+00	  8.2363e-03	  4.7357e-04	  9.6504e-03	  2.1377e-03	  1.3326e-06	  2.0293e-02	  1.7106e-03	  5.6073e-04	  8.9235e-04	  6.1806e+03	  0.0000e+00	  1.4999e-01	  0.0000e+00	
  7.1398e+00	  8.2481e-03	  4.7393e-04	  9.6632e-03	  2.1406e-03	  1.3363e-06	  2.0330e-02	  1.7145e-03	  5.6102e-04	  8.9454e-04	  6.1898e+03	  0.0000e+00	  1.4999e-01	  0.0000e+00	
  7.1388e+00	  8.2595e-03	  4.7427e-04	  9.6754e-03	  2.1434e-03	  1.3398e-06	  2.0367e-02	  1.7182e-03	  5.6130e-04	  8.9666e-04	  6.1987e+03	  0.0000e+00	  1.4999e-01	  0.0000e+00	
  7.1378e+00	  8.2706e-03	  4.7460e-04	  9.6873e-03	  2.1461e-03	  1.3433e-06	  2.0402e-02	  1.7218e-03	  5.6157e-04	  8.9871e-04	  6.2073e+03	  0.0000e+00	  1.4999e-01	  0.0000e+00	
  7.1368e+00	  8.2812e-03	  4.7492e-04	  9.6987e-03	  2.1487e-03	  1.3466e-06	  2.0435e-02	  1.7253e-03	  5.6183e-04	  9.0068e-04	  6.2156e+03	  0.0000e+00	  1.4999e-01	  0.0000e+00	
  7.1359e+00	  8.2915e-03	  4.7523e-04	  9.7097e-03	  2.1513e-03	  1.3499e-06	  2.0468e-02	  1.7287e-03	  5.6209e-04	  9.0259e-04	  6.2237e+03	  0.0000e+00	  1.4999e-01	  0.0000e+00	
  7.1350e+00	  8.3015e-03	  4.7553e-04	  9.7204e-03	  2.1537e-03	  1.3530e-06	  2.0499e-02	  1.7319e-03	  5.6233e-04	  9.0443e-04	  6.2314e+03	  0.0000e+00	  1.4999e-01	  0.0000e+00	
  7.1342e+00	  8.3111e-03	  4.7581e-04	  9.7307e-03	  2.1561e-03	  1.3561e-06	  2.0530e-02	  1.7350e-03	  5.6256e-04	  9.0621e-04	  6.2388e+03	  0.0000e+00	  1.4999e-01	  0.0000e+00	
  7.1334e+00	  8.3203e-03	  4.7609e-04	  9.7406e-03	  2.1584e-03	  1.3590e-06	  2.0559e-02	  1.7380e-03	  5.6279e-04	  9.0792e-04	  6.2461e+03	  0.0000e+00	  1.4999e-01	  0.0000e+00	
  7.1326e+00	  8.3293e-03	  4.7636e-04	  9.7502e-03	  2.1606e-03	  1.3619e-06	  2.0588e-02	  1.7410e-03	  5.6300e-04	  9.0958e-04	  6.2530e+03	  0.0000e+00	  1.4999e-01	  0.0000e+00	
  7.1318e+00	  8.3380e-03	  4.7662e-04	  9.7595e-03	  2.1627e-03	  1.3647e-06	  2.0615e-02	  1.7438e-03	  5.6322e-04	  9.1118e-04	  6.2597e+03	  0.0000e+00	  1.4999e-01	  0.0000e+00	
  7.1311e+00	  8.3463e-03	  4.7687e-04	  9.7684e-03	  2.1647e-03	  1.3673e-06	  2.0641e-02	  1.7465e-03	  5.6342e-04	  9.1272e-04	  6.2662e+03	  0.0000e+00	  1.4999e-01	  0.0000e+00	
  7.1303e+00	  8.3544e-03	  4.7711e-04	  9.7770e-03	  2.1667e-03	  1.3699e-06	  2.0667e-02	  1.7491e-03	  5.6361e-04	  9.1421e-04	  6.2725e+03	  0.0000e+00	  1.4999e-01	  0.0000e+00	
  7.1296e+00	  8.3622e-03	  4.7734e-04	  9.7854e-03	  2.1686e-03	  1.3725e-06	  2.0692e-02	  1.7516e-03	  5.6380e-04	  9.1565e-04	  6.2785e+03	  0.0000e+00	  1.4999e-01	  0.0000e+00	
  7.1290e+00	  8.3697e-03	  4.7756e-04	  9.7934e-03	  2.1705e-03	  1.3749e-06	  2.0715e-02	  1.7541e-03	  5.6398e-04	  9.1704e-04	  6.2843e+03	  0.0000e+00	  1.4999e-01	  0.0000e+00	
  7.1283e+00	  8.3770e-03	  4.7778e-04	  9.8012e-03	  2.1723e-03	  1.3772e-06	  2.0738e-02	  1.7565e-03	  5.6416e-04	  9.1838e-04	  6.2900e+03	  0.0000e+00	  1.4999e-01	  0.0000e+00	
  7.1277e+00	  8.3840e-03	  4.7799e-04	  9.8087e-03	  2.1740e-03	  1.3795e-06	  2.0761e-02	  1.7587e-03	  5.6433e-04	  9.1968e-04	  6.2954e+03	  0.0000e+00	  1.4999e-01	  0.0000e+00	
  7.1271e+00	  8.3908e-03	  4.7819e-04	  9.8159e-03	  2.1756e-03	  1.3817e-06	  2.0782e-02	  1.7609e-03	  5.6449e-04	  9.2093e-04	  6.3007e+03	  0.0000e+00	  1.4999e-01	  0.0000e+00	
  7.1265e+00	  8.3973e-03	  4.7839e-04	  9.8229e-03	  2.1772e-03	  1.3838e-06	  2.0803e-02	  1.7631e-03	  5.6465e-04	  9.2213e-04	  6.3057e+03	  0.0000e+00	  1.4999e-01	  0.0000e+00	
  7.1260e+00	  8.4036e-03	  4.7858e-04	  9.8297e-03	  2.1788e-03	  1.3859e-06	  2.0823e-02	  1.7651e-03	  5.6480e-04	  9.2330e-04	  6.3106e+03	  0.0000e+00	  1.4999e-01	  0.0000e+00	
  7.1254e+00	  8.4098e-03	  4.7876e-04	  9.8362e-03	  2.1803e-03	  1.3879e-06	  2.0842e-02	  1.7671e-03	  5.6495e-04	  9.2442e-04	  6.3153e+03	  0.0000e+00	  1.4999e-01	  0.0000e+00	
  7.1249e+00	  8.4157e-03	  4.7893e-04	  9.8425e-03	  2.1817e-03	  1.3898e-06	  2.0860e-02	  1.7690e-03	  5.6509e-04	  9.2551e-04	  6.3199e+03	  0.0000e+00	  1.4999e-01	  0.0000e+00	
  7.1244e+00	  8.4213e-03	  4.7910e-04	  9.8486e-03	  2.1831e-03	  1.3917e-06	  2.0878e-02	  1.7708e-03	  5.6523e-04	  9.2656e-04	  6.3243e+03	  0.0000e+00	  1.4999e-01	  0.0000e+00	
  7.1239e+00	  8.4268e-03	  4.7927e-04	  9.8544e-03	  2.1845e-03	  1.3935e-06	  2.0896e-02	  1.7726e-03	  5.6536e-04	  9.2757e-04	  6.3286e+03	  0.0000e+00	  1.4999e-01	  0.0000e+00	
  7.1234e+00	  8.4322e-03	  4.7942e-04	  9.8601e-03	  2.1858e-03	  1.3953e-06	  2.0912e-02	  1.7743e-03	  5.6549e-04	  9.2855e-04	  6.3327e+03	  0.0000e+00	  1.4999e-01	  0.0000e+00	
  7.1230e+00	  8.4373e-03	  4.7958e-04	  9.8656e-03	  2.1870e-03	  1.3970e-06	  2.0929e-02	  1.7760e-03	  5.6561e-04	  9.2949e-04	  6.3366e+03	  0.0000e+00	  1.4999e-01	  0.0000e+00	
  7.1225e+00	  8.4422e-03	  4.7972e-04	  9.8709e-03	  2.1882e-03	  1.3986e-06	  2.0944e-02	  1.7776e-03	  5.6573e-04	  9.3040e-04	  6.3405e+03	  0.0000e+00	  1.4999e-01	  0.0000e+00	
  7.1221e+00	  8.4470e-03	  4.7987e-04	  9.8759e-03	  2.1894e-03	  1.4002e-06	  2.0959e-02	  1.7792e-03	  5.6585e-04	  9.3128e-04	  6.3441e+03	  0.0000e+00	  1.4999e-01	  0.0000e+00	
  7.1217e+00	  8.4516e-03	  4.8000e-04	  9.8809e-03	  2.1905e-03	  1.4017e-06	  2.0974e-02	  1.7807e-03	  5.6596e-04	  9.3213e-04	  6.3477e+03	  0.0000e+00	  1.4999e-01	  0.0000e+00	
  7.1213e+00	  8.4561e-03	  4.8013e-04	  9.8856e-03	  2.1916e-03	  1.4032e-06	  2.0988e-02	  1.7821e-03	  5.6607e-04	  9.3295e-04	  6.3512e+03	  0.0000e+00	  1.4999e-01	  0.0000e+00	
  7.1209e+00	  8.4604e-03	  4.8026e-04	  9.8902e-03	  2.1927e-03	  1.4046e-06	  2.1001e-02	  1.7835e-03	  5.6617e-04	  9.3374e-04	  6.3545e+03	  0.0000e+00	  1.4999e-01	  0.0000e+00	
  7.1206e+00	  8.4646e-03	  4.8039e-04	  9.8946e-03	  2.1937e-03	  1.4060e-06	  2.1015e-02	  1.7848e-03	  5.6627e-04	  9.3451e-04	  6.3577e+03	  0.0000e+00	  1.4999e-01	  0.0000e+00	
  7.1202e+00	  8.4686e-03	  4.8051e-04	  9.8989e-03	  2.1947e-03	  1.4073e-06	  2.1027e-02	  1.7861e-03	  5.6636e-04	  9.3525e-04	  6.3608e+03	  0.0000e+00	  1.4999e-01	  0.0000e+00	
  7.1199e+00	  8.4725e-03	  4.8062e-04	  9.9031e-03	  2.1956e-03	  1.4086e-06	  2.1039e-02	  1.7874e-03	  5.6646e-04	  9.3596e-04	  6.3638e+03	  0.0000e+00	  1.4999e-01	  0.0000e+00	
  7.1195e+00	  8.4762e-03	  4.8073e-04	  9.9070e-03	  2.1966e-03	  1.4099e-06	  2.1051e-02	  1.7886e-03	  5.6655e-04	  9.3665e-04	  6.3667e+03	  0.0000e+00	  1.4999e-01	  0.0000e+00	
  7.1192e+00	  8.4798e-03	  4.8084e-04	  9.9109e-03	  2.1974e-03	  1.4111e-06	  2.1063e-02	  1.7898e-03	  5.6663e-04	  9.3731e-04	  6.3695e+03	  0.0000e+00	  1.4999e-01	  0.0000e+00	
  7.1189e+00	  8.4833e-03	  4.8094e-04	  9.9146e-03	  2.1983e-03	  1.4122e-06	  2.1074e-02	  1.7909e-03	  5.6672e-04	  9.3795e-04	  6.3722e+03	  0.0000e+00	  1.4999e-01	  0.0000e+00	
  7.1186e+00	  8.4867e-03	  4.8104e-04	  9.9182e-03	  2.1991e-03	  1.4134e-06	  2.1084e-02	  1.7920e-03	  5.6680e-04	  9.3857e-04	  6.3748e+03	  0.0000e+00	  1.4999e-01	  0.0000e+00	
  7.1183e+00	  8.4900e-03	  4.8114e-04	  9.9217e-03	  2.1999e-03	  1.4145e-06	  2.1095e-02	  1.7930e-03	  5.6688e-04	  9.3917e-04	  6.3773e+03	  0.0000e+00	  1.4999e-01	  0.0000e+00	
  7.1180e+00	  8.4931e-03	  4.8123e-04	  9.9250e-03	  2.2007e-03	  1.4155e-06	  2.1104e-02	  1.7941e-03	  5.6695e-04	  9.3975e-04	  6.3797e+03	  0.0000e+00	  1.4999e-01	  0.0000e+00	
  7.1178e+00	  8.4961e-03	  4.8132e-04	  9.9282e-03	  2.2014e-03	  1.4165e-06	  2.1114e-02	  1.7950e-03	  5.6702e-04	  9.4031e-04	  6.3820e+03	  0.0000e+00	  1.4999e-01	  0.0000e+00	
  7.1175e+00	  8.4991e-03	  4.8141e-04	  9.9314e-03	  2.2021e-03	  1.4175e-06	  2.1123e-02	  1.7960e-03	  5.6709e-04	  9.4085e-04	  6.3843e+03	  0.0000e+00	  1.4999e-01	  0.0000e+00	
  7.1173e+00	  8.5019e-03	  4.8149e-04	  9.9344e-03	  2.2028e-03	  1.4185e-06	  2.1132e-02	  1.7969e-03	  5.6716e-04	  9.4137e-04	  6.3865e+03	  0.0000e+00	  1.4999e-01	  0.0000e+00	
  7.1170e+00	  8.5046e-03	  4.8157e-04	  9.9373e-03	  2.2035e-03	  1.4194e-06	  2.1141e-02	  1.7978e-03	  5.6723e-04	  9.4187e-04	  6.3886e+03	  0.0000e+00	  1.4999e-01	  0.0000e+00	
  7.1168e+00	  8.5073e-03	  4.8165e-04	  9.9401e-03	  2.2041e-03	  1.4203e-06	  2.1149e-02	  1.7986e-03	  5.6729e-04	  9.4235e-04	  6.3906e+03	  0.0000e+00	  1.4999e-01	  0.0000e+00	
  7.1166e+00	  8.5098e-03	  4.8173e-04	  9.9428e-03	  2.2048e-03	  1.4211e-06	  2.1157e-02	  1.7995e-03	  5.6735e-04	  9.4282e-04	  6.3926e+03	  0.0000e+00	  1.4999e-01	  0.0000e+00	
  7.1163e+00	  8.5123e-03	  4.8180e-04	  9.9454e-03	  2.2054e-03	  1.4220e-06	  2.1165e-02	  1.8003e-03	  5.6741e-04	  9.4327e-04	  6.3945e+03	  0.0000e+00	  1.4999e-01	  0.0000e+00	
  7.1161e+00	  8.5147e-03	  4.8187e-04	  9.9480e-03	  2.2060e-03	  1.4228e-06	  2.1172e-02	  1.8010e-03	  5.6747e-04	  9.4371e-04	  6.3963e+03	  0.0000e+00	  1.4999e-01	  0.0000e+00	
  7.1159e+00	  8.5170e-03	  4.8194e-04	  9.9504e-03	  2.2065e-03	  1.4235e-06	  2.1179e-02	  1.8018e-03	  5.6752e-04	  9.4413e-04	  6.3981e+03	  0.0000e+00	  1.4999e-01	  0.0000e+00	
  7.1157e+00	  8.5192e-03	  4.8200e-04	  9.9528e-03	  2.2071e-03	  1.4243e-06	  2.1186e-02	  1.8025e-03	  5.6757e-04	  9.4454e-04	  6.3998e+03	  0.0000e+00	  1.4999e-01	  0.0000e+00	
  7.1155e+00	  8.5213e-03	  4.8207e-04	  9.9550e-03	  2.2076e-03	  1.4250e-06	  2.1193e-02	  1.8032e-03	  5.6762e-04	  9.4493e-04	  6.4014e+03	  0.0000e+00	  1.4999e-01	  0.0000e+00	
  7.1154e+00	  8.5234e-03	  4.8213e-04	  9.9572e-03	  2.2081e-03	  1.4257e-06	  2.1200e-02	  1.8038e-03	  5.6767e-04	  9.4531e-04	  6.4030e+03	  0.0000e+00	  1.4999e-01	  0.0000e+00	
  7.1152e+00	  8.5254e-03	  4.8219e-04	  9.9593e-03	  2.2086e-03	  1.4264e-06	  2.1206e-02	  1.8045e-03	  5.6772e-04	  9.4567e-04	  6.4045e+03	  0.0000e+00	  1.4999e-01	  0.0000e+00	
  7.1150e+00	  8.5273e-03	  4.8225e-04	  9.9614e-03	  2.2090e-03	  1.4270e-06	  2.1212e-02	  1.8051e-03	  5.6777e-04	  9.4603e-04	  6.4060e+03	  0.0000e+00	  1.4999e-01	  0.0000e+00	
  7.1149e+00	  8.5292e-03	  4.8230e-04	  9.9634e-03	  2.2095e-03	  1.4277e-06	  2.1218e-02	  1.8057e-03	  5.6781e-04	  9.4637e-04	  6.4075e+03	  0.0000e+00	  1.4999e-01	  0.0000e+00	
  7.1147e+00	  8.5310e-03	  4.8235e-04	  9.9653e-03	  2.2099e-03	  1.4283e-06	  2.1224e-02	  1.8063e-03	  5.6785e-04	  9.4670e-04	  6.4088e+03	  0.0000e+00	  1.4999e-01	  0.0000e+00	
  7.1145e+00	  8.5327e-03	  4.8240e-04	  9.9671e-03	  2.2104e-03	  1.4289e-06	  2.1229e-02	  1.8069e-03	  5.6790e-04	  9.4702e-04	  6.4102e+03	  0.0000e+00	  1.4999e-01	  0.0000e+00	
  7.1144e+00	  8.5344e-03	  4.8245e-04	  9.9689e-03	  2.2108e-03	  1.4294e-06	  2.1234e-02	  1.8074e-03	  5.6794e-04	  9.4732e-04	  6.4115e+03	  0.0000e+00	  1.4999e-01	  0.0000e+00	
  7.1143e+00	  8.5360e-03	  4.8250e-04	  9.9706e-03	  2.2112e-03	  1.4300e-06	  2.1239e-02	  1.8079e-03	  5.6797e-04	  9.4762e-04	  6.4127e+03	  0.0000e+00	  1.4999e-01	  0.0000e+00	
  7.1141e+00	  8.5376e-03	  4.8255e-04	  9.9723e-03	  2.2115e-03	  1.4305e-06	  2.1244e-02	  1.8084e-03	  5.6801e-04	  9.4791e-04	  6.4139e+03	  0.0000e+00	  1.4999e-01	  0.0000e+00	
  7.1140e+00	  8.5391e-03	  4.8259e-04	  9.9739e-03	  2.2119e-03	  1.4310e-06	  2.1249e-02	  1.8089e-03	  5.6805e-04	  9.4818e-04	  6.4151e+03	  0.0000e+00	  1.4999e-01	  0.0000e+00	
  7.1138e+00	  8.5406e-03	  4.8264e-04	  9.9754e-03	  2.2123e-03	  1.4315e-06	  2.1254e-02	  1.8094e-03	  5.6808e-04	  9.4845e-04	  6.4162e+03	  0.0000e+00	  1.4999e-01	  0.0000e+00	
  7.1137e+00	  8.5420e-03	  4.8268e-04	  9.9769e-03	  2.2126e-03	  1.4320e-06	  2.1258e-02	  1.8098e-03	  5.6811e-04	  9.4871e-04	  6.4173e+03	  0.0000e+00	  1.4999e-01	  0.0000e+00	
  7.1136e+00	  8.5433e-03	  4.8272e-04	  9.9784e-03	  2.2129e-03	  1.4325e-06	  2.1262e-02	  1.8103e-03	  5.6815e-04	  9.4896e-04	  6.4183e+03	  0.0000e+00	  1.4999e-01	  0.0000e+00	
  7.1135e+00	  8.5446e-03	  4.8276e-04	  9.9798e-03	  2.2133e-03	  1.4329e-06	  2.1266e-02	  1.8107e-03	  5.6818e-04	  9.4920e-04	  6.4193e+03	  0.0000e+00	  1.4999e-01	  0.0000e+00	
  7.1134e+00	  8.5459e-03	  4.8279e-04	  9.9811e-03	  2.2136e-03	  1.4334e-06	  2.1270e-02	  1.8111e-03	  5.6821e-04	  9.4943e-04	  6.4203e+03	  0.0000e+00	  1.4999e-01	  0.0000e+00	
  7.1133e+00	  8.5471e-03	  4.8283e-04	  9.9824e-03	  2.2139e-03	  1.4338e-06	  2.1274e-02	  1.8115e-03	  5.6824e-04	  9.4966e-04	  6.4212e+03	  0.0000e+00	  1.4999e-01	  0.0000e+00	
  7.1132e+00	  8.5483e-03	  4.8287e-04	  9.9837e-03	  2.2142e-03	  1.4342e-06	  2.1278e-02	  1.8119e-03	  5.6827e-04	  9.4987e-04	  6.4222e+03	  0.0000e+00	  1.4999e-01	  0.0000e+00	
  7.1131e+00	  8.5494e-03	  4.8290e-04	  9.9849e-03	  2.2144e-03	  1.4346e-06	  2.1281e-02	  1.8122e-03	  5.6829e-04	  9.5008e-04	  6.4230e+03	  0.0000e+00	  1.4999e-01	  0.0000e+00	
  7.1130e+00	  8.5505e-03	  4.8293e-04	  9.9860e-03	  2.2147e-03	  1.4349e-06	  2.1285e-02	  1.8126e-03	  5.6832e-04	  9.5028e-04	  6.4239e+03	  0.0000e+00	  1.4999e-01	  0.0000e+00	
  7.1129e+00	  8.5516e-03	  4.8296e-04	  9.9872e-03	  2.2150e-03	  1.4353e-06	  2.1288e-02	  1.8129e-03	  5.6834e-04	  9.5048e-04	  6.4247e+03	  0.0000e+00	  1.4999e-01	  0.0000e+00	
  7.1128e+00	  8.5526e-03	  4.8299e-04	  9.9883e-03	  2.2152e-03	  1.4357e-06	  2.1292e-02	  1.8133e-03	  5.6837e-04	  9.5067e-04	  6.4255e+03	  0.0000e+00	  1.4999e-01	  0.0000e+00	
  7.1127e+00	  8.5536e-03	  4.8302e-04	  9.9893e-03	  2.2155e-03	  1.4360e-06	  2.1295e-02	  1.8136e-03	  5.6839e-04	  9.5085e-04	  6.4262e+03	  0.0000e+00	  1.4999e-01	  0.0000e+00	
  7.1126e+00	  8.5546e-03	  4.8305e-04	  9.9903e-03	  2.2157e-03	  1.4363e-06	  2.1298e-02	  1.8139e-03	  5.6841e-04	  9.5102e-04	  6.4270e+03	  0.0000e+00	  1.4999e-01	  0.0000e+00	
  7.1125e+00	  8.5555e-03	  4.8308e-04	  9.9913e-03	  2.2159e-03	  1.4366e-06	  2.1301e-02	  1.8142e-03	  5.6844e-04	  9.5119e-04	  6.4277e+03	  0.0000e+00	  1.4999e-01	  0.0000e+00	
  7.1124e+00	  8.5564e-03	  4.8310e-04	  9.9923e-03	  2.2161e-03	  1.4369e-06	  2.1303e-02	  1.8145e-03	  5.6846e-04	  9.5136e-04	  6.4284e+03	  0.0000e+00	  1.4999e-01	  0.0000e+00	
  7.1124e+00	  8.5573e-03	  4.8313e-04	  9.9932e-03	  2.2163e-03	  1.4372e-06	  2.1306e-02	  1.8148e-03	  5.6848e-04	  9.5151e-04	  6.4290e+03	  0.0000e+00	  1.4999e-01	  0.0000e+00	
  7.1123e+00	  8.5581e-03	  4.8315e-04	  9.9941e-03	  2.2165e-03	  1.4375e-06	  2.1309e-02	  1.8150e-03	  5.6850e-04	  9.5167e-04	  6.4297e+03	  0.0000e+00	  1.4999e-01	  0.0000e+00	
  7.1122e+00	  8.5589e-03	  4.8318e-04	  9.9949e-03	  2.2167e-03	  1.4378e-06	  2.1311e-02	  1.8153e-03	  5.6852e-04	  9.5181e-04	  6.4303e+03	  0.0000e+00	  1.4999e-01	  0.0000e+00	
  7.1122e+00	  8.5597e-03	  4.8320e-04	  9.9957e-03	  2.2169e-03	  1.4381e-06	  2.1314e-02	  1.8155e-03	  5.6854e-04	  9.5196e-04	  6.4309e+03	  0.0000e+00	  1.4999e-01	  0.0000e+00	
  7.1121e+00	  8.5604e-03	  4.8322e-04	  9.9965e-03	  2.2171e-03	  1.4383e-06	  2.1316e-02	  1.8158e-03	  5.6855e-04	  9.5209e-04	  6.4315e+03	  0.0000e+00	  1.4999e-01	  0.0000e+00	
  7.1120e+00	  8.5612e-03	  4.8324e-04	  9.9973e-03	  2.2173e-03	  1.4386e-06	  2.1318e-02	  1.8160e-03	  5.6857e-04	  9.5223e-04	  6.4320e+03	  0.0000e+00	  1.4999e-01	  0.0000e+00	
  7.1120e+00	  8.5619e-03	  4.8327e-04	  9.9980e-03	  2.2175e-03	  1.4388e-06	  2.1320e-02	  1.8162e-03	  5.6859e-04	  9.5235e-04	  6.4326e+03	  0.0000e+00	  1.4999e-01	  0.0000e+00	
  7.1119e+00	  8.5625e-03	  4.8329e-04	  9.9988e-03	  2.2176e-03	  1.4390e-06	  2.1323e-02	  1.8165e-03	  5.6860e-04	  9.5248e-04	  6.4331e+03	  0.0000e+00	  1.4999e-01	  0.0000e+00	
  7.1118e+00	  8.5632e-03	  4.8330e-04	  9.9994e-03	  2.2178e-03	  1.4393e-06	  2.1325e-02	  1.8167e-03	  5.6862e-04	  9.5260e-04	  6.4336e+03	  0.0000e+00	  1.4999e-01	  0.0000e+00	
  7.1118e+00	  8.5638e-03	  4.8332e-04	  1.0000e-02	  2.2179e-03	  1.4395e-06	  2.1327e-02	  1.8169e-03	  5.6863e-04	  9.5271e-04	  6.4341e+03	  0.0000e+00	  1.4999e-01	  0.0000e+00	
  7.1117e+00	  8.5644e-03	  4.8334e-04	  1.0001e-02	  2.2181e-03	  1.4397e-06	  2.1329e-02	  1.8171e-03	  5.6865e-04	  9.5282e-04	  6.4345e+03	  0.0000e+00	  1.4999e-01	  0.0000e+00	
  7.1117e+00	  8.5650e-03	  4.8336e-04	  1.0001e-02	  2.2182e-03	  1.4399e-06	  2.1330e-02	  1.8173e-03	  5.6866e-04	  9.5293e-04	  6.4350e+03	  0.0000e+00	  1.4999e-01	  0.0000e+00	
  7.1116e+00	  8.5656e-03	  4.8337e-04	  1.0002e-02	  2.2184e-03	  1.4401e-06	  2.1332e-02	  1.8174e-03	  5.6868e-04	  9.5304e-04	  6.4354e+03	  0.0000e+00	  1.4999e-01	  0.0000e+00	
  7.1116e+00	  8.5661e-03	  4.8339e-04	  1.0003e-02	  2.2185e-03	  1.4403e-06	  2.1334e-02	  1.8176e-03	  5.6869e-04	  9.5314e-04	  6.4358e+03	  0.0000e+00	  1.4999e-01	  0.0000e+00	
  7.1115e+00	  8.5666e-03	  4.8341e-04	  1.0003e-02	  2.2186e-03	  1.4404e-06	  2.1336e-02	  1.8178e-03	  5.6870e-04	  9.5323e-04	  6.4362e+03	  0.0000e+00	  1.4999e-01	  0.0000e+00	
  7.1115e+00	  8.5672e-03	  4.8342e-04	  1.0004e-02	  2.2188e-03	  1.4406e-06	  2.1337e-02	  1.8180e-03	  5.6871e-04	  9.5333e-04	  6.4366e+03	  0.0000e+00	  1.4999e-01	  0.0000e+00	
  7.1115e+00	  8.5676e-03	  4.8344e-04	  1.0004e-02	  2.2189e-03	  1.4408e-06	  2.1339e-02	  1.8181e-03	  5.6872e-04	  9.5342e-04	  6.4370e+03	  0.0000e+00	  1.4999e-01	  0.0000e+00	
  7.1114e+00	  8.5681e-03	  4.8345e-04	  1.0005e-02	  2.2190e-03	  1.4410e-06	  2.1340e-02	  1.8183e-03	  5.6874e-04	  9.5350e-04	  6.4374e+03	  0.0000e+00	  1.4999e-01	  0.0000e+00	
  7.1114e+00	  8.5686e-03	  4.8346e-04	  1.0005e-02	  2.2191e-03	  1.4411e-06	  2.1342e-02	  1.8184e-03	  5.6875e-04	  9.5359e-04	  6.4377e+03	  0.0000e+00	  1.4999e-01	  0.0000e+00	
  7.1113e+00	  8.5690e-03	  4.8348e-04	  1.0006e-02	  2.2192e-03	  1.4413e-06	  2.1343e-02	  1.8186e-03	  5.6876e-04	  9.5367e-04	  6.4381e+03	  0.0000e+00	  1.4999e-01	  0.0000e+00	
  7.1113e+00	  8.5694e-03	  4.8349e-04	  1.0006e-02	  2.2193e-03	  1.4414e-06	  2.1344e-02	  1.8187e-03	  5.6877e-04	  9.5375e-04	  6.4384e+03	  0.0000e+00	  1.4999e-01	  0.0000e+00	
  7.1113e+00	  8.5699e-03	  4.8350e-04	  1.0007e-02	  2.2194e-03	  1.4416e-06	  2.1346e-02	  1.8188e-03	  5.6878e-04	  9.5382e-04	  6.4387e+03	  0.0000e+00	  1.4999e-01	  0.0000e+00	
  7.1112e+00	  8.5703e-03	  4.8351e-04	  1.0007e-02	  2.2195e-03	  1.4417e-06	  2.1347e-02	  1.8190e-03	  5.6879e-04	  9.5390e-04	  6.4390e+03	  0.0000e+00	  1.4999e-01	  0.0000e+00	
  7.1112e+00	  8.5706e-03	  4.8352e-04	  1.0007e-02	  2.2196e-03	  1.4418e-06	  2.1348e-02	  1.8191e-03	  5.6880e-04	  9.5397e-04	  6.4393e+03	  0.0000e+00	  1.4999e-01	  0.0000e+00	
  7.1112e+00	  8.5710e-03	  4.8354e-04	  1.0008e-02	  2.2197e-03	  1.4419e-06	  2.1349e-02	  1.8192e-03	  5.6880e-04	  9.5403e-04	  6.4396e+03	  0.0000e+00	  1.4999e-01	  0.0000e+00	
  7.1111e+00	  8.5714e-03	  4.8355e-04	  1.0008e-02	  2.2198e-03	  1.4421e-06	  2.1350e-02	  1.8193e-03	  5.6881e-04	  9.5410e-04	  6.4399e+03	  0.0000e+00	  1.4999e-01	  0.0000e+00	
  7.1111e+00	  8.5717e-03	  4.8356e-04	  1.0009e-02	  2.2199e-03	  1.4422e-06	  2.1351e-02	  1.8194e-03	  5.6882e-04	  9.5416e-04	  6.4401e+03	  0.0000e+00	  1.4999e-01	  0.0000e+00	
  7.1111e+00	  8.5721e-03	  4.8357e-04	  1.0009e-02	  2.2200e-03	  1.4423e-06	  2.1353e-02	  1.8195e-03	  5.6883e-04	  9.5422e-04	  6.4404e+03	  0.0000e+00	  1.4999e-01	  0.0000e+00	
  7.1110e+00	  8.5724e-03	  4.8358e-04	  1.0009e-02	  2.2200e-03	  1.4424e-06	  2.1354e-02	  1.8196e-03	  5.6884e-04	  9.5428e-04	  6.4407e+03	  0.0000e+00	  1.4999e-01	  0.0000e+00	
  7.1110e+00	  8.5727e-03	  4.8359e-04	  1.0010e-02	  2.2201e-03	  1.4425e-06	  2.1355e-02	  1.8197e-03	  5.6884e-04	  9.5434e-04	  6.4409e+03	  0.0000e+00	  1.4999e-01	  0.0000e+00	
  7.1110e+00	  8.5730e-03	  4.8359e-04	  1.0010e-02	  2.2202e-03	  1.4426e-06	  2.1355e-02	  1.8198e-03	  5.6885e-04	  9.5440e-04	  6.4411e+03	  0.0000e+00	  1.4999e-01	  0.0000e+00	
  7.1110e+00	  8.5733e-03	  4.8360e-04	  1.0010e-02	  2.2202e-03	  1.4427e-06	  2.1356e-02	  1.8199e-03	  5.6886e-04	  9.5445e-04	  6.4414e+03	  0.0000e+00	  1.4999e-01	  0.0000e+00	
  7.1109e+00	  8.5736e-03	  4.8361e-04	  1.0010e-02	  2.2203e-03	  1.4428e-06	  2.1357e-02	  1.8200e-03	  5.6886e-04	  9.5450e-04	  6.4416e+03	  0.0000e+00	  1.4999e-01	  0.0000e+00	
  7.1109e+00	  8.5738e-03	  4.8362e-04	  1.0011e-02	  2.2204e-03	  1.4429e-06	  2.1358e-02	  1.8201e-03	  5.6887e-04	  9.5455e-04	  6.4418e+03	  0.0000e+00	  1.4999e-01	  0.0000e+00	
  7.1109e+00	  8.5741e-03	  4.8363e-04	  1.0011e-02	  2.2204e-03	  1.4430e-06	  2.1359e-02	  1.8202e-03	  5.6888e-04	  9.5460e-04	  6.4420e+03	  0.0000e+00	  1.4999e-01	  0.0000e+00	
  7.1109e+00	  8.5744e-03	  4.8363e-04	  1.0011e-02	  2.2205e-03	  1.4431e-06	  2.1360e-02	  1.8203e-03	  5.6888e-04	  9.5465e-04	  6.4422e+03	  0.0000e+00	  1.4999e-01	  0.0000e+00	
  7.1108e+00	  8.5746e-03	  4.8364e-04	  1.0012e-02	  2.2206e-03	  1.4432e-06	  2.1361e-02	  1.8204e-03	  5.6889e-04	  9.5469e-04	  6.4424e+03	  0.0000e+00	  1.4999e-01	  0.0000e+00	
  7.1108e+00	  8.5748e-03	  4.8365e-04	  1.0012e-02	  2.2206e-03	  1.4433e-06	  2.1361e-02	  1.8204e-03	  5.6889e-04	  9.5473e-04	  6.4425e+03	  0.0000e+00	  1.4999e-01	  0.0000e+00	
  7.1108e+00	  8.5751e-03	  4.8365e-04	  1.0012e-02	  2.2207e-03	  1.4433e-06	  2.1362e-02	  1.8205e-03	  5.6890e-04	  9.5478e-04	  6.4427e+03	  0.0000e+00	  1.4999e-01	  0.0000e+00	
  7.1108e+00	  8.5753e-03	  4.8366e-04	  1.0012e-02	  2.2207e-03	  1.4434e-06	  2.1363e-02	  1.8206e-03	  5.6890e-04	  9.5482e-04	  6.4429e+03	  0.0000e+00	  1.4999e-01	  0.0000e+00	
  7.1108e+00	  8.5755e-03	  4.8367e-04	  1.0013e-02	  2.2208e-03	  1.4435e-06	  2.1363e-02	  1.8206e-03	  5.6891e-04	  9.5485e-04	  6.4430e+03	  0.0000e+00	  1.4999e-01	  0.0000e+00	
  7.1107e+00	  8.5757e-03	  4.8367e-04	  1.0013e-02	  2.2208e-03	  1.4436e-06	  2.1364e-02	  1.8207e-03	  5.6891e-04	  9.5489e-04	  6.4432e+03	  0.0000e+00	  1.4999e-01	  0.0000e+00	
  7.1107e+00	  8.5759e-03	  4.8368e-04	  1.0013e-02	  2.2209e-03	  1.4436e-06	  2.1365e-02	  1.8208e-03	  5.6892e-04	  9.5493e-04	  6.4434e+03	  0.0000e+00	  1.4999e-01	  0.0000e+00	
  7.1107e+00	  8.5761e-03	  4.8369e-04	  1.0013e-02	  2.2209e-03	  1.4437e-06	  2.1365e-02	  1.8208e-03	  5.6892e-04	  9.5496e-04	  6.4435e+03	  0.0000e+00	  1.4999e-01	  0.0000e+00	
  7.1107e+00	  8.5763e-03	  4.8369e-04	  1.0013e-02	  2.2210e-03	  1.4438e-06	  2.1366e-02	  1.8209e-03	  5.6893e-04	  9.5500e-04	  6.4436e+03	  0.0000e+00	  1.4999e-01	  0.0000e+00	
  7.1107e+00	  8.5764e-03	  4.8370e-04	  1.0014e-02	  2.2210e-03	  1.4438e-06	  2.1366e-02	  1.8210e-03	  5.6893e-04	  9.5503e-04	  6.4438e+03	  0.0000e+00	  1.4999e-01	  0.0000e+00	
  7.1107e+00	  8.5766e-03	  4.8370e-04	  1.0014e-02	  2.2211e-03	  1.4439e-06	  2.1367e-02	  1.8210e-03	  5.6894e-04	  9.5506e-04	  6.4439e+03	  0.0000e+00	  1.4999e-01	  0.0000e+00	
  7.1106e+00	  8.5768e-03	  4.8371e-04	  1.0014e-02	  2.2211e-03	  1.4439e-06	  2.1367e-02	  1.8211e-03	  5.6894e-04	  9.5509e-04	  6.4440e+03	  0.0000e+00	  1.4999e-01	  0.0000e+00	
  7.1106e+00	  8.5769e-03	  4.8371e-04	  1.0014e-02	  2.2211e-03	  1.4440e-06	  2.1368e-02	  1.8211e-03	  5.6894e-04	  9.5512e-04	  6.4442e+03	  0.0000e+00	  1.4999e-01	  0.0000e+00	
  7.1106e+00	  8.5771e-03	  4.8372e-04	  1.0014e-02	  2.2212e-03	  1.4440e-06	  2.1368e-02	  1.8212e-03	  5.6895e-04	  9.5515e-04	  6.4443e+03	  0.0000e+00	  1.4999e-01	  0.0000e+00	
  7.1106e+00	  8.5773e-03	  4.8372e-04	  1.0014e-02	  2.2212e-03	  1.4441e-06	  2.1369e-02	  1.8212e-03	  5.6895e-04	  9.5518e-04	  6.4444e+03	  0.0000e+00	  1.4999e-01	  0.0000e+00	
