          pH	          Na	           K	          Ca	          Mg	         PO4	          Cl	         SO4	         NH4	        HCO3	          sc	         FeS	      Pyrite	     Calcite	       CaPO4	      Fe3PO4	     CaMgCO3	
  6.8627e+00	  2.2824e-03	  2.8029e-04	  3.8340e-03	  7.9083e-04	  4.9892e-05	  1.3314e-03	  2.0021e-05	  3.8070e-04	  9.0095e-06	  1.4414e+03	  0.0000e+00	  0.0000e+00	  0.0000e+00	  0.0000e+00	  0.0000e+00	  0.0000e+00	
  6.8627e+00	  2.2824e-03	  2.8029e-04	  3.8340e-03	  7.9083e-04	  4.9892e-05	  1.3314e-03	  2.0021e-05	  3.8070e-04	  9.0095e-06	  1.4414e+03	  0.0000e+00	  0.0000e+00	  0.0000e+00	  0.0000e+00	  0.0000e+00	  0.0000e+00	
  7.1210e+00	  5.1417e-03	  3.1920e-04	  4.5897e-03	  9.0825e-04	  6.2013e-06	  3.2742e-03	  4.0813e-04	  3.8254e-04	  2.2202e-03	  2.3685e+03	  5.0339e-02	  1.2483e-01	  0.0000e+00	  1.9454e-01	  2.0822e-01	  0.0000e+00	
  7.1113e+00	  7.8997e-03	  3.5599e-04	  4.8994e-03	  9.7213e-04	  6.4039e-06	  5.1485e-03	  7.8288e-04	  3.8294e-04	  3.2956e-03	  3.0781e+03	  5.1503e-02	  1.2425e-01	  0.0000e+00	  1.9467e-01	  2.0802e-01	  0.0000e+00	
  7.1020e+00	  1.0566e-02	  3.9156e-04	  5.1955e-03	  1.0333e-03	  6.5932e-06	  6.9583e-03	  1.1447e-03	  3.8330e-04	  4.3324e-03	  3.7548e+03	  5.2619e-02	  1.2369e-01	  0.0000e+00	  1.9480e-01	  2.0783e-01	  0.0000e+00	
  7.0931e+00	  1.3142e-02	  4.2593e-04	  5.4786e-03	  1.0920e-03	  6.7714e-06	  8.7058e-03	  1.4942e-03	  3.8363e-04	  5.3321e-03	  4.4010e+03	  5.3690e-02	  1.2315e-01	  0.0000e+00	  1.9492e-01	  2.0765e-01	  0.0000e+00	
  7.0847e+00	  1.5632e-02	  4.5914e-04	  5.7494e-03	  1.1482e-03	  6.9400e-06	  1.0393e-02	  1.8316e-03	  3.8393e-04	  6.2959e-03	  5.0185e+03	  5.4718e-02	  1.2264e-01	  0.0000e+00	  1.9504e-01	  2.0748e-01	  0.0000e+00	
  7.0767e+00	  1.8037e-02	  4.9123e-04	  6.0085e-03	  1.2022e-03	  7.1003e-06	  1.2023e-02	  2.1574e-03	  3.8420e-04	  7.2253e-03	  5.6092e+03	  5.5705e-02	  1.2215e-01	  0.0000e+00	  1.9515e-01	  2.0731e-01	  0.0000e+00	
  7.0691e+00	  2.0362e-02	  5.2224e-04	  6.2566e-03	  1.2540e-03	  7.2530e-06	  1.3596e-02	  2.4720e-03	  3.8446e-04	  8.1214e-03	  6.1746e+03	  5.6654e-02	  1.2167e-01	  0.0000e+00	  1.9526e-01	  2.0715e-01	  0.0000e+00	
  7.0619e+00	  2.2607e-02	  5.5219e-04	  6.4943e-03	  1.3037e-03	  7.3989e-06	  1.5115e-02	  2.7757e-03	  3.8469e-04	  8.9854e-03	  6.7162e+03	  5.7566e-02	  1.2122e-01	  0.0000e+00	  1.9536e-01	  2.0699e-01	  0.0000e+00	
  7.0551e+00	  2.4777e-02	  5.8113e-04	  6.7220e-03	  1.3515e-03	  7.5385e-06	  1.6582e-02	  3.0691e-03	  3.8490e-04	  9.8186e-03	  7.2353e+03	  5.8442e-02	  1.2078e-01	  0.0000e+00	  1.9546e-01	  2.0684e-01	  0.0000e+00	
  7.0486e+00	  2.6872e-02	  6.0908e-04	  6.9403e-03	  1.3974e-03	  7.6723e-06	  1.7998e-02	  3.3523e-03	  3.8510e-04	  1.0622e-02	  7.7331e+03	  5.9286e-02	  1.2036e-01	  0.0000e+00	  1.9555e-01	  2.0670e-01	  0.0000e+00	
  7.0425e+00	  2.8897e-02	  6.3608e-04	  7.1496e-03	  1.4415e-03	  7.8006e-06	  1.9366e-02	  3.6258e-03	  3.8528e-04	  1.1397e-02	  8.2106e+03	  6.0097e-02	  1.1995e-01	  0.0000e+00	  1.9565e-01	  2.0656e-01	  0.0000e+00	
  7.0367e+00	  3.0852e-02	  6.6216e-04	  7.3504e-03	  1.4839e-03	  7.9239e-06	  2.0687e-02	  3.8899e-03	  3.8545e-04	  1.2144e-02	  8.6689e+03	  6.0878e-02	  1.1956e-01	  0.0000e+00	  1.9573e-01	  2.0643e-01	  0.0000e+00	
  7.0312e+00	  3.2741e-02	  6.8736e-04	  7.5430e-03	  1.5246e-03	  8.0423e-06	  2.1962e-02	  4.1449e-03	  3.8561e-04	  1.2865e-02	  9.1090e+03	  6.1629e-02	  1.1918e-01	  0.0000e+00	  1.9582e-01	  2.0630e-01	  0.0000e+00	
  7.0259e+00	  3.4566e-02	  7.1169e-04	  7.7279e-03	  1.5639e-03	  8.1562e-06	  2.3193e-02	  4.3911e-03	  3.8576e-04	  1.3560e-02	  9.5316e+03	  6.2353e-02	  1.1882e-01	  0.0000e+00	  1.9590e-01	  2.0618e-01	  0.0000e+00	
  7.0210e+00	  3.6328e-02	  7.3519e-04	  7.9054e-03	  1.6016e-03	  8.2658e-06	  2.4382e-02	  4.6289e-03	  3.8590e-04	  1.4230e-02	  9.9376e+03	  6.3049e-02	  1.1847e-01	  0.0000e+00	  1.9598e-01	  2.0606e-01	  0.0000e+00	
  7.0162e+00	  3.8030e-02	  7.5789e-04	  8.0758e-03	  1.6379e-03	  8.3712e-06	  2.5530e-02	  4.8584e-03	  3.8603e-04	  1.4876e-02	  1.0328e+04	  6.3721e-02	  1.1814e-01	  0.0000e+00	  1.9606e-01	  2.0595e-01	  0.0000e+00	
  7.0117e+00	  3.9674e-02	  7.7982e-04	  8.2395e-03	  1.6728e-03	  8.4728e-06	  2.6639e-02	  5.0801e-03	  3.8615e-04	  1.5500e-02	  1.0703e+04	  6.4367e-02	  1.1781e-01	  0.0000e+00	  1.9613e-01	  2.0584e-01	  0.0000e+00	
  7.0074e+00	  4.1262e-02	  8.0099e-04	  8.3968e-03	  1.7065e-03	  8.5706e-06	  2.7709e-02	  5.2942e-03	  3.8626e-04	  1.6101e-02	  1.1064e+04	  6.4990e-02	  1.1750e-01	  0.0000e+00	  1.9620e-01	  2.0573e-01	  0.0000e+00	
  7.0033e+00	  4.2795e-02	  8.2144e-04	  8.5479e-03	  1.7388e-03	  8.6648e-06	  2.8743e-02	  5.5009e-03	  3.8637e-04	  1.6681e-02	  1.1410e+04	  6.5590e-02	  1.1720e-01	  0.0000e+00	  1.9627e-01	  2.0563e-01	  0.0000e+00	
  6.9994e+00	  4.4276e-02	  8.4119e-04	  8.6931e-03	  1.7700e-03	  8.7557e-06	  2.9741e-02	  5.7005e-03	  3.8647e-04	  1.7241e-02	  1.1744e+04	  6.6168e-02	  1.1691e-01	  0.0000e+00	  1.9633e-01	  2.0553e-01	  0.0000e+00	
  6.9957e+00	  4.5706e-02	  8.6027e-04	  8.8327e-03	  1.8000e-03	  8.8432e-06	  3.0705e-02	  5.8932e-03	  3.8657e-04	  1.7781e-02	  1.2065e+04	  6.6726e-02	  1.1664e-01	  0.0000e+00	  1.9640e-01	  2.0544e-01	  0.0000e+00	
  6.9922e+00	  4.7088e-02	  8.7869e-04	  8.9669e-03	  1.8289e-03	  8.9276e-06	  3.1635e-02	  6.0793e-03	  3.8666e-04	  1.8301e-02	  1.2374e+04	  6.7263e-02	  1.1637e-01	  0.0000e+00	  1.9646e-01	  2.0535e-01	  0.0000e+00	
  6.9888e+00	  4.8422e-02	  8.9648e-04	  9.0959e-03	  1.8568e-03	  9.0089e-06	  3.2534e-02	  6.2590e-03	  3.8674e-04	  1.8804e-02	  1.2671e+04	  6.7781e-02	  1.1611e-01	  0.0000e+00	  1.9651e-01	  2.0526e-01	  0.0000e+00	
  6.9855e+00	  4.9710e-02	  9.1366e-04	  9.2200e-03	  1.8836e-03	  9.0874e-06	  3.3401e-02	  6.4325e-03	  3.8682e-04	  1.9288e-02	  1.2957e+04	  6.8281e-02	  1.1586e-01	  0.0000e+00	  1.9657e-01	  2.0517e-01	  0.0000e+00	
  6.9824e+00	  5.0954e-02	  9.3025e-04	  9.3394e-03	  1.9094e-03	  9.1630e-06	  3.4239e-02	  6.6000e-03	  3.8690e-04	  1.9756e-02	  1.3233e+04	  6.8762e-02	  1.1562e-01	  0.0000e+00	  1.9663e-01	  2.0509e-01	  0.0000e+00	
  6.9795e+00	  5.2156e-02	  9.4628e-04	  9.4543e-03	  1.9343e-03	  9.2360e-06	  3.5048e-02	  6.7618e-03	  3.8697e-04	  2.0207e-02	  1.3498e+04	  6.9227e-02	  1.1538e-01	  0.0000e+00	  1.9668e-01	  2.0501e-01	  0.0000e+00	
  6.9766e+00	  5.3316e-02	  9.6175e-04	  9.5648e-03	  1.9583e-03	  9.3064e-06	  3.5829e-02	  6.9180e-03	  3.8704e-04	  2.0642e-02	  1.3754e+04	  6.9675e-02	  1.1516e-01	  0.0000e+00	  1.9673e-01	  2.0494e-01	  0.0000e+00	
  6.9739e+00	  5.4437e-02	  9.7670e-04	  9.6711e-03	  1.9814e-03	  9.3743e-06	  3.6584e-02	  7.0689e-03	  3.8710e-04	  2.1062e-02	  1.4000e+04	  7.0107e-02	  1.1494e-01	  0.0000e+00	  1.9678e-01	  2.0486e-01	  0.0000e+00	
  6.9713e+00	  5.5519e-02	  9.9113e-04	  9.7735e-03	  2.0037e-03	  9.4398e-06	  3.7312e-02	  7.2145e-03	  3.8716e-04	  2.1467e-02	  1.4237e+04	  7.0523e-02	  1.1474e-01	  0.0000e+00	  1.9682e-01	  2.0479e-01	  0.0000e+00	
  6.9688e+00	  5.6564e-02	  1.0051e-03	  9.8720e-03	  2.0252e-03	  9.5031e-06	  3.8015e-02	  7.3552e-03	  3.8722e-04	  2.1858e-02	  1.4465e+04	  7.0925e-02	  1.1454e-01	  0.0000e+00	  1.9687e-01	  2.0472e-01	  0.0000e+00	
  6.9665e+00	  5.7573e-02	  1.0185e-03	  9.9668e-03	  2.0459e-03	  9.5641e-06	  3.8694e-02	  7.4910e-03	  3.8728e-04	  2.2235e-02	  1.4685e+04	  7.1313e-02	  1.1434e-01	  0.0000e+00	  1.9691e-01	  2.0466e-01	  0.0000e+00	
  6.9642e+00	  5.8548e-02	  1.0315e-03	  1.0058e-02	  2.0658e-03	  9.6229e-06	  3.9350e-02	  7.6221e-03	  3.8733e-04	  2.2599e-02	  1.4897e+04	  7.1687e-02	  1.1415e-01	  0.0000e+00	  1.9696e-01	  2.0460e-01	  0.0000e+00	
  6.9620e+00	  5.9489e-02	  1.0441e-03	  1.0146e-02	  2.0851e-03	  9.6797e-06	  3.9983e-02	  7.7487e-03	  3.8738e-04	  2.2950e-02	  1.5101e+04	  7.2048e-02	  1.1397e-01	  0.0000e+00	  1.9700e-01	  2.0453e-01	  0.0000e+00	
  6.9599e+00	  6.0398e-02	  1.0562e-03	  1.0231e-02	  2.1036e-03	  9.7345e-06	  4.0594e-02	  7.8710e-03	  3.8743e-04	  2.3288e-02	  1.5298e+04	  7.2396e-02	  1.1380e-01	  0.0000e+00	  1.9704e-01	  2.0448e-01	  0.0000e+00	
  6.9582e+00	  6.1275e-02	  1.0679e-03	  1.0292e-02	  2.1168e-03	  9.7983e-06	  4.1185e-02	  7.9891e-03	  3.8747e-04	  2.3553e-02	  1.5482e+04	  7.2683e-02	  1.1366e-01	  0.0000e+00	  1.9707e-01	  2.0443e-01	  2.9984e-05	
  6.9570e+00	  6.2121e-02	  1.0792e-03	  1.0313e-02	  2.1205e-03	  9.8808e-06	  4.1755e-02	  8.1031e-03	  3.8750e-04	  2.3688e-02	  1.5648e+04	  7.2869e-02	  1.1356e-01	  0.0000e+00	  1.9709e-01	  2.0440e-01	  1.1618e-04	
  6.9558e+00	  6.2938e-02	  1.0900e-03	  1.0334e-02	  2.1240e-03	  9.9606e-06	  4.2306e-02	  8.2132e-03	  3.8753e-04	  2.3819e-02	  1.5808e+04	  7.3047e-02	  1.1347e-01	  0.0000e+00	  1.9711e-01	  2.0437e-01	  1.9947e-04	
  6.9548e+00	  6.3727e-02	  1.1005e-03	  1.0354e-02	  2.1274e-03	  1.0038e-05	  4.2837e-02	  8.3196e-03	  3.8755e-04	  2.3945e-02	  1.5963e+04	  7.3219e-02	  1.1339e-01	  0.0000e+00	  1.9713e-01	  2.0434e-01	  2.7994e-04	
  6.9537e+00	  6.4489e-02	  1.1107e-03	  1.0372e-02	  2.1307e-03	  1.0112e-05	  4.3351e-02	  8.4223e-03	  3.8758e-04	  2.4066e-02	  1.6112e+04	  7.3384e-02	  1.1331e-01	  0.0000e+00	  1.9715e-01	  2.0431e-01	  3.5768e-04	
  6.9527e+00	  6.5224e-02	  1.1205e-03	  1.0391e-02	  2.1338e-03	  1.0185e-05	  4.3847e-02	  8.5214e-03	  3.8760e-04	  2.4183e-02	  1.6256e+04	  7.3543e-02	  1.1323e-01	  0.0000e+00	  1.9716e-01	  2.0428e-01	  4.3278e-04	
  6.9517e+00	  6.5935e-02	  1.1300e-03	  1.0408e-02	  2.1368e-03	  1.0254e-05	  4.4325e-02	  8.6172e-03	  3.8763e-04	  2.4297e-02	  1.6395e+04	  7.3696e-02	  1.1315e-01	  0.0000e+00	  1.9718e-01	  2.0426e-01	  5.0534e-04	
  6.9508e+00	  6.6621e-02	  1.1391e-03	  1.0425e-02	  2.1397e-03	  1.0322e-05	  4.4788e-02	  8.7096e-03	  3.8765e-04	  2.4406e-02	  1.6529e+04	  7.3843e-02	  1.1308e-01	  0.0000e+00	  1.9720e-01	  2.0423e-01	  5.7543e-04	
  6.9499e+00	  6.7283e-02	  1.1479e-03	  1.0441e-02	  2.1425e-03	  1.0387e-05	  4.5234e-02	  8.7989e-03	  3.8767e-04	  2.4511e-02	  1.6659e+04	  7.3985e-02	  1.1301e-01	  0.0000e+00	  1.9721e-01	  2.0421e-01	  6.4315e-04	
  6.9490e+00	  6.7923e-02	  1.1565e-03	  1.0457e-02	  2.1451e-03	  1.0450e-05	  4.5665e-02	  8.8851e-03	  3.8769e-04	  2.4612e-02	  1.6783e+04	  7.4121e-02	  1.1294e-01	  0.0000e+00	  1.9723e-01	  2.0419e-01	  7.0856e-04	
  6.9482e+00	  6.8541e-02	  1.1647e-03	  1.0472e-02	  2.1477e-03	  1.0511e-05	  4.6081e-02	  8.9683e-03	  3.8771e-04	  2.4710e-02	  1.6904e+04	  7.4252e-02	  1.1287e-01	  0.0000e+00	  1.9724e-01	  2.0416e-01	  7.7175e-04	
  6.9474e+00	  6.9138e-02	  1.1726e-03	  1.0486e-02	  2.1501e-03	  1.0570e-05	  4.6483e-02	  9.0487e-03	  3.8773e-04	  2.4805e-02	  1.7020e+04	  7.4379e-02	  1.1281e-01	  0.0000e+00	  1.9726e-01	  2.0414e-01	  8.3278e-04	
  6.9466e+00	  6.9714e-02	  1.1803e-03	  1.0500e-02	  2.1525e-03	  1.0627e-05	  4.6871e-02	  9.1263e-03	  3.8775e-04	  2.4896e-02	  1.7132e+04	  7.4500e-02	  1.1275e-01	  0.0000e+00	  1.9727e-01	  2.0412e-01	  8.9175e-04	
  6.9459e+00	  7.0270e-02	  1.1877e-03	  1.0513e-02	  2.1548e-03	  1.0683e-05	  4.7246e-02	  9.2012e-03	  3.8777e-04	  2.4984e-02	  1.7240e+04	  7.4618e-02	  1.1269e-01	  0.0000e+00	  1.9728e-01	  2.0410e-01	  9.4870e-04	
  6.9451e+00	  7.0807e-02	  1.1949e-03	  1.0526e-02	  2.1569e-03	  1.0736e-05	  4.7608e-02	  9.2736e-03	  3.8778e-04	  2.5069e-02	  1.7344e+04	  7.4731e-02	  1.1263e-01	  0.0000e+00	  1.9730e-01	  2.0408e-01	  1.0037e-03	
  6.9444e+00	  7.1326e-02	  1.2018e-03	  1.0539e-02	  2.1590e-03	  1.0787e-05	  4.7957e-02	  9.3435e-03	  3.8780e-04	  2.5151e-02	  1.7445e+04	  7.4840e-02	  1.1258e-01	  0.0000e+00	  1.9731e-01	  2.0407e-01	  1.0568e-03	
  6.9438e+00	  7.1827e-02	  1.2085e-03	  1.0551e-02	  2.1610e-03	  1.0837e-05	  4.8294e-02	  9.4109e-03	  3.8782e-04	  2.5230e-02	  1.7542e+04	  7.4944e-02	  1.1253e-01	  0.0000e+00	  1.9732e-01	  2.0405e-01	  1.1082e-03	
  6.9431e+00	  7.2310e-02	  1.2149e-03	  1.0562e-02	  2.1630e-03	  1.0885e-05	  4.8620e-02	  9.4761e-03	  3.8783e-04	  2.5307e-02	  1.7635e+04	  7.5046e-02	  1.1248e-01	  0.0000e+00	  1.9733e-01	  2.0403e-01	  1.1578e-03	
  6.9425e+00	  7.2778e-02	  1.2211e-03	  1.0573e-02	  2.1648e-03	  1.0932e-05	  4.8935e-02	  9.5390e-03	  3.8785e-04	  2.5380e-02	  1.7726e+04	  7.5143e-02	  1.1243e-01	  0.0000e+00	  1.9734e-01	  2.0401e-01	  1.2056e-03	
  6.9419e+00	  7.3229e-02	  1.2271e-03	  1.0584e-02	  2.1666e-03	  1.0977e-05	  4.9238e-02	  9.5998e-03	  3.8786e-04	  2.5451e-02	  1.7813e+04	  7.5237e-02	  1.1238e-01	  0.0000e+00	  1.9735e-01	  2.0400e-01	  1.2519e-03	
  6.9413e+00	  7.3664e-02	  1.2329e-03	  1.0594e-02	  2.1684e-03	  1.1020e-05	  4.9532e-02	  9.6584e-03	  3.8788e-04	  2.5520e-02	  1.7897e+04	  7.5327e-02	  1.1233e-01	  0.0000e+00	  1.9736e-01	  2.0398e-01	  1.2966e-03	
  6.9408e+00	  7.4085e-02	  1.2385e-03	  1.0604e-02	  2.1700e-03	  1.1062e-05	  4.9815e-02	  9.7151e-03	  3.8789e-04	  2.5586e-02	  1.7978e+04	  7.5414e-02	  1.1229e-01	  0.0000e+00	  1.9737e-01	  2.0397e-01	  1.3397e-03	
  6.9403e+00	  7.4491e-02	  1.2440e-03	  1.0614e-02	  2.1716e-03	  1.1103e-05	  5.0088e-02	  9.7697e-03	  3.8790e-04	  2.5650e-02	  1.8057e+04	  7.5498e-02	  1.1225e-01	  0.0000e+00	  1.9738e-01	  2.0396e-01	  1.3814e-03	
  6.9398e+00	  7.4883e-02	  1.2492e-03	  1.0623e-02	  2.1731e-03	  1.1142e-05	  5.0352e-02	  9.8226e-03	  3.8792e-04	  2.5712e-02	  1.8132e+04	  7.5579e-02	  1.1221e-01	  0.0000e+00	  1.9739e-01	  2.0394e-01	  1.4216e-03	
  6.9393e+00	  7.5262e-02	  1.2542e-03	  1.0632e-02	  2.1746e-03	  1.1180e-05	  5.0607e-02	  9.8736e-03	  3.8793e-04	  2.5771e-02	  1.8205e+04	  7.5657e-02	  1.1217e-01	  0.0000e+00	  1.9740e-01	  2.0393e-01	  1.4605e-03	
  6.9388e+00	  7.5627e-02	  1.2591e-03	  1.0641e-02	  2.1760e-03	  1.1217e-05	  5.0854e-02	  9.9228e-03	  3.8794e-04	  2.5829e-02	  1.8276e+04	  7.5733e-02	  1.1213e-01	  0.0000e+00	  1.9741e-01	  2.0392e-01	  1.4980e-03	
  6.9383e+00	  7.5980e-02	  1.2638e-03	  1.0649e-02	  2.1774e-03	  1.1252e-05	  5.1091e-02	  9.9703e-03	  3.8795e-04	  2.5884e-02	  1.8344e+04	  7.5805e-02	  1.1210e-01	  0.0000e+00	  1.9742e-01	  2.0390e-01	  1.5343e-03	
  6.9379e+00	  7.6321e-02	  1.2683e-03	  1.0657e-02	  2.1787e-03	  1.1287e-05	  5.1321e-02	  1.0016e-02	  3.8796e-04	  2.5938e-02	  1.8410e+04	  7.5875e-02	  1.1206e-01	  0.0000e+00	  1.9742e-01	  2.0389e-01	  1.5693e-03	
  6.9374e+00	  7.6651e-02	  1.2727e-03	  1.0664e-02	  2.1800e-03	  1.1320e-05	  5.1543e-02	  1.0061e-02	  3.8797e-04	  2.5989e-02	  1.8473e+04	  7.5943e-02	  1.1203e-01	  0.0000e+00	  1.9743e-01	  2.0388e-01	  1.6031e-03	
  6.9370e+00	  7.6968e-02	  1.2770e-03	  1.0672e-02	  2.1812e-03	  1.1352e-05	  5.1757e-02	  1.0103e-02	  3.8798e-04	  2.6039e-02	  1.8534e+04	  7.6008e-02	  1.1199e-01	  0.0000e+00	  1.9744e-01	  2.0387e-01	  1.6358e-03	
  6.9366e+00	  7.7275e-02	  1.2811e-03	  1.0679e-02	  2.1824e-03	  1.1382e-05	  5.1963e-02	  1.0145e-02	  3.8799e-04	  2.6087e-02	  1.8593e+04	  7.6071e-02	  1.1196e-01	  0.0000e+00	  1.9745e-01	  2.0386e-01	  1.6673e-03	
  6.9363e+00	  7.7572e-02	  1.2850e-03	  1.0686e-02	  2.1835e-03	  1.1412e-05	  5.2163e-02	  1.0185e-02	  3.8800e-04	  2.6134e-02	  1.8650e+04	  7.6131e-02	  1.1193e-01	  0.0000e+00	  1.9745e-01	  2.0385e-01	  1.6978e-03	
  6.9359e+00	  7.7858e-02	  1.2888e-03	  1.0693e-02	  2.1846e-03	  1.1441e-05	  5.2356e-02	  1.0223e-02	  3.8801e-04	  2.6179e-02	  1.8705e+04	  7.6189e-02	  1.1190e-01	  0.0000e+00	  1.9746e-01	  2.0384e-01	  1.7272e-03	
  6.9355e+00	  7.8135e-02	  1.2925e-03	  1.0699e-02	  2.1857e-03	  1.1469e-05	  5.2542e-02	  1.0260e-02	  3.8802e-04	  2.6222e-02	  1.8758e+04	  7.6246e-02	  1.1187e-01	  0.0000e+00	  1.9747e-01	  2.0383e-01	  1.7556e-03	
  6.9352e+00	  7.8401e-02	  1.2961e-03	  1.0705e-02	  2.1867e-03	  1.1496e-05	  5.2721e-02	  1.0296e-02	  3.8803e-04	  2.6264e-02	  1.8809e+04	  7.6300e-02	  1.1185e-01	  0.0000e+00	  1.9747e-01	  2.0382e-01	  1.7831e-03	
  6.9349e+00	  7.8659e-02	  1.2995e-03	  1.0711e-02	  2.1877e-03	  1.1522e-05	  5.2895e-02	  1.0331e-02	  3.8803e-04	  2.6304e-02	  1.8859e+04	  7.6352e-02	  1.1182e-01	  0.0000e+00	  1.9748e-01	  2.0381e-01	  1.8095e-03	
  6.9345e+00	  7.8908e-02	  1.3028e-03	  1.0717e-02	  2.1886e-03	  1.1547e-05	  5.3062e-02	  1.0365e-02	  3.8804e-04	  2.6343e-02	  1.8907e+04	  7.6403e-02	  1.1180e-01	  0.0000e+00	  1.9748e-01	  2.0380e-01	  1.8351e-03	
  6.9342e+00	  7.9148e-02	  1.3060e-03	  1.0722e-02	  2.1895e-03	  1.1571e-05	  5.3224e-02	  1.0397e-02	  3.8805e-04	  2.6381e-02	  1.8953e+04	  7.6452e-02	  1.1177e-01	  0.0000e+00	  1.9749e-01	  2.0380e-01	  1.8599e-03	
  6.9339e+00	  7.9380e-02	  1.3091e-03	  1.0728e-02	  2.1904e-03	  1.1594e-05	  5.3380e-02	  1.0428e-02	  3.8806e-04	  2.6417e-02	  1.8997e+04	  7.6499e-02	  1.1175e-01	  0.0000e+00	  1.9749e-01	  2.0379e-01	  1.8837e-03	
  6.9336e+00	  7.9604e-02	  1.3121e-03	  1.0733e-02	  2.1912e-03	  1.1617e-05	  5.3531e-02	  1.0458e-02	  3.8806e-04	  2.6452e-02	  1.9040e+04	  7.6544e-02	  1.1173e-01	  0.0000e+00	  1.9750e-01	  2.0378e-01	  1.9068e-03	
  6.9334e+00	  7.9821e-02	  1.3150e-03	  1.0738e-02	  2.1921e-03	  1.1639e-05	  5.3677e-02	  1.0487e-02	  3.8807e-04	  2.6486e-02	  1.9082e+04	  7.6588e-02	  1.1170e-01	  0.0000e+00	  1.9750e-01	  2.0377e-01	  1.9290e-03	
  6.9331e+00	  8.0030e-02	  1.3178e-03	  1.0743e-02	  2.1928e-03	  1.1660e-05	  5.3817e-02	  1.0516e-02	  3.8808e-04	  2.6518e-02	  1.9122e+04	  7.6630e-02	  1.1168e-01	  0.0000e+00	  1.9751e-01	  2.0377e-01	  1.9505e-03	
  6.9328e+00	  8.0232e-02	  1.3205e-03	  1.0747e-02	  2.1936e-03	  1.1680e-05	  5.3953e-02	  1.0543e-02	  3.8808e-04	  2.6550e-02	  1.9160e+04	  7.6671e-02	  1.1166e-01	  0.0000e+00	  1.9751e-01	  2.0376e-01	  1.9713e-03	
  6.9326e+00	  8.0426e-02	  1.3230e-03	  1.0752e-02	  2.1943e-03	  1.1700e-05	  5.4084e-02	  1.0569e-02	  3.8809e-04	  2.6580e-02	  1.9198e+04	  7.6710e-02	  1.1164e-01	  0.0000e+00	  1.9752e-01	  2.0375e-01	  1.9913e-03	
  6.9324e+00	  8.0614e-02	  1.3256e-03	  1.0756e-02	  2.1950e-03	  1.1719e-05	  5.4211e-02	  1.0594e-02	  3.8810e-04	  2.6610e-02	  1.9234e+04	  7.6748e-02	  1.1162e-01	  0.0000e+00	  1.9752e-01	  2.0375e-01	  2.0107e-03	
  6.9321e+00	  8.0796e-02	  1.3280e-03	  1.0760e-02	  2.1957e-03	  1.1738e-05	  5.4333e-02	  1.0619e-02	  3.8810e-04	  2.6638e-02	  1.9268e+04	  7.6784e-02	  1.1161e-01	  0.0000e+00	  1.9753e-01	  2.0374e-01	  2.0294e-03	
  6.9319e+00	  8.0971e-02	  1.3303e-03	  1.0764e-02	  2.1964e-03	  1.1755e-05	  5.4451e-02	  1.0642e-02	  3.8811e-04	  2.6665e-02	  1.9302e+04	  7.6820e-02	  1.1159e-01	  0.0000e+00	  1.9753e-01	  2.0373e-01	  2.0474e-03	
  6.9317e+00	  8.1141e-02	  1.3326e-03	  1.0768e-02	  2.1970e-03	  1.1772e-05	  5.4565e-02	  1.0665e-02	  3.8811e-04	  2.6692e-02	  1.9334e+04	  7.6854e-02	  1.1157e-01	  0.0000e+00	  1.9753e-01	  2.0373e-01	  2.0649e-03	
  6.9315e+00	  8.1304e-02	  1.3347e-03	  1.0772e-02	  2.1976e-03	  1.1789e-05	  5.4675e-02	  1.0687e-02	  3.8812e-04	  2.6717e-02	  1.9366e+04	  7.6887e-02	  1.1155e-01	  0.0000e+00	  1.9754e-01	  2.0372e-01	  2.0817e-03	
  6.9313e+00	  8.1462e-02	  1.3369e-03	  1.0775e-02	  2.1982e-03	  1.1805e-05	  5.4782e-02	  1.0708e-02	  3.8812e-04	  2.6742e-02	  1.9396e+04	  7.6918e-02	  1.1154e-01	  0.0000e+00	  1.9754e-01	  2.0372e-01	  2.0979e-03	
  6.9311e+00	  8.1615e-02	  1.3389e-03	  1.0779e-02	  2.1987e-03	  1.1820e-05	  5.4884e-02	  1.0729e-02	  3.8813e-04	  2.6766e-02	  1.9425e+04	  7.6949e-02	  1.1152e-01	  0.0000e+00	  1.9754e-01	  2.0371e-01	  2.1136e-03	
  6.9309e+00	  8.1762e-02	  1.3408e-03	  1.0782e-02	  2.1993e-03	  1.1835e-05	  5.4983e-02	  1.0749e-02	  3.8813e-04	  2.6789e-02	  1.9453e+04	  7.6978e-02	  1.1151e-01	  0.0000e+00	  1.9755e-01	  2.0371e-01	  2.1288e-03	
  6.9307e+00	  8.1904e-02	  1.3427e-03	  1.0786e-02	  2.1998e-03	  1.1850e-05	  5.5079e-02	  1.0768e-02	  3.8814e-04	  2.6811e-02	  1.9480e+04	  7.7007e-02	  1.1149e-01	  0.0000e+00	  1.9755e-01	  2.0370e-01	  2.1434e-03	
  6.9305e+00	  8.2042e-02	  1.3446e-03	  1.0789e-02	  2.2003e-03	  1.1864e-05	  5.5171e-02	  1.0786e-02	  3.8814e-04	  2.6832e-02	  1.9506e+04	  7.7035e-02	  1.1148e-01	  0.0000e+00	  1.9755e-01	  2.0370e-01	  2.1576e-03	
  6.9304e+00	  8.2174e-02	  1.3463e-03	  1.0792e-02	  2.2008e-03	  1.1877e-05	  5.5261e-02	  1.0804e-02	  3.8814e-04	  2.6853e-02	  1.9532e+04	  7.7061e-02	  1.1147e-01	  0.0000e+00	  1.9756e-01	  2.0369e-01	  2.1712e-03	
  6.9302e+00	  8.2302e-02	  1.3480e-03	  1.0795e-02	  2.2013e-03	  1.1890e-05	  5.5347e-02	  1.0821e-02	  3.8815e-04	  2.6873e-02	  1.9556e+04	  7.7087e-02	  1.1145e-01	  0.0000e+00	  1.9756e-01	  2.0369e-01	  2.1844e-03	
  6.9301e+00	  8.2426e-02	  1.3497e-03	  1.0797e-02	  2.2017e-03	  1.1903e-05	  5.5430e-02	  1.0838e-02	  3.8815e-04	  2.6892e-02	  1.9580e+04	  7.7111e-02	  1.1144e-01	  0.0000e+00	  1.9756e-01	  2.0369e-01	  2.1972e-03	
  6.9299e+00	  8.2545e-02	  1.3513e-03	  1.0800e-02	  2.2022e-03	  1.1915e-05	  5.5510e-02	  1.0854e-02	  3.8816e-04	  2.6911e-02	  1.9603e+04	  7.7135e-02	  1.1143e-01	  0.0000e+00	  1.9756e-01	  2.0368e-01	  2.2094e-03	
  6.9298e+00	  8.2660e-02	  1.3528e-03	  1.0803e-02	  2.2026e-03	  1.1927e-05	  5.5588e-02	  1.0870e-02	  3.8816e-04	  2.6929e-02	  1.9625e+04	  7.7158e-02	  1.1142e-01	  0.0000e+00	  1.9757e-01	  2.0368e-01	  2.2213e-03	
  6.9296e+00	  8.2772e-02	  1.3543e-03	  1.0805e-02	  2.2030e-03	  1.1938e-05	  5.5663e-02	  1.0885e-02	  3.8816e-04	  2.6946e-02	  1.9646e+04	  7.7181e-02	  1.1141e-01	  0.0000e+00	  1.9757e-01	  2.0367e-01	  2.2328e-03	
  6.9295e+00	  8.2879e-02	  1.3557e-03	  1.0808e-02	  2.2034e-03	  1.1949e-05	  5.5735e-02	  1.0899e-02	  3.8817e-04	  2.6963e-02	  1.9666e+04	  7.7202e-02	  1.1140e-01	  0.0000e+00	  1.9757e-01	  2.0367e-01	  2.2439e-03	
  6.9294e+00	  8.2983e-02	  1.3571e-03	  1.0810e-02	  2.2038e-03	  1.1959e-05	  5.5805e-02	  1.0913e-02	  3.8817e-04	  2.6979e-02	  1.9686e+04	  7.7223e-02	  1.1139e-01	  0.0000e+00	  1.9757e-01	  2.0367e-01	  2.2545e-03	
  6.9292e+00	  8.3083e-02	  1.3585e-03	  1.0812e-02	  2.2041e-03	  1.1969e-05	  5.5872e-02	  1.0927e-02	  3.8817e-04	  2.6994e-02	  1.9705e+04	  7.7243e-02	  1.1138e-01	  0.0000e+00	  1.9758e-01	  2.0366e-01	  2.2649e-03	
  6.9291e+00	  8.3180e-02	  1.3597e-03	  1.0814e-02	  2.2045e-03	  1.1979e-05	  5.5937e-02	  1.0940e-02	  3.8818e-04	  2.7010e-02	  1.9724e+04	  7.7262e-02	  1.1137e-01	  0.0000e+00	  1.9758e-01	  2.0366e-01	  2.2748e-03	
  6.9290e+00	  8.3273e-02	  1.3610e-03	  1.0817e-02	  2.2048e-03	  1.1989e-05	  5.6000e-02	  1.0952e-02	  3.8818e-04	  2.7024e-02	  1.9742e+04	  7.7281e-02	  1.1136e-01	  0.0000e+00	  1.9758e-01	  2.0366e-01	  2.2845e-03	
  6.9289e+00	  8.3364e-02	  1.3622e-03	  1.0819e-02	  2.2052e-03	  1.1998e-05	  5.6061e-02	  1.0964e-02	  3.8818e-04	  2.7038e-02	  1.9759e+04	  7.7299e-02	  1.1135e-01	  0.0000e+00	  1.9758e-01	  2.0365e-01	  2.2938e-03	
  6.9288e+00	  8.3451e-02	  1.3634e-03	  1.0821e-02	  2.2055e-03	  1.2007e-05	  5.6120e-02	  1.0976e-02	  3.8818e-04	  2.7052e-02	  1.9775e+04	  7.7316e-02	  1.1134e-01	  0.0000e+00	  1.9758e-01	  2.0365e-01	  2.3027e-03	
  6.9287e+00	  8.3535e-02	  1.3645e-03	  1.0822e-02	  2.2058e-03	  1.2015e-05	  5.6176e-02	  1.0987e-02	  3.8819e-04	  2.7065e-02	  1.9791e+04	  7.7333e-02	  1.1133e-01	  0.0000e+00	  1.9759e-01	  2.0365e-01	  2.3114e-03	
  6.9286e+00	  8.3616e-02	  1.3656e-03	  1.0824e-02	  2.2061e-03	  1.2024e-05	  5.6231e-02	  1.0998e-02	  3.8819e-04	  2.7077e-02	  1.9807e+04	  7.7349e-02	  1.1132e-01	  0.0000e+00	  1.9759e-01	  2.0365e-01	  2.3198e-03	
  6.9285e+00	  8.3694e-02	  1.3666e-03	  1.0826e-02	  2.2064e-03	  1.2032e-05	  5.6284e-02	  1.1009e-02	  3.8819e-04	  2.7090e-02	  1.9822e+04	  7.7364e-02	  1.1132e-01	  0.0000e+00	  1.9759e-01	  2.0364e-01	  2.3278e-03	
  6.9284e+00	  8.3770e-02	  1.3676e-03	  1.0828e-02	  2.2066e-03	  1.2039e-05	  5.6335e-02	  1.1019e-02	  3.8819e-04	  2.7101e-02	  1.9836e+04	  7.7380e-02	  1.1131e-01	  0.0000e+00	  1.9759e-01	  2.0364e-01	  2.3357e-03	
  6.9283e+00	  8.3843e-02	  1.3686e-03	  1.0829e-02	  2.2069e-03	  1.2047e-05	  5.6384e-02	  1.1029e-02	  3.8820e-04	  2.7113e-02	  1.9850e+04	  7.7394e-02	  1.1130e-01	  0.0000e+00	  1.9759e-01	  2.0364e-01	  2.3432e-03	
  6.9282e+00	  8.3914e-02	  1.3695e-03	  1.0831e-02	  2.2072e-03	  1.2054e-05	  5.6431e-02	  1.1038e-02	  3.8820e-04	  2.7124e-02	  1.9864e+04	  7.7408e-02	  1.1129e-01	  0.0000e+00	  1.9759e-01	  2.0364e-01	  2.3505e-03	
  6.9281e+00	  8.3982e-02	  1.3704e-03	  1.0833e-02	  2.2074e-03	  1.2061e-05	  5.6477e-02	  1.1048e-02	  3.8820e-04	  2.7134e-02	  1.9877e+04	  7.7422e-02	  1.1129e-01	  0.0000e+00	  1.9760e-01	  2.0363e-01	  2.3575e-03	
  6.9280e+00	  8.4048e-02	  1.3713e-03	  1.0834e-02	  2.2077e-03	  1.2068e-05	  5.6522e-02	  1.1056e-02	  3.8820e-04	  2.7145e-02	  1.9889e+04	  7.7435e-02	  1.1128e-01	  0.0000e+00	  1.9760e-01	  2.0363e-01	  2.3643e-03	
  6.9279e+00	  8.4112e-02	  1.3722e-03	  1.0835e-02	  2.2079e-03	  1.2074e-05	  5.6564e-02	  1.1065e-02	  3.8820e-04	  2.7154e-02	  1.9901e+04	  7.7447e-02	  1.1127e-01	  0.0000e+00	  1.9760e-01	  2.0363e-01	  2.3708e-03	
  6.9279e+00	  8.4173e-02	  1.3730e-03	  1.0837e-02	  2.2081e-03	  1.2080e-05	  5.6606e-02	  1.1073e-02	  3.8821e-04	  2.7164e-02	  1.9913e+04	  7.7460e-02	  1.1127e-01	  0.0000e+00	  1.9760e-01	  2.0363e-01	  2.3772e-03	
  6.9278e+00	  8.4232e-02	  1.3738e-03	  1.0838e-02	  2.2083e-03	  1.2086e-05	  5.6646e-02	  1.1081e-02	  3.8821e-04	  2.7173e-02	  1.9924e+04	  7.7471e-02	  1.1126e-01	  0.0000e+00	  1.9760e-01	  2.0363e-01	  2.3833e-03	
  6.9277e+00	  8.4289e-02	  1.3745e-03	  1.0839e-02	  2.2085e-03	  1.2092e-05	  5.6684e-02	  1.1089e-02	  3.8821e-04	  2.7182e-02	  1.9935e+04	  7.7483e-02	  1.1126e-01	  0.0000e+00	  1.9760e-01	  2.0362e-01	  2.3892e-03	
  6.9277e+00	  8.4345e-02	  1.3753e-03	  1.0841e-02	  2.2087e-03	  1.2098e-05	  5.6721e-02	  1.1096e-02	  3.8821e-04	  2.7191e-02	  1.9946e+04	  7.7494e-02	  1.1125e-01	  0.0000e+00	  1.9760e-01	  2.0362e-01	  2.3949e-03	
  6.9276e+00	  8.4398e-02	  1.3760e-03	  1.0842e-02	  2.2089e-03	  1.2103e-05	  5.6757e-02	  1.1104e-02	  3.8821e-04	  2.7199e-02	  1.9956e+04	  7.7504e-02	  1.1125e-01	  0.0000e+00	  1.9761e-01	  2.0362e-01	  2.4004e-03	
  6.9275e+00	  8.4450e-02	  1.3767e-03	  1.0843e-02	  2.2091e-03	  1.2109e-05	  5.6792e-02	  1.1110e-02	  3.8821e-04	  2.7207e-02	  1.9966e+04	  7.7515e-02	  1.1124e-01	  0.0000e+00	  1.9761e-01	  2.0362e-01	  2.4057e-03	
  6.9275e+00	  8.4499e-02	  1.3773e-03	  1.0844e-02	  2.2093e-03	  1.2114e-05	  5.6825e-02	  1.1117e-02	  3.8822e-04	  2.7215e-02	  1.9975e+04	  7.7524e-02	  1.1124e-01	  0.0000e+00	  1.9761e-01	  2.0362e-01	  2.4108e-03	
  6.9274e+00	  8.4547e-02	  1.3780e-03	  1.0845e-02	  2.2095e-03	  1.2118e-05	  5.6858e-02	  1.1124e-02	  3.8822e-04	  2.7222e-02	  1.9984e+04	  7.7534e-02	  1.1123e-01	  0.0000e+00	  1.9761e-01	  2.0361e-01	  2.4158e-03	
  6.9273e+00	  8.4594e-02	  1.3786e-03	  1.0846e-02	  2.2096e-03	  1.2123e-05	  5.6889e-02	  1.1130e-02	  3.8822e-04	  2.7229e-02	  1.9993e+04	  7.7543e-02	  1.1123e-01	  0.0000e+00	  1.9761e-01	  2.0361e-01	  2.4205e-03	
  6.9273e+00	  8.4639e-02	  1.3792e-03	  1.0847e-02	  2.2098e-03	  1.2128e-05	  5.6919e-02	  1.1136e-02	  3.8822e-04	  2.7236e-02	  2.0002e+04	  7.7552e-02	  1.1122e-01	  0.0000e+00	  1.9761e-01	  2.0361e-01	  2.4252e-03	
  6.9272e+00	  8.4682e-02	  1.3798e-03	  1.0848e-02	  2.2099e-03	  1.2132e-05	  5.6948e-02	  1.1142e-02	  3.8822e-04	  2.7243e-02	  2.0010e+04	  7.7561e-02	  1.1122e-01	  0.0000e+00	  1.9761e-01	  2.0361e-01	  2.4296e-03	
  6.9272e+00	  8.4724e-02	  1.3803e-03	  1.0849e-02	  2.2101e-03	  1.2136e-05	  5.6976e-02	  1.1147e-02	  3.8822e-04	  2.7250e-02	  2.0018e+04	  7.7569e-02	  1.1121e-01	  0.0000e+00	  1.9761e-01	  2.0361e-01	  2.4339e-03	
  6.9271e+00	  8.4764e-02	  1.3809e-03	  1.0850e-02	  2.2102e-03	  1.2141e-05	  5.7003e-02	  1.1153e-02	  3.8822e-04	  2.7256e-02	  2.0025e+04	  7.7577e-02	  1.1121e-01	  0.0000e+00	  1.9761e-01	  2.0361e-01	  2.4381e-03	
  6.9271e+00	  8.4803e-02	  1.3814e-03	  1.0851e-02	  2.2104e-03	  1.2145e-05	  5.7030e-02	  1.1158e-02	  3.8823e-04	  2.7262e-02	  2.0033e+04	  7.7585e-02	  1.1121e-01	  0.0000e+00	  1.9761e-01	  2.0361e-01	  2.4421e-03	
  6.9270e+00	  8.4841e-02	  1.3819e-03	  1.0852e-02	  2.2105e-03	  1.2148e-05	  5.7055e-02	  1.1163e-02	  3.8823e-04	  2.7268e-02	  2.0040e+04	  7.7592e-02	  1.1120e-01	  0.0000e+00	  1.9761e-01	  2.0361e-01	  2.4460e-03	
  6.9270e+00	  8.4877e-02	  1.3824e-03	  1.0853e-02	  2.2106e-03	  1.2152e-05	  5.7079e-02	  1.1168e-02	  3.8823e-04	  2.7273e-02	  2.0047e+04	  7.7599e-02	  1.1120e-01	  0.0000e+00	  1.9762e-01	  2.0360e-01	  2.4497e-03	
  6.9269e+00	  8.4912e-02	  1.3828e-03	  1.0853e-02	  2.2108e-03	  1.2156e-05	  5.7103e-02	  1.1173e-02	  3.8823e-04	  2.7279e-02	  2.0054e+04	  7.7606e-02	  1.1119e-01	  0.0000e+00	  1.9762e-01	  2.0360e-01	  2.4533e-03	
  6.9269e+00	  8.4946e-02	  1.3833e-03	  1.0854e-02	  2.2109e-03	  1.2159e-05	  5.7126e-02	  1.1177e-02	  3.8823e-04	  2.7284e-02	  2.0060e+04	  7.7613e-02	  1.1119e-01	  0.0000e+00	  1.9762e-01	  2.0360e-01	  2.4568e-03	
  6.9269e+00	  8.4979e-02	  1.3837e-03	  1.0855e-02	  2.2110e-03	  1.2162e-05	  5.7148e-02	  1.1182e-02	  3.8823e-04	  2.7289e-02	  2.0066e+04	  7.7619e-02	  1.1119e-01	  0.0000e+00	  1.9762e-01	  2.0360e-01	  2.4602e-03	
  6.9268e+00	  8.5010e-02	  1.3841e-03	  1.0856e-02	  2.2111e-03	  1.2166e-05	  5.7169e-02	  1.1186e-02	  3.8823e-04	  2.7294e-02	  2.0072e+04	  7.7626e-02	  1.1118e-01	  0.0000e+00	  1.9762e-01	  2.0360e-01	  2.4635e-03	
  6.9268e+00	  8.5041e-02	  1.3845e-03	  1.0856e-02	  2.2112e-03	  1.2169e-05	  5.7190e-02	  1.1190e-02	  3.8823e-04	  2.7299e-02	  2.0078e+04	  7.7632e-02	  1.1118e-01	  0.0000e+00	  1.9762e-01	  2.0360e-01	  2.4666e-03	
  6.9267e+00	  8.5070e-02	  1.3849e-03	  1.0857e-02	  2.2113e-03	  1.2172e-05	  5.7209e-02	  1.1194e-02	  3.8823e-04	  2.7303e-02	  2.0084e+04	  7.7637e-02	  1.1118e-01	  0.0000e+00	  1.9762e-01	  2.0360e-01	  2.4696e-03	
  6.9267e+00	  8.5098e-02	  1.3853e-03	  1.0858e-02	  2.2114e-03	  1.2175e-05	  5.7228e-02	  1.1198e-02	  3.8823e-04	  2.7308e-02	  2.0089e+04	  7.7643e-02	  1.1118e-01	  0.0000e+00	  1.9762e-01	  2.0360e-01	  2.4726e-03	
  6.9267e+00	  8.5126e-02	  1.3857e-03	  1.0858e-02	  2.2115e-03	  1.2177e-05	  5.7247e-02	  1.1201e-02	  3.8824e-04	  2.7312e-02	  2.0094e+04	  7.7649e-02	  1.1117e-01	  0.0000e+00	  1.9762e-01	  2.0360e-01	  2.4754e-03	
  6.9266e+00	  8.5152e-02	  1.3860e-03	  1.0859e-02	  2.2116e-03	  1.2180e-05	  5.7265e-02	  1.1205e-02	  3.8824e-04	  2.7316e-02	  2.0099e+04	  7.7654e-02	  1.1117e-01	  0.0000e+00	  1.9762e-01	  2.0359e-01	  2.4781e-03	
  6.9266e+00	  8.5178e-02	  1.3864e-03	  1.0859e-02	  2.2117e-03	  1.2183e-05	  5.7282e-02	  1.1208e-02	  3.8824e-04	  2.7320e-02	  2.0104e+04	  7.7659e-02	  1.1117e-01	  0.0000e+00	  1.9762e-01	  2.0359e-01	  2.4808e-03	
  6.9266e+00	  8.5203e-02	  1.3867e-03	  1.0860e-02	  2.2118e-03	  1.2185e-05	  5.7299e-02	  1.1212e-02	  3.8824e-04	  2.7324e-02	  2.0109e+04	  7.7664e-02	  1.1117e-01	  0.0000e+00	  1.9762e-01	  2.0359e-01	  2.4833e-03	
  6.9266e+00	  8.5227e-02	  1.3870e-03	  1.0861e-02	  2.2119e-03	  1.2188e-05	  5.7315e-02	  1.1215e-02	  3.8824e-04	  2.7328e-02	  2.0113e+04	  7.7668e-02	  1.1116e-01	  0.0000e+00	  1.9762e-01	  2.0359e-01	  2.4858e-03	
  6.9265e+00	  8.5250e-02	  1.3873e-03	  1.0861e-02	  2.2120e-03	  1.2190e-05	  5.7330e-02	  1.1218e-02	  3.8824e-04	  2.7331e-02	  2.0118e+04	  7.7673e-02	  1.1116e-01	  0.0000e+00	  1.9762e-01	  2.0359e-01	  2.4881e-03	
  6.9265e+00	  8.5272e-02	  1.3876e-03	  1.0862e-02	  2.2121e-03	  1.2192e-05	  5.7345e-02	  1.1221e-02	  3.8824e-04	  2.7335e-02	  2.0122e+04	  7.7677e-02	  1.1116e-01	  0.0000e+00	  1.9762e-01	  2.0359e-01	  2.4904e-03	
  6.9265e+00	  8.5293e-02	  1.3879e-03	  1.0862e-02	  2.2121e-03	  1.2195e-05	  5.7360e-02	  1.1224e-02	  3.8824e-04	  2.7338e-02	  2.0126e+04	  7.7682e-02	  1.1116e-01	  0.0000e+00	  1.9762e-01	  2.0359e-01	  2.4927e-03	
  6.9264e+00	  8.5314e-02	  1.3882e-03	  1.0862e-02	  2.2122e-03	  1.2197e-05	  5.7374e-02	  1.1227e-02	  3.8824e-04	  2.7341e-02	  2.0130e+04	  7.7686e-02	  1.1115e-01	  0.0000e+00	  1.9763e-01	  2.0359e-01	  2.4948e-03	
  6.9264e+00	  8.5334e-02	  1.3885e-03	  1.0863e-02	  2.2123e-03	  1.2199e-05	  5.7387e-02	  1.1229e-02	  3.8824e-04	  2.7344e-02	  2.0134e+04	  7.7690e-02	  1.1115e-01	  0.0000e+00	  1.9763e-01	  2.0359e-01	  2.4969e-03	
  6.9264e+00	  8.5353e-02	  1.3887e-03	  1.0863e-02	  2.2124e-03	  1.2201e-05	  5.7400e-02	  1.1232e-02	  3.8824e-04	  2.7347e-02	  2.0138e+04	  7.7694e-02	  1.1115e-01	  0.0000e+00	  1.9763e-01	  2.0359e-01	  2.4989e-03	
  6.9264e+00	  8.5372e-02	  1.3890e-03	  1.0864e-02	  2.2124e-03	  1.2203e-05	  5.7413e-02	  1.1235e-02	  3.8824e-04	  2.7350e-02	  2.0141e+04	  7.7697e-02	  1.1115e-01	  0.0000e+00	  1.9763e-01	  2.0359e-01	  2.5008e-03	
  6.9263e+00	  8.5390e-02	  1.3892e-03	  1.0864e-02	  2.2125e-03	  1.2204e-05	  5.7425e-02	  1.1237e-02	  3.8824e-04	  2.7353e-02	  2.0145e+04	  7.7701e-02	  1.1115e-01	  0.0000e+00	  1.9763e-01	  2.0359e-01	  2.5026e-03	
  6.9263e+00	  8.5408e-02	  1.3894e-03	  1.0865e-02	  2.2126e-03	  1.2206e-05	  5.7436e-02	  1.1239e-02	  3.8824e-04	  2.7356e-02	  2.0148e+04	  7.7704e-02	  1.1115e-01	  0.0000e+00	  1.9763e-01	  2.0359e-01	  2.5044e-03	
  6.9263e+00	  8.5424e-02	  1.3897e-03	  1.0865e-02	  2.2126e-03	  1.2208e-05	  5.7448e-02	  1.1242e-02	  3.8824e-04	  2.7358e-02	  2.0151e+04	  7.7708e-02	  1.1114e-01	  0.0000e+00	  1.9763e-01	  2.0359e-01	  2.5062e-03	
  6.9263e+00	  8.5441e-02	  1.3899e-03	  1.0865e-02	  2.2127e-03	  1.2210e-05	  5.7459e-02	  1.1244e-02	  3.8824e-04	  2.7361e-02	  2.0154e+04	  7.7711e-02	  1.1114e-01	  0.0000e+00	  1.9763e-01	  2.0359e-01	  2.5078e-03	
  6.9263e+00	  8.5456e-02	  1.3901e-03	  1.0866e-02	  2.2127e-03	  1.2211e-05	  5.7469e-02	  1.1246e-02	  3.8825e-04	  2.7363e-02	  2.0157e+04	  7.7714e-02	  1.1114e-01	  0.0000e+00	  1.9763e-01	  2.0358e-01	  2.5095e-03	
  6.9262e+00	  8.5471e-02	  1.3903e-03	  1.0866e-02	  2.2128e-03	  1.2213e-05	  5.7479e-02	  1.1248e-02	  3.8825e-04	  2.7366e-02	  2.0160e+04	  7.7717e-02	  1.1114e-01	  0.0000e+00	  1.9763e-01	  2.0358e-01	  2.5110e-03	
  6.9262e+00	  8.5486e-02	  1.3905e-03	  1.0866e-02	  2.2128e-03	  1.2214e-05	  5.7489e-02	  1.1250e-02	  3.8825e-04	  2.7368e-02	  2.0163e+04	  7.7720e-02	  1.1114e-01	  0.0000e+00	  1.9763e-01	  2.0358e-01	  2.5125e-03	
  6.9262e+00	  8.5500e-02	  1.3907e-03	  1.0867e-02	  2.2129e-03	  1.2216e-05	  5.7499e-02	  1.1252e-02	  3.8825e-04	  2.7370e-02	  2.0165e+04	  7.7723e-02	  1.1114e-01	  0.0000e+00	  1.9763e-01	  2.0358e-01	  2.5140e-03	
  6.9262e+00	  8.5514e-02	  1.3908e-03	  1.0867e-02	  2.2129e-03	  1.2217e-05	  5.7508e-02	  1.1254e-02	  3.8825e-04	  2.7372e-02	  2.0168e+04	  7.7725e-02	  1.1114e-01	  0.0000e+00	  1.9763e-01	  2.0358e-01	  2.5154e-03	
  6.9262e+00	  8.5527e-02	  1.3910e-03	  1.0867e-02	  2.2130e-03	  1.2218e-05	  5.7517e-02	  1.1255e-02	  3.8825e-04	  2.7374e-02	  2.0171e+04	  7.7728e-02	  1.1113e-01	  0.0000e+00	  1.9763e-01	  2.0358e-01	  2.5167e-03	
  6.9262e+00	  8.5540e-02	  1.3912e-03	  1.0868e-02	  2.2130e-03	  1.2220e-05	  5.7525e-02	  1.1257e-02	  3.8825e-04	  2.7376e-02	  2.0173e+04	  7.7730e-02	  1.1113e-01	  0.0000e+00	  1.9763e-01	  2.0358e-01	  2.5181e-03	
  6.9261e+00	  8.5552e-02	  1.3914e-03	  1.0868e-02	  2.2131e-03	  1.2221e-05	  5.7534e-02	  1.1259e-02	  3.8825e-04	  2.7378e-02	  2.0175e+04	  7.7733e-02	  1.1113e-01	  0.0000e+00	  1.9763e-01	  2.0358e-01	  2.5193e-03	
  6.9261e+00	  8.5564e-02	  1.3915e-03	  1.0868e-02	  2.2131e-03	  1.2222e-05	  5.7542e-02	  1.1260e-02	  3.8825e-04	  2.7380e-02	  2.0178e+04	  7.7735e-02	  1.1113e-01	  0.0000e+00	  1.9763e-01	  2.0358e-01	  2.5205e-03	
  6.9261e+00	  8.5575e-02	  1.3917e-03	  1.0868e-02	  2.2132e-03	  1.2223e-05	  5.7549e-02	  1.1262e-02	  3.8825e-04	  2.7382e-02	  2.0180e+04	  7.7737e-02	  1.1113e-01	  0.0000e+00	  1.9763e-01	  2.0358e-01	  2.5217e-03	
  6.9261e+00	  8.5586e-02	  1.3918e-03	  1.0869e-02	  2.2132e-03	  1.2224e-05	  5.7557e-02	  1.1263e-02	  3.8825e-04	  2.7384e-02	  2.0182e+04	  7.7740e-02	  1.1113e-01	  0.0000e+00	  1.9763e-01	  2.0358e-01	  2.5229e-03	
  6.9261e+00	  8.5597e-02	  1.3920e-03	  1.0869e-02	  2.2132e-03	  1.2226e-05	  5.7564e-02	  1.1265e-02	  3.8825e-04	  2.7385e-02	  2.0184e+04	  7.7742e-02	  1.1113e-01	  0.0000e+00	  1.9763e-01	  2.0358e-01	  2.5240e-03	
  6.9261e+00	  8.5607e-02	  1.3921e-03	  1.0869e-02	  2.2133e-03	  1.2227e-05	  5.7571e-02	  1.1266e-02	  3.8825e-04	  2.7387e-02	  2.0186e+04	  7.7744e-02	  1.1113e-01	  0.0000e+00	  1.9763e-01	  2.0358e-01	  2.5250e-03	
  6.9261e+00	  8.5617e-02	  1.3922e-03	  1.0869e-02	  2.2133e-03	  1.2228e-05	  5.7577e-02	  1.1268e-02	  3.8825e-04	  2.7388e-02	  2.0188e+04	  7.7746e-02	  1.1112e-01	  0.0000e+00	  1.9763e-01	  2.0358e-01	  2.5260e-03	
  6.9261e+00	  8.5627e-02	  1.3924e-03	  1.0870e-02	  2.2133e-03	  1.2229e-05	  5.7584e-02	  1.1269e-02	  3.8825e-04	  2.7390e-02	  2.0190e+04	  7.7748e-02	  1.1112e-01	  0.0000e+00	  1.9763e-01	  2.0358e-01	  2.5270e-03	
  6.9260e+00	  8.5636e-02	  1.3925e-03	  1.0870e-02	  2.2134e-03	  1.2230e-05	  5.7590e-02	  1.1270e-02	  3.8825e-04	  2.7391e-02	  2.0191e+04	  7.7749e-02	  1.1112e-01	  0.0000e+00	  1.9763e-01	  2.0358e-01	  2.5280e-03	
  6.9260e+00	  8.5645e-02	  1.3926e-03	  1.0870e-02	  2.2134e-03	  1.2230e-05	  5.7596e-02	  1.1271e-02	  3.8825e-04	  2.7393e-02	  2.0193e+04	  7.7751e-02	  1.1112e-01	  0.0000e+00	  1.9763e-01	  2.0358e-01	  2.5289e-03	
  6.9260e+00	  8.5654e-02	  1.3927e-03	  1.0870e-02	  2.2134e-03	  1.2231e-05	  5.7602e-02	  1.1272e-02	  3.8825e-04	  2.7394e-02	  2.0195e+04	  7.7753e-02	  1.1112e-01	  0.0000e+00	  1.9763e-01	  2.0358e-01	  2.5298e-03	
  6.9260e+00	  8.5662e-02	  1.3928e-03	  1.0870e-02	  2.2135e-03	  1.2232e-05	  5.7608e-02	  1.1274e-02	  3.8825e-04	  2.7395e-02	  2.0196e+04	  7.7754e-02	  1.1112e-01	  0.0000e+00	  1.9763e-01	  2.0358e-01	  2.5307e-03	
  6.9260e+00	  8.5670e-02	  1.3929e-03	  1.0870e-02	  2.2135e-03	  1.2233e-05	  5.7613e-02	  1.1275e-02	  3.8825e-04	  2.7397e-02	  2.0198e+04	  7.7756e-02	  1.1112e-01	  0.0000e+00	  1.9763e-01	  2.0358e-01	  2.5315e-03	
  6.9260e+00	  8.5678e-02	  1.3930e-03	  1.0871e-02	  2.2135e-03	  1.2234e-05	  5.7618e-02	  1.1276e-02	  3.8825e-04	  2.7398e-02	  2.0199e+04	  7.7758e-02	  1.1112e-01	  0.0000e+00	  1.9763e-01	  2.0358e-01	  2.5323e-03	
  6.9260e+00	  8.5685e-02	  1.3931e-03	  1.0871e-02	  2.2135e-03	  1.2235e-05	  5.7623e-02	  1.1277e-02	  3.8825e-04	  2.7399e-02	  2.0201e+04	  7.7759e-02	  1.1112e-01	  0.0000e+00	  1.9763e-01	  2.0358e-01	  2.5331e-03	
  6.9260e+00	  8.5693e-02	  1.3932e-03	  1.0871e-02	  2.2136e-03	  1.2235e-05	  5.7628e-02	  1.1278e-02	  3.8825e-04	  2.7400e-02	  2.0202e+04	  7.7761e-02	  1.1112e-01	  0.0000e+00	  1.9763e-01	  2.0358e-01	  2.5338e-03	
  6.9260e+00	  8.5700e-02	  1.3933e-03	  1.0871e-02	  2.2136e-03	  1.2236e-05	  5.7633e-02	  1.1279e-02	  3.8825e-04	  2.7401e-02	  2.0203e+04	  7.7762e-02	  1.1112e-01	  0.0000e+00	  1.9763e-01	  2.0358e-01	  2.5345e-03	
  6.9260e+00	  8.5706e-02	  1.3934e-03	  1.0871e-02	  2.2136e-03	  1.2237e-05	  5.7638e-02	  1.1280e-02	  3.8825e-04	  2.7402e-02	  2.0205e+04	  7.7763e-02	  1.1112e-01	  0.0000e+00	  1.9763e-01	  2.0358e-01	  2.5352e-03	
  6.9259e+00	  8.5713e-02	  1.3935e-03	  1.0871e-02	  2.2136e-03	  1.2237e-05	  5.7642e-02	  1.1280e-02	  3.8825e-04	  2.7403e-02	  2.0206e+04	  7.7765e-02	  1.1112e-01	  0.0000e+00	  1.9763e-01	  2.0358e-01	  2.5359e-03	
  6.9259e+00	  8.5719e-02	  1.3936e-03	  1.0872e-02	  2.2137e-03	  1.2238e-05	  5.7646e-02	  1.1281e-02	  3.8825e-04	  2.7404e-02	  2.0207e+04	  7.7766e-02	  1.1111e-01	  0.0000e+00	  1.9763e-01	  2.0358e-01	  2.5366e-03	
  6.9259e+00	  8.5725e-02	  1.3937e-03	  1.0872e-02	  2.2137e-03	  1.2239e-05	  5.7650e-02	  1.1282e-02	  3.8825e-04	  2.7405e-02	  2.0208e+04	  7.7767e-02	  1.1111e-01	  0.0000e+00	  1.9763e-01	  2.0358e-01	  2.5372e-03	
  6.9259e+00	  8.5731e-02	  1.3937e-03	  1.0872e-02	  2.2137e-03	  1.2239e-05	  5.7654e-02	  1.1283e-02	  3.8825e-04	  2.7406e-02	  2.0209e+04	  7.7768e-02	  1.1111e-01	  0.0000e+00	  1.9763e-01	  2.0358e-01	  2.5378e-03	
  6.9259e+00	  8.5737e-02	  1.3938e-03	  1.0872e-02	  2.2137e-03	  1.2240e-05	  5.7658e-02	  1.1284e-02	  3.8825e-04	  2.7407e-02	  2.0210e+04	  7.7769e-02	  1.1111e-01	  0.0000e+00	  1.9763e-01	  2.0358e-01	  2.5384e-03	
  6.9259e+00	  8.5742e-02	  1.3939e-03	  1.0872e-02	  2.2138e-03	  1.2240e-05	  5.7662e-02	  1.1284e-02	  3.8825e-04	  2.7408e-02	  2.0212e+04	  7.7770e-02	  1.1111e-01	  0.0000e+00	  1.9763e-01	  2.0358e-01	  2.5390e-03	
  6.9259e+00	  8.5748e-02	  1.3940e-03	  1.0872e-02	  2.2138e-03	  1.2241e-05	  5.7665e-02	  1.1285e-02	  3.8825e-04	  2.7409e-02	  2.0213e+04	  7.7771e-02	  1.1111e-01	  0.0000e+00	  1.9763e-01	  2.0357e-01	  2.5395e-03	
  6.9259e+00	  8.5753e-02	  1.3940e-03	  1.0872e-02	  2.2138e-03	  1.2241e-05	  5.7669e-02	  1.1286e-02	  3.8825e-04	  2.7409e-02	  2.0213e+04	  7.7772e-02	  1.1111e-01	  0.0000e+00	  1.9764e-01	  2.0357e-01	  2.5400e-03	
  6.9259e+00	  8.5758e-02	  1.3941e-03	  1.0872e-02	  2.2138e-03	  1.2242e-05	  5.7672e-02	  1.1286e-02	  3.8825e-04	  2.7410e-02	  2.0214e+04	  7.7773e-02	  1.1111e-01	  0.0000e+00	  1.9764e-01	  2.0357e-01	  2.5405e-03	
  6.9259e+00	  8.5762e-02	  1.3942e-03	  1.0873e-02	  2.2138e-03	  1.2242e-05	  5.7675e-02	  1.1287e-02	  3.8825e-04	  2.7411e-02	  2.0215e+04	  7.7774e-02	  1.1111e-01	  0.0000e+00	  1.9764e-01	  2.0357e-01	  2.5410e-03	
  6.9259e+00	  8.5767e-02	  1.3942e-03	  1.0873e-02	  2.2138e-03	  1.2243e-05	  5.7678e-02	  1.1288e-02	  3.8825e-04	  2.7412e-02	  2.0216e+04	  7.7775e-02	  1.1111e-01	  0.0000e+00	  1.9764e-01	  2.0357e-01	  2.5415e-03	
  6.9259e+00	  8.5771e-02	  1.3943e-03	  1.0873e-02	  2.2139e-03	  1.2243e-05	  5.7681e-02	  1.1288e-02	  3.8826e-04	  2.7412e-02	  2.0217e+04	  7.7776e-02	  1.1111e-01	  0.0000e+00	  1.9764e-01	  2.0357e-01	  2.5420e-03	
  6.9259e+00	  8.5776e-02	  1.3943e-03	  1.0873e-02	  2.2139e-03	  1.2244e-05	  5.7684e-02	  1.1289e-02	  3.8826e-04	  2.7413e-02	  2.0218e+04	  7.7777e-02	  1.1111e-01	  0.0000e+00	  1.9764e-01	  2.0357e-01	  2.5424e-03	
  6.9259e+00	  8.5780e-02	  1.3944e-03	  1.0873e-02	  2.2139e-03	  1.2244e-05	  5.7687e-02	  1.1289e-02	  3.8826e-04	  2.7414e-02	  2.0219e+04	  7.7778e-02	  1.1111e-01	  0.0000e+00	  1.9764e-01	  2.0357e-01	  2.5428e-03	
  6.9259e+00	  8.5784e-02	  1.3944e-03	  1.0873e-02	  2.2139e-03	  1.2245e-05	  5.7690e-02	  1.1290e-02	  3.8826e-04	  2.7414e-02	  2.0219e+04	  7.7779e-02	  1.1111e-01	  0.0000e+00	  1.9764e-01	  2.0357e-01	  2.5432e-03	
  6.9259e+00	  8.5788e-02	  1.3945e-03	  1.0873e-02	  2.2139e-03	  1.2245e-05	  5.7692e-02	  1.1291e-02	  3.8826e-04	  2.7415e-02	  2.0220e+04	  7.7779e-02	  1.1111e-01	  0.0000e+00	  1.9764e-01	  2.0357e-01	  2.5436e-03	
  6.9258e+00	  8.5792e-02	  1.3945e-03	  1.0873e-02	  2.2139e-03	  1.2245e-05	  5.7695e-02	  1.1291e-02	  3.8826e-04	  2.7415e-02	  2.0221e+04	  7.7780e-02	  1.1111e-01	  0.0000e+00	  1.9764e-01	  2.0357e-01	  2.5440e-03	
  6.9258e+00	  8.5795e-02	  1.3946e-03	  1.0873e-02	  2.2139e-03	  1.2246e-05	  5.7697e-02	  1.1292e-02	  3.8826e-04	  2.7416e-02	  2.0222e+04	  7.7781e-02	  1.1111e-01	  0.0000e+00	  1.9764e-01	  2.0357e-01	  2.5444e-03	
  6.9258e+00	  8.5799e-02	  1.3946e-03	  1.0873e-02	  2.2140e-03	  1.2246e-05	  5.7700e-02	  1.1292e-02	  3.8826e-04	  2.7416e-02	  2.0222e+04	  7.7781e-02	  1.1111e-01	  0.0000e+00	  1.9764e-01	  2.0357e-01	  2.5448e-03	
  6.9258e+00	  8.5802e-02	  1.3947e-03	  1.0873e-02	  2.2140e-03	  1.2246e-05	  5.7702e-02	  1.1292e-02	  3.8826e-04	  2.7417e-02	  2.0223e+04	  7.7782e-02	  1.1111e-01	  0.0000e+00	  1.9764e-01	  2.0357e-01	  2.5451e-03	
  6.9258e+00	  8.5805e-02	  1.3947e-03	  1.0873e-02	  2.2140e-03	  1.2247e-05	  5.7704e-02	  1.1293e-02	  3.8826e-04	  2.7418e-02	  2.0223e+04	  7.7783e-02	  1.1111e-01	  0.0000e+00	  1.9764e-01	  2.0357e-01	  2.5454e-03	
  6.9258e+00	  8.5808e-02	  1.3948e-03	  1.0874e-02	  2.2140e-03	  1.2247e-05	  5.7706e-02	  1.1293e-02	  3.8826e-04	  2.7418e-02	  2.0224e+04	  7.7783e-02	  1.1111e-01	  0.0000e+00	  1.9764e-01	  2.0357e-01	  2.5458e-03	
  6.9258e+00	  8.5811e-02	  1.3948e-03	  1.0874e-02	  2.2140e-03	  1.2247e-05	  5.7708e-02	  1.1294e-02	  3.8826e-04	  2.7418e-02	  2.0225e+04	  7.7784e-02	  1.1111e-01	  0.0000e+00	  1.9764e-01	  2.0357e-01	  2.5461e-03	
  6.9258e+00	  8.5814e-02	  1.3949e-03	  1.0874e-02	  2.2140e-03	  1.2248e-05	  5.7710e-02	  1.1294e-02	  3.8826e-04	  2.7419e-02	  2.0225e+04	  7.7785e-02	  1.1111e-01	  0.0000e+00	  1.9764e-01	  2.0357e-01	  2.5464e-03	
  6.9258e+00	  8.5817e-02	  1.3949e-03	  1.0874e-02	  2.2140e-03	  1.2248e-05	  5.7712e-02	  1.1294e-02	  3.8826e-04	  2.7419e-02	  2.0226e+04	  7.7785e-02	  1.1111e-01	  0.0000e+00	  1.9764e-01	  2.0357e-01	  2.5467e-03	
  6.9258e+00	  8.5820e-02	  1.3949e-03	  1.0874e-02	  2.2140e-03	  1.2248e-05	  5.7714e-02	  1.1295e-02	  3.8826e-04	  2.7420e-02	  2.0226e+04	  7.7786e-02	  1.1110e-01	  0.0000e+00	  1.9764e-01	  2.0357e-01	  2.5469e-03	
