          pH	          Na	           K	          Ca	          Mg	         PO4	          Cl	         SO4	         NH4	        HCO3	          sc	         FeS	      Pyrite	     Calcite	
  6.6644e+00	  4.1755e-03	  3.3043e-04	  4.8964e-03	  1.0614e-03	  4.1174e-05	  6.0679e-03	  1.8024e-04	  4.2255e-04	  9.0118e-06	  2.5751e+03	  0.0000e+00	  0.0000e+00	  0.0000e+00	
  6.6644e+00	  4.1755e-03	  3.3043e-04	  4.8964e-03	  1.0614e-03	  4.1174e-05	  6.0679e-03	  1.8024e-04	  4.2255e-04	  9.0118e-06	  2.5751e+03	  0.0000e+00	  0.0000e+00	  0.0000e+00	
  7.5040e+00	  4.2988e-03	  3.3747e-04	  5.1100e-03	  1.1090e-03	  6.2482e-07	  6.4307e-03	  2.2082e-04	  4.3609e-04	  5.3837e-05	  2.6986e+03	  0.0000e+00	  1.4999e-01	  0.0000e+00	
  7.4895e+00	  4.3806e-03	  3.4113e-04	  5.2259e-03	  1.1347e-03	  6.4360e-07	  6.7799e-03	  2.5996e-04	  4.3995e-04	  7.5185e-05	  2.7892e+03	  0.0000e+00	  1.4999e-01	  0.0000e+00	
  7.4755e+00	  4.4597e-03	  3.4464e-04	  5.3378e-03	  1.1594e-03	  6.6258e-07	  7.1153e-03	  2.9737e-04	  4.4363e-04	  9.5658e-05	  2.8760e+03	  0.0000e+00	  1.4999e-01	  0.0000e+00	
  7.4620e+00	  4.5363e-03	  3.4800e-04	  5.4459e-03	  1.1834e-03	  6.8173e-07	  7.4376e-03	  3.3315e-04	  4.4714e-04	  1.1530e-04	  2.9594e+03	  0.0000e+00	  1.4999e-01	  0.0000e+00	
  7.4490e+00	  4.6104e-03	  3.5122e-04	  5.5501e-03	  1.2064e-03	  7.0101e-07	  7.7475e-03	  3.6740e-04	  4.5049e-04	  1.3416e-04	  3.0395e+03	  0.0000e+00	  1.4999e-01	  0.0000e+00	
  7.4364e+00	  4.6821e-03	  3.5430e-04	  5.6508e-03	  1.2287e-03	  7.2041e-07	  8.0455e-03	  4.0020e-04	  4.5369e-04	  1.5227e-04	  3.1164e+03	  0.0000e+00	  1.4999e-01	  0.0000e+00	
  7.4243e+00	  4.7515e-03	  3.5726e-04	  5.7479e-03	  1.2502e-03	  7.3990e-07	  8.3322e-03	  4.3165e-04	  4.5674e-04	  1.6966e-04	  3.1903e+03	  0.0000e+00	  1.4999e-01	  0.0000e+00	
  7.4127e+00	  4.8186e-03	  3.6010e-04	  5.8417e-03	  1.2710e-03	  7.5946e-07	  8.6080e-03	  4.6180e-04	  4.5966e-04	  1.8638e-04	  3.2613e+03	  0.0000e+00	  1.4999e-01	  0.0000e+00	
  7.4014e+00	  4.8835e-03	  3.6282e-04	  5.9321e-03	  1.2911e-03	  7.7906e-07	  8.8735e-03	  4.9073e-04	  4.6245e-04	  2.0245e-04	  3.3296e+03	  0.0000e+00	  1.4999e-01	  0.0000e+00	
  7.3906e+00	  4.9463e-03	  3.6544e-04	  6.0194e-03	  1.3105e-03	  7.9868e-07	  9.1291e-03	  5.1851e-04	  4.6513e-04	  2.1791e-04	  3.3953e+03	  0.0000e+00	  1.4999e-01	  0.0000e+00	
  7.3801e+00	  5.0071e-03	  3.6795e-04	  6.1037e-03	  1.3292e-03	  8.1829e-07	  9.3752e-03	  5.4517e-04	  4.6768e-04	  2.3277e-04	  3.4585e+03	  0.0000e+00	  1.4999e-01	  0.0000e+00	
  7.3700e+00	  5.0658e-03	  3.7036e-04	  6.1850e-03	  1.3472e-03	  8.3789e-07	  9.6122e-03	  5.7079e-04	  4.7013e-04	  2.4707e-04	  3.5192e+03	  0.0000e+00	  1.4999e-01	  0.0000e+00	
  7.3602e+00	  5.1227e-03	  3.7268e-04	  6.2635e-03	  1.3646e-03	  8.5744e-07	  9.8405e-03	  5.9541e-04	  4.7248e-04	  2.6083e-04	  3.5777e+03	  0.0000e+00	  1.4999e-01	  0.0000e+00	
  7.3508e+00	  5.1776e-03	  3.7491e-04	  6.3392e-03	  1.3815e-03	  8.7692e-07	  1.0060e-02	  6.1908e-04	  4.7473e-04	  2.7408e-04	  3.6340e+03	  0.0000e+00	  1.4999e-01	  0.0000e+00	
  7.3417e+00	  5.2307e-03	  3.7705e-04	  6.4123e-03	  1.3977e-03	  8.9632e-07	  1.0272e-02	  6.4184e-04	  4.7688e-04	  2.8683e-04	  3.6882e+03	  0.0000e+00	  1.4999e-01	  0.0000e+00	
  7.3329e+00	  5.2821e-03	  3.7911e-04	  6.4829e-03	  1.4134e-03	  9.1562e-07	  1.0476e-02	  6.6372e-04	  4.7895e-04	  2.9910e-04	  3.7404e+03	  0.0000e+00	  1.4999e-01	  0.0000e+00	
  7.3244e+00	  5.3318e-03	  3.8109e-04	  6.5510e-03	  1.4285e-03	  9.3481e-07	  1.0673e-02	  6.8478e-04	  4.8093e-04	  3.1092e-04	  3.7906e+03	  0.0000e+00	  1.4999e-01	  0.0000e+00	
  7.3162e+00	  5.3798e-03	  3.8300e-04	  6.6167e-03	  1.4431e-03	  9.5385e-07	  1.0863e-02	  7.0504e-04	  4.8283e-04	  3.2231e-04	  3.8390e+03	  0.0000e+00	  1.4998e-01	  0.0000e+00	
  7.3083e+00	  5.4262e-03	  3.8483e-04	  6.6801e-03	  1.4573e-03	  9.7275e-07	  1.1046e-02	  7.2454e-04	  4.8466e-04	  3.3328e-04	  3.8856e+03	  0.0000e+00	  1.4998e-01	  0.0000e+00	
  7.3007e+00	  5.4711e-03	  3.8660e-04	  6.7413e-03	  1.4709e-03	  9.9148e-07	  1.1222e-02	  7.4331e-04	  4.8641e-04	  3.4384e-04	  3.9305e+03	  0.0000e+00	  1.4998e-01	  0.0000e+00	
  7.2933e+00	  5.5145e-03	  3.8829e-04	  6.8004e-03	  1.4840e-03	  1.0100e-06	  1.1392e-02	  7.6138e-04	  4.8809e-04	  3.5402e-04	  3.9738e+03	  0.0000e+00	  1.4998e-01	  0.0000e+00	
  7.2862e+00	  5.5565e-03	  3.8993e-04	  6.8574e-03	  1.4967e-03	  1.0284e-06	  1.1556e-02	  7.7879e-04	  4.8971e-04	  3.6383e-04	  4.0155e+03	  0.0000e+00	  1.4998e-01	  0.0000e+00	
  7.2793e+00	  5.5970e-03	  3.9150e-04	  6.9124e-03	  1.5090e-03	  1.0465e-06	  1.1714e-02	  7.9555e-04	  4.9126e-04	  3.7328e-04	  4.0556e+03	  0.0000e+00	  1.4998e-01	  0.0000e+00	
  7.2726e+00	  5.6362e-03	  3.9301e-04	  6.9655e-03	  1.5208e-03	  1.0645e-06	  1.1866e-02	  8.1169e-04	  4.9275e-04	  3.8239e-04	  4.0943e+03	  0.0000e+00	  1.4998e-01	  0.0000e+00	
  7.2662e+00	  5.6741e-03	  3.9447e-04	  7.0167e-03	  1.5322e-03	  1.0822e-06	  1.2013e-02	  8.2725e-04	  4.9419e-04	  3.9117e-04	  4.1316e+03	  0.0000e+00	  1.4998e-01	  0.0000e+00	
  7.2600e+00	  5.7107e-03	  3.9588e-04	  7.0662e-03	  1.5432e-03	  1.0997e-06	  1.2155e-02	  8.4223e-04	  4.9556e-04	  3.9963e-04	  4.1676e+03	  0.0000e+00	  1.4998e-01	  0.0000e+00	
  7.2540e+00	  5.7461e-03	  3.9723e-04	  7.1140e-03	  1.5539e-03	  1.1169e-06	  1.2291e-02	  8.5667e-04	  4.9689e-04	  4.0779e-04	  4.2022e+03	  0.0000e+00	  1.4998e-01	  0.0000e+00	
  7.2482e+00	  5.7803e-03	  3.9853e-04	  7.1600e-03	  1.5642e-03	  1.1339e-06	  1.2423e-02	  8.7059e-04	  4.9816e-04	  4.1565e-04	  4.2356e+03	  0.0000e+00	  1.4998e-01	  0.0000e+00	
  7.2426e+00	  5.8134e-03	  3.9979e-04	  7.2045e-03	  1.5741e-03	  1.1506e-06	  1.2550e-02	  8.8400e-04	  4.9939e-04	  4.2324e-04	  4.2678e+03	  0.0000e+00	  1.4998e-01	  0.0000e+00	
  7.2372e+00	  5.8453e-03	  4.0100e-04	  7.2474e-03	  1.5837e-03	  1.1670e-06	  1.2673e-02	  8.9693e-04	  5.0057e-04	  4.3055e-04	  4.2989e+03	  0.0000e+00	  1.4998e-01	  0.0000e+00	
  7.2320e+00	  5.8762e-03	  4.0216e-04	  7.2889e-03	  1.5929e-03	  1.1832e-06	  1.2791e-02	  9.0939e-04	  5.0170e-04	  4.3760e-04	  4.3288e+03	  0.0000e+00	  1.4998e-01	  0.0000e+00	
  7.2269e+00	  5.9060e-03	  4.0328e-04	  7.3289e-03	  1.6018e-03	  1.1991e-06	  1.2905e-02	  9.2140e-04	  5.0279e-04	  4.4440e-04	  4.3577e+03	  0.0000e+00	  1.4998e-01	  0.0000e+00	
  7.2221e+00	  5.9348e-03	  4.0436e-04	  7.3675e-03	  1.6104e-03	  1.2147e-06	  1.3016e-02	  9.3298e-04	  5.0384e-04	  4.5096e-04	  4.3856e+03	  0.0000e+00	  1.4998e-01	  0.0000e+00	
  7.2174e+00	  5.9627e-03	  4.0541e-04	  7.4047e-03	  1.6188e-03	  1.2301e-06	  1.3122e-02	  9.4415e-04	  5.0485e-04	  4.5728e-04	  4.4124e+03	  0.0000e+00	  1.4998e-01	  0.0000e+00	
  7.2128e+00	  5.9896e-03	  4.0641e-04	  7.4407e-03	  1.6268e-03	  1.2451e-06	  1.3224e-02	  9.5492e-04	  5.0582e-04	  4.6338e-04	  4.4383e+03	  0.0000e+00	  1.4998e-01	  0.0000e+00	
  7.2084e+00	  6.0156e-03	  4.0738e-04	  7.4754e-03	  1.6345e-03	  1.2599e-06	  1.3323e-02	  9.6530e-04	  5.0676e-04	  4.6927e-04	  4.4633e+03	  0.0000e+00	  1.4998e-01	  0.0000e+00	
  7.2042e+00	  6.0407e-03	  4.0832e-04	  7.5089e-03	  1.6420e-03	  1.2743e-06	  1.3419e-02	  9.7532e-04	  5.0766e-04	  4.7494e-04	  4.4874e+03	  0.0000e+00	  1.4998e-01	  0.0000e+00	
  7.2001e+00	  6.0650e-03	  4.0922e-04	  7.5413e-03	  1.6493e-03	  1.2885e-06	  1.3511e-02	  9.8498e-04	  5.0853e-04	  4.8042e-04	  4.5106e+03	  0.0000e+00	  1.4998e-01	  0.0000e+00	
  7.1961e+00	  6.0885e-03	  4.1008e-04	  7.5725e-03	  1.6562e-03	  1.3024e-06	  1.3600e-02	  9.9429e-04	  5.0936e-04	  4.8570e-04	  4.5330e+03	  0.0000e+00	  1.4998e-01	  0.0000e+00	
  7.1923e+00	  6.1111e-03	  4.1092e-04	  7.6027e-03	  1.6630e-03	  1.3160e-06	  1.3686e-02	  1.0033e-03	  5.1017e-04	  4.9080e-04	  4.5546e+03	  0.0000e+00	  1.4998e-01	  0.0000e+00	
  7.1886e+00	  6.1330e-03	  4.1173e-04	  7.6318e-03	  1.6695e-03	  1.3292e-06	  1.3769e-02	  1.0119e-03	  5.1094e-04	  4.9571e-04	  4.5755e+03	  0.0000e+00	  1.4998e-01	  0.0000e+00	
  7.1851e+00	  6.1542e-03	  4.1251e-04	  7.6598e-03	  1.6757e-03	  1.3422e-06	  1.3848e-02	  1.0203e-03	  5.1169e-04	  5.0045e-04	  4.5956e+03	  0.0000e+00	  1.4998e-01	  0.0000e+00	
  7.1816e+00	  6.1746e-03	  4.1326e-04	  7.6870e-03	  1.6818e-03	  1.3549e-06	  1.3926e-02	  1.0284e-03	  5.1241e-04	  5.0503e-04	  4.6150e+03	  0.0000e+00	  1.4998e-01	  0.0000e+00	
  7.1783e+00	  6.1944e-03	  4.1398e-04	  7.7131e-03	  1.6877e-03	  1.3673e-06	  1.4000e-02	  1.0362e-03	  5.1310e-04	  5.0944e-04	  4.6338e+03	  0.0000e+00	  1.4998e-01	  0.0000e+00	
  7.1751e+00	  6.2134e-03	  4.1468e-04	  7.7384e-03	  1.6933e-03	  1.3795e-06	  1.4072e-02	  1.0437e-03	  5.1377e-04	  5.1370e-04	  4.6518e+03	  0.0000e+00	  1.4998e-01	  0.0000e+00	
  7.1720e+00	  6.2319e-03	  4.1535e-04	  7.7628e-03	  1.6988e-03	  1.3913e-06	  1.4141e-02	  1.0509e-03	  5.1441e-04	  5.1781e-04	  4.6693e+03	  0.0000e+00	  1.4998e-01	  0.0000e+00	
  7.1690e+00	  6.2496e-03	  4.1600e-04	  7.7863e-03	  1.7040e-03	  1.4028e-06	  1.4208e-02	  1.0579e-03	  5.1503e-04	  5.2178e-04	  4.6861e+03	  0.0000e+00	  1.4998e-01	  0.0000e+00	
  7.1661e+00	  6.2668e-03	  4.1663e-04	  7.8091e-03	  1.7091e-03	  1.4141e-06	  1.4273e-02	  1.0646e-03	  5.1563e-04	  5.2561e-04	  4.7023e+03	  0.0000e+00	  1.4998e-01	  0.0000e+00	
  7.1633e+00	  6.2834e-03	  4.1723e-04	  7.8310e-03	  1.7140e-03	  1.4251e-06	  1.4335e-02	  1.0711e-03	  5.1621e-04	  5.2930e-04	  4.7180e+03	  0.0000e+00	  1.4998e-01	  0.0000e+00	
  7.1606e+00	  6.2995e-03	  4.1781e-04	  7.8522e-03	  1.7188e-03	  1.4358e-06	  1.4395e-02	  1.0774e-03	  5.1676e-04	  5.3286e-04	  4.7331e+03	  0.0000e+00	  1.4998e-01	  0.0000e+00	
  7.1580e+00	  6.3150e-03	  4.1838e-04	  7.8726e-03	  1.7233e-03	  1.4463e-06	  1.4453e-02	  1.0835e-03	  5.1730e-04	  5.3630e-04	  4.7477e+03	  0.0000e+00	  1.4998e-01	  0.0000e+00	
  7.1555e+00	  6.3300e-03	  4.1892e-04	  7.8924e-03	  1.7278e-03	  1.4564e-06	  1.4509e-02	  1.0893e-03	  5.1781e-04	  5.3962e-04	  4.7618e+03	  0.0000e+00	  1.4998e-01	  0.0000e+00	
  7.1531e+00	  6.3444e-03	  4.1944e-04	  7.9114e-03	  1.7320e-03	  1.4663e-06	  1.4564e-02	  1.0950e-03	  5.1831e-04	  5.4283e-04	  4.7754e+03	  0.0000e+00	  1.4998e-01	  0.0000e+00	
  7.1507e+00	  6.3584e-03	  4.1995e-04	  7.9298e-03	  1.7361e-03	  1.4760e-06	  1.4616e-02	  1.1004e-03	  5.1879e-04	  5.4592e-04	  4.7885e+03	  0.0000e+00	  1.4998e-01	  0.0000e+00	
  7.1485e+00	  6.3719e-03	  4.2043e-04	  7.9476e-03	  1.7401e-03	  1.4854e-06	  1.4666e-02	  1.1057e-03	  5.1925e-04	  5.4890e-04	  4.8011e+03	  0.0000e+00	  1.4998e-01	  0.0000e+00	
  7.1463e+00	  6.3849e-03	  4.2090e-04	  7.9648e-03	  1.7440e-03	  1.4945e-06	  1.4715e-02	  1.1107e-03	  5.1970e-04	  5.5178e-04	  4.8133e+03	  0.0000e+00	  1.4998e-01	  0.0000e+00	
  7.1442e+00	  6.3975e-03	  4.2136e-04	  7.9813e-03	  1.7477e-03	  1.5034e-06	  1.4762e-02	  1.1156e-03	  5.2013e-04	  5.5456e-04	  4.8251e+03	  0.0000e+00	  1.4998e-01	  0.0000e+00	
  7.1421e+00	  6.4097e-03	  4.2179e-04	  7.9973e-03	  1.7512e-03	  1.5121e-06	  1.4807e-02	  1.1203e-03	  5.2054e-04	  5.5724e-04	  4.8365e+03	  0.0000e+00	  1.4998e-01	  0.0000e+00	
  7.1401e+00	  6.4214e-03	  4.2222e-04	  8.0127e-03	  1.7547e-03	  1.5205e-06	  1.4851e-02	  1.1249e-03	  5.2094e-04	  5.5983e-04	  4.8475e+03	  0.0000e+00	  1.4998e-01	  0.0000e+00	
  7.1382e+00	  6.4327e-03	  4.2262e-04	  8.0276e-03	  1.7580e-03	  1.5287e-06	  1.4893e-02	  1.1293e-03	  5.2133e-04	  5.6233e-04	  4.8581e+03	  0.0000e+00	  1.4998e-01	  0.0000e+00	
  7.1364e+00	  6.4437e-03	  4.2302e-04	  8.0420e-03	  1.7612e-03	  1.5366e-06	  1.4934e-02	  1.1335e-03	  5.2170e-04	  5.6474e-04	  4.8683e+03	  0.0000e+00	  1.4998e-01	  0.0000e+00	
  7.1346e+00	  6.4543e-03	  4.2340e-04	  8.0559e-03	  1.7644e-03	  1.5443e-06	  1.4974e-02	  1.1376e-03	  5.2206e-04	  5.6707e-04	  4.8782e+03	  0.0000e+00	  1.4998e-01	  0.0000e+00	
  7.1329e+00	  6.4645e-03	  4.2376e-04	  8.0693e-03	  1.7674e-03	  1.5518e-06	  1.5012e-02	  1.1416e-03	  5.2240e-04	  5.6932e-04	  4.8877e+03	  0.0000e+00	  1.4998e-01	  0.0000e+00	
  7.1313e+00	  6.4744e-03	  4.2412e-04	  8.0822e-03	  1.7703e-03	  1.5591e-06	  1.5048e-02	  1.1454e-03	  5.2274e-04	  5.7149e-04	  4.8969e+03	  0.0000e+00	  1.4998e-01	  0.0000e+00	
  7.1297e+00	  6.4839e-03	  4.2446e-04	  8.0947e-03	  1.7731e-03	  1.5662e-06	  1.5084e-02	  1.1491e-03	  5.2306e-04	  5.7358e-04	  4.9058e+03	  0.0000e+00	  1.4998e-01	  0.0000e+00	
  7.1281e+00	  6.4931e-03	  4.2479e-04	  8.1068e-03	  1.7758e-03	  1.5731e-06	  1.5118e-02	  1.1527e-03	  5.2337e-04	  5.7560e-04	  4.9143e+03	  0.0000e+00	  1.4998e-01	  0.0000e+00	
  7.1266e+00	  6.5020e-03	  4.2510e-04	  8.1184e-03	  1.7784e-03	  1.5798e-06	  1.5151e-02	  1.1561e-03	  5.2367e-04	  5.7755e-04	  4.9226e+03	  0.0000e+00	  1.4998e-01	  0.0000e+00	
  7.1252e+00	  6.5106e-03	  4.2541e-04	  8.1297e-03	  1.7809e-03	  1.5863e-06	  1.5183e-02	  1.1594e-03	  5.2396e-04	  5.7943e-04	  4.9306e+03	  0.0000e+00	  1.4998e-01	  0.0000e+00	
  7.1238e+00	  6.5189e-03	  4.2571e-04	  8.1406e-03	  1.7833e-03	  1.5925e-06	  1.5214e-02	  1.1626e-03	  5.2424e-04	  5.8125e-04	  4.9383e+03	  0.0000e+00	  1.4998e-01	  0.0000e+00	
  7.1224e+00	  6.5269e-03	  4.2599e-04	  8.1510e-03	  1.7857e-03	  1.5986e-06	  1.5243e-02	  1.1657e-03	  5.2450e-04	  5.8301e-04	  4.9457e+03	  0.0000e+00	  1.4998e-01	  0.0000e+00	
  7.1211e+00	  6.5346e-03	  4.2627e-04	  8.1612e-03	  1.7879e-03	  1.6046e-06	  1.5272e-02	  1.1687e-03	  5.2476e-04	  5.8470e-04	  4.9529e+03	  0.0000e+00	  1.4998e-01	  0.0000e+00	
  7.1199e+00	  6.5421e-03	  4.2653e-04	  8.1709e-03	  1.7901e-03	  1.6103e-06	  1.5300e-02	  1.1715e-03	  5.2501e-04	  5.8634e-04	  4.9598e+03	  0.0000e+00	  1.4998e-01	  0.0000e+00	
  7.1187e+00	  6.5493e-03	  4.2679e-04	  8.1804e-03	  1.7922e-03	  1.6159e-06	  1.5327e-02	  1.1743e-03	  5.2526e-04	  5.8791e-04	  4.9665e+03	  0.0000e+00	  1.4998e-01	  0.0000e+00	
  7.1175e+00	  6.5563e-03	  4.2704e-04	  8.1895e-03	  1.7943e-03	  1.6213e-06	  1.5352e-02	  1.1770e-03	  5.2549e-04	  5.8944e-04	  4.9730e+03	  0.0000e+00	  1.4998e-01	  0.0000e+00	
  7.1164e+00	  6.5630e-03	  4.2728e-04	  8.1983e-03	  1.7963e-03	  1.6265e-06	  1.5377e-02	  1.1796e-03	  5.2571e-04	  5.9091e-04	  4.9792e+03	  0.0000e+00	  1.4998e-01	  0.0000e+00	
  7.1153e+00	  6.5695e-03	  4.2751e-04	  8.2068e-03	  1.7982e-03	  1.6316e-06	  1.5401e-02	  1.1821e-03	  5.2593e-04	  5.9233e-04	  4.9852e+03	  0.0000e+00	  1.4998e-01	  0.0000e+00	
  7.1142e+00	  6.5758e-03	  4.2773e-04	  8.2150e-03	  1.8000e-03	  1.6365e-06	  1.5425e-02	  1.1845e-03	  5.2614e-04	  5.9370e-04	  4.9910e+03	  0.0000e+00	  1.4998e-01	  0.0000e+00	
  7.1132e+00	  6.5818e-03	  4.2794e-04	  8.2229e-03	  1.8018e-03	  1.6413e-06	  1.5447e-02	  1.1868e-03	  5.2634e-04	  5.9502e-04	  4.9966e+03	  0.0000e+00	  1.4998e-01	  0.0000e+00	
  7.1123e+00	  6.5877e-03	  4.2815e-04	  8.2305e-03	  1.8035e-03	  1.6459e-06	  1.5469e-02	  1.1891e-03	  5.2654e-04	  5.9630e-04	  5.0021e+03	  0.0000e+00	  1.4998e-01	  0.0000e+00	
  7.1113e+00	  6.5933e-03	  4.2835e-04	  8.2379e-03	  1.8051e-03	  1.6503e-06	  1.5490e-02	  1.1913e-03	  5.2672e-04	  5.9754e-04	  5.0073e+03	  0.0000e+00	  1.4998e-01	  0.0000e+00	
  7.1104e+00	  6.5988e-03	  4.2855e-04	  8.2450e-03	  1.8067e-03	  1.6547e-06	  1.5510e-02	  1.1933e-03	  5.2691e-04	  5.9873e-04	  5.0123e+03	  0.0000e+00	  1.4998e-01	  0.0000e+00	
  7.1095e+00	  6.6041e-03	  4.2873e-04	  8.2519e-03	  1.8083e-03	  1.6589e-06	  1.5529e-02	  1.1954e-03	  5.2708e-04	  5.9988e-04	  5.0172e+03	  0.0000e+00	  1.4998e-01	  0.0000e+00	
  7.1087e+00	  6.6092e-03	  4.2891e-04	  8.2585e-03	  1.8098e-03	  1.6630e-06	  1.5548e-02	  1.1973e-03	  5.2725e-04	  6.0099e-04	  5.0219e+03	  0.0000e+00	  1.4998e-01	  0.0000e+00	
  7.1078e+00	  6.6141e-03	  4.2909e-04	  8.2649e-03	  1.8112e-03	  1.6669e-06	  1.5566e-02	  1.1992e-03	  5.2741e-04	  6.0206e-04	  5.0264e+03	  0.0000e+00	  1.4998e-01	  0.0000e+00	
  7.1070e+00	  6.6188e-03	  4.2926e-04	  8.2711e-03	  1.8126e-03	  1.6707e-06	  1.5584e-02	  1.2010e-03	  5.2757e-04	  6.0309e-04	  5.0308e+03	  0.0000e+00	  1.4998e-01	  0.0000e+00	
  7.1063e+00	  6.6234e-03	  4.2942e-04	  8.2771e-03	  1.8139e-03	  1.6744e-06	  1.5601e-02	  1.2028e-03	  5.2772e-04	  6.0409e-04	  5.0351e+03	  0.0000e+00	  1.4998e-01	  0.0000e+00	
  7.1055e+00	  6.6278e-03	  4.2957e-04	  8.2829e-03	  1.8152e-03	  1.6780e-06	  1.5617e-02	  1.2045e-03	  5.2787e-04	  6.0506e-04	  5.0391e+03	  0.0000e+00	  1.4998e-01	  0.0000e+00	
  7.1048e+00	  6.6321e-03	  4.2972e-04	  8.2885e-03	  1.8165e-03	  1.6814e-06	  1.5633e-02	  1.2061e-03	  5.2801e-04	  6.0599e-04	  5.0431e+03	  0.0000e+00	  1.4998e-01	  0.0000e+00	
  7.1041e+00	  6.6362e-03	  4.2987e-04	  8.2938e-03	  1.8177e-03	  1.6848e-06	  1.5648e-02	  1.2077e-03	  5.2815e-04	  6.0689e-04	  5.0469e+03	  0.0000e+00	  1.4998e-01	  0.0000e+00	
  7.1035e+00	  6.6402e-03	  4.3001e-04	  8.2990e-03	  1.8188e-03	  1.6880e-06	  1.5663e-02	  1.2092e-03	  5.2828e-04	  6.0775e-04	  5.0506e+03	  0.0000e+00	  1.4998e-01	  0.0000e+00	
  7.1028e+00	  6.6441e-03	  4.3015e-04	  8.3041e-03	  1.8200e-03	  1.6912e-06	  1.5677e-02	  1.2107e-03	  5.2841e-04	  6.0859e-04	  5.0541e+03	  0.0000e+00	  1.4998e-01	  0.0000e+00	
  7.1022e+00	  6.6478e-03	  4.3028e-04	  8.3089e-03	  1.8210e-03	  1.6942e-06	  1.5691e-02	  1.2121e-03	  5.2853e-04	  6.0940e-04	  5.0576e+03	  0.0000e+00	  1.4998e-01	  0.0000e+00	
  7.1016e+00	  6.6514e-03	  4.3041e-04	  8.3136e-03	  1.8221e-03	  1.6972e-06	  1.5704e-02	  1.2135e-03	  5.2865e-04	  6.1018e-04	  5.0609e+03	  0.0000e+00	  1.4998e-01	  0.0000e+00	
  7.1010e+00	  6.6549e-03	  4.3053e-04	  8.3181e-03	  1.8231e-03	  1.7000e-06	  1.5717e-02	  1.2148e-03	  5.2876e-04	  6.1094e-04	  5.0641e+03	  0.0000e+00	  1.4998e-01	  0.0000e+00	
  7.1004e+00	  6.6582e-03	  4.3065e-04	  8.3224e-03	  1.8241e-03	  1.7028e-06	  1.5729e-02	  1.2161e-03	  5.2887e-04	  6.1166e-04	  5.0671e+03	  0.0000e+00	  1.4998e-01	  0.0000e+00	
  7.0999e+00	  6.6614e-03	  4.3076e-04	  8.3267e-03	  1.8250e-03	  1.7054e-06	  1.5741e-02	  1.2173e-03	  5.2898e-04	  6.1237e-04	  5.0701e+03	  0.0000e+00	  1.4998e-01	  0.0000e+00	
  7.0994e+00	  6.6646e-03	  4.3087e-04	  8.3307e-03	  1.8259e-03	  1.7080e-06	  1.5753e-02	  1.2185e-03	  5.2908e-04	  6.1305e-04	  5.0730e+03	  0.0000e+00	  1.4998e-01	  0.0000e+00	
  7.0989e+00	  6.6676e-03	  4.3098e-04	  8.3346e-03	  1.8268e-03	  1.7105e-06	  1.5764e-02	  1.2197e-03	  5.2918e-04	  6.1370e-04	  5.0758e+03	  0.0000e+00	  1.4998e-01	  0.0000e+00	
  7.0984e+00	  6.6705e-03	  4.3108e-04	  8.3384e-03	  1.8277e-03	  1.7129e-06	  1.5775e-02	  1.2208e-03	  5.2928e-04	  6.1433e-04	  5.0784e+03	  0.0000e+00	  1.4998e-01	  0.0000e+00	
  7.0979e+00	  6.6733e-03	  4.3118e-04	  8.3421e-03	  1.8285e-03	  1.7152e-06	  1.5785e-02	  1.2219e-03	  5.2937e-04	  6.1495e-04	  5.0810e+03	  0.0000e+00	  1.4998e-01	  0.0000e+00	
  7.0975e+00	  6.6760e-03	  4.3127e-04	  8.3456e-03	  1.8293e-03	  1.7175e-06	  1.5795e-02	  1.2229e-03	  5.2946e-04	  6.1554e-04	  5.0835e+03	  0.0000e+00	  1.4998e-01	  0.0000e+00	
  7.0970e+00	  6.6786e-03	  4.3137e-04	  8.3490e-03	  1.8301e-03	  1.7197e-06	  1.5805e-02	  1.2239e-03	  5.2955e-04	  6.1611e-04	  5.0859e+03	  0.0000e+00	  1.4998e-01	  0.0000e+00	
  7.0966e+00	  6.6812e-03	  4.3145e-04	  8.3523e-03	  1.8308e-03	  1.7218e-06	  1.5814e-02	  1.2249e-03	  5.2963e-04	  6.1666e-04	  5.0883e+03	  0.0000e+00	  1.4998e-01	  0.0000e+00	
  7.0962e+00	  6.6836e-03	  4.3154e-04	  8.3555e-03	  1.8315e-03	  1.7238e-06	  1.5823e-02	  1.2258e-03	  5.2971e-04	  6.1719e-04	  5.0905e+03	  0.0000e+00	  1.4998e-01	  0.0000e+00	
  7.0958e+00	  6.6860e-03	  4.3162e-04	  8.3586e-03	  1.8322e-03	  1.7258e-06	  1.5832e-02	  1.2267e-03	  5.2979e-04	  6.1770e-04	  5.0927e+03	  0.0000e+00	  1.4998e-01	  0.0000e+00	
  7.0954e+00	  6.6883e-03	  4.3170e-04	  8.3615e-03	  1.8329e-03	  1.7277e-06	  1.5840e-02	  1.2276e-03	  5.2986e-04	  6.1819e-04	  5.0948e+03	  0.0000e+00	  1.4998e-01	  0.0000e+00	
  7.0950e+00	  6.6905e-03	  4.3178e-04	  8.3644e-03	  1.8335e-03	  1.7295e-06	  1.5848e-02	  1.2284e-03	  5.2994e-04	  6.1867e-04	  5.0968e+03	  0.0000e+00	  1.4998e-01	  0.0000e+00	
  7.0947e+00	  6.6926e-03	  4.3186e-04	  8.3672e-03	  1.8341e-03	  1.7313e-06	  1.5856e-02	  1.2292e-03	  5.3001e-04	  6.1913e-04	  5.0988e+03	  0.0000e+00	  1.4998e-01	  0.0000e+00	
  7.0943e+00	  6.6946e-03	  4.3193e-04	  8.3698e-03	  1.8347e-03	  1.7330e-06	  1.5864e-02	  1.2300e-03	  5.3007e-04	  6.1958e-04	  5.1007e+03	  0.0000e+00	  1.4998e-01	  0.0000e+00	
  7.0940e+00	  6.6966e-03	  4.3200e-04	  8.3724e-03	  1.8353e-03	  1.7347e-06	  1.5871e-02	  1.2308e-03	  5.3014e-04	  6.2001e-04	  5.1025e+03	  0.0000e+00	  1.4998e-01	  0.0000e+00	
  7.0937e+00	  6.6985e-03	  4.3207e-04	  8.3749e-03	  1.8359e-03	  1.7363e-06	  1.5878e-02	  1.2315e-03	  5.3020e-04	  6.2042e-04	  5.1042e+03	  0.0000e+00	  1.4998e-01	  0.0000e+00	
  7.0934e+00	  6.7004e-03	  4.3213e-04	  8.3773e-03	  1.8364e-03	  1.7379e-06	  1.5885e-02	  1.2322e-03	  5.3026e-04	  6.2082e-04	  5.1059e+03	  0.0000e+00	  1.4998e-01	  0.0000e+00	
  7.0931e+00	  6.7022e-03	  4.3219e-04	  8.3796e-03	  1.8369e-03	  1.7394e-06	  1.5892e-02	  1.2329e-03	  5.3032e-04	  6.2121e-04	  5.1076e+03	  0.0000e+00	  1.4998e-01	  0.0000e+00	
  7.0928e+00	  6.7039e-03	  4.3225e-04	  8.3819e-03	  1.8374e-03	  1.7408e-06	  1.5898e-02	  1.2336e-03	  5.3038e-04	  6.2159e-04	  5.1092e+03	  0.0000e+00	  1.4998e-01	  0.0000e+00	
  7.0925e+00	  6.7056e-03	  4.3231e-04	  8.3840e-03	  1.8379e-03	  1.7423e-06	  1.5904e-02	  1.2342e-03	  5.3043e-04	  6.2195e-04	  5.1107e+03	  0.0000e+00	  1.4998e-01	  0.0000e+00	
  7.0923e+00	  6.7072e-03	  4.3237e-04	  8.3861e-03	  1.8384e-03	  1.7436e-06	  1.5910e-02	  1.2348e-03	  5.3048e-04	  6.2230e-04	  5.1122e+03	  0.0000e+00	  1.4998e-01	  0.0000e+00	
  7.0920e+00	  6.7087e-03	  4.3242e-04	  8.3881e-03	  1.8388e-03	  1.7449e-06	  1.5916e-02	  1.2354e-03	  5.3053e-04	  6.2263e-04	  5.1136e+03	  0.0000e+00	  1.4998e-01	  0.0000e+00	
  7.0917e+00	  6.7102e-03	  4.3248e-04	  8.3901e-03	  1.8393e-03	  1.7462e-06	  1.5921e-02	  1.2360e-03	  5.3058e-04	  6.2296e-04	  5.1150e+03	  0.0000e+00	  1.4998e-01	  0.0000e+00	
  7.0915e+00	  6.7117e-03	  4.3253e-04	  8.3920e-03	  1.8397e-03	  1.7474e-06	  1.5926e-02	  1.2365e-03	  5.3063e-04	  6.2327e-04	  5.1163e+03	  0.0000e+00	  1.4998e-01	  0.0000e+00	
  7.0913e+00	  6.7131e-03	  4.3258e-04	  8.3938e-03	  1.8401e-03	  1.7486e-06	  1.5932e-02	  1.2371e-03	  5.3068e-04	  6.2357e-04	  5.1176e+03	  0.0000e+00	  1.4998e-01	  0.0000e+00	
  7.0910e+00	  6.7144e-03	  4.3262e-04	  8.3955e-03	  1.8405e-03	  1.7498e-06	  1.5937e-02	  1.2376e-03	  5.3072e-04	  6.2387e-04	  5.1188e+03	  0.0000e+00	  1.4998e-01	  0.0000e+00	
  7.0908e+00	  6.7157e-03	  4.3267e-04	  8.3972e-03	  1.8409e-03	  1.7509e-06	  1.5941e-02	  1.2381e-03	  5.3076e-04	  6.2415e-04	  5.1200e+03	  0.0000e+00	  1.4998e-01	  0.0000e+00	
  7.0906e+00	  6.7170e-03	  4.3271e-04	  8.3989e-03	  1.8412e-03	  1.7519e-06	  1.5946e-02	  1.2385e-03	  5.3080e-04	  6.2442e-04	  5.1212e+03	  0.0000e+00	  1.4998e-01	  0.0000e+00	
  7.0904e+00	  6.7182e-03	  4.3276e-04	  8.4004e-03	  1.8416e-03	  1.7530e-06	  1.5951e-02	  1.2390e-03	  5.3084e-04	  6.2468e-04	  5.1223e+03	  0.0000e+00	  1.4998e-01	  0.0000e+00	
  7.0902e+00	  6.7194e-03	  4.3280e-04	  8.4020e-03	  1.8419e-03	  1.7540e-06	  1.5955e-02	  1.2395e-03	  5.3088e-04	  6.2494e-04	  5.1234e+03	  0.0000e+00	  1.4998e-01	  0.0000e+00	
  7.0900e+00	  6.7205e-03	  4.3284e-04	  8.4034e-03	  1.8422e-03	  1.7549e-06	  1.5959e-02	  1.2399e-03	  5.3092e-04	  6.2518e-04	  5.1244e+03	  0.0000e+00	  1.4998e-01	  0.0000e+00	
  7.0898e+00	  6.7216e-03	  4.3287e-04	  8.4048e-03	  1.8426e-03	  1.7559e-06	  1.5963e-02	  1.2403e-03	  5.3096e-04	  6.2542e-04	  5.1254e+03	  0.0000e+00	  1.4998e-01	  0.0000e+00	
  7.0897e+00	  6.7226e-03	  4.3291e-04	  8.4062e-03	  1.8429e-03	  1.7568e-06	  1.5967e-02	  1.2407e-03	  5.3099e-04	  6.2565e-04	  5.1264e+03	  0.0000e+00	  1.4998e-01	  0.0000e+00	
  7.0895e+00	  6.7237e-03	  4.3295e-04	  8.4075e-03	  1.8432e-03	  1.7576e-06	  1.5971e-02	  1.2411e-03	  5.3102e-04	  6.2587e-04	  5.1273e+03	  0.0000e+00	  1.4998e-01	  0.0000e+00	
  7.0893e+00	  6.7246e-03	  4.3298e-04	  8.4088e-03	  1.8435e-03	  1.7585e-06	  1.5974e-02	  1.2415e-03	  5.3106e-04	  6.2609e-04	  5.1282e+03	  0.0000e+00	  1.4998e-01	  0.0000e+00	
  7.0892e+00	  6.7256e-03	  4.3302e-04	  8.4101e-03	  1.8437e-03	  1.7593e-06	  1.5978e-02	  1.2418e-03	  5.3109e-04	  6.2629e-04	  5.1291e+03	  0.0000e+00	  1.4998e-01	  0.0000e+00	
  7.0890e+00	  6.7265e-03	  4.3305e-04	  8.4112e-03	  1.8440e-03	  1.7601e-06	  1.5981e-02	  1.2422e-03	  5.3112e-04	  6.2649e-04	  5.1299e+03	  0.0000e+00	  1.4998e-01	  0.0000e+00	
  7.0889e+00	  6.7274e-03	  4.3308e-04	  8.4124e-03	  1.8443e-03	  1.7608e-06	  1.5984e-02	  1.2425e-03	  5.3115e-04	  6.2668e-04	  5.1307e+03	  0.0000e+00	  1.4998e-01	  0.0000e+00	
  7.0887e+00	  6.7283e-03	  4.3311e-04	  8.4135e-03	  1.8445e-03	  1.7616e-06	  1.5988e-02	  1.2429e-03	  5.3117e-04	  6.2687e-04	  5.1315e+03	  0.0000e+00	  1.4998e-01	  0.0000e+00	
  7.0886e+00	  6.7291e-03	  4.3314e-04	  8.4146e-03	  1.8448e-03	  1.7623e-06	  1.5991e-02	  1.2432e-03	  5.3120e-04	  6.2705e-04	  5.1323e+03	  0.0000e+00	  1.4998e-01	  0.0000e+00	
  7.0885e+00	  6.7299e-03	  4.3317e-04	  8.4156e-03	  1.8450e-03	  1.7630e-06	  1.5994e-02	  1.2435e-03	  5.3123e-04	  6.2722e-04	  5.1330e+03	  0.0000e+00	  1.4998e-01	  0.0000e+00	
  7.0883e+00	  6.7306e-03	  4.3319e-04	  8.4166e-03	  1.8452e-03	  1.7636e-06	  1.5996e-02	  1.2438e-03	  5.3125e-04	  6.2739e-04	  5.1337e+03	  0.0000e+00	  1.4998e-01	  0.0000e+00	
  7.0882e+00	  6.7314e-03	  4.3322e-04	  8.4176e-03	  1.8454e-03	  1.7643e-06	  1.5999e-02	  1.2440e-03	  5.3128e-04	  6.2755e-04	  5.1344e+03	  0.0000e+00	  1.4998e-01	  0.0000e+00	
  7.0881e+00	  6.7321e-03	  4.3324e-04	  8.4185e-03	  1.8456e-03	  1.7649e-06	  1.6002e-02	  1.2443e-03	  5.3130e-04	  6.2770e-04	  5.1351e+03	  0.0000e+00	  1.4998e-01	  0.0000e+00	
  7.0880e+00	  6.7328e-03	  4.3327e-04	  8.4194e-03	  1.8458e-03	  1.7655e-06	  1.6004e-02	  1.2446e-03	  5.3132e-04	  6.2785e-04	  5.1357e+03	  0.0000e+00	  1.4998e-01	  0.0000e+00	
  7.0879e+00	  6.7335e-03	  4.3329e-04	  8.4203e-03	  1.8460e-03	  1.7661e-06	  1.6007e-02	  1.2448e-03	  5.3134e-04	  6.2800e-04	  5.1363e+03	  0.0000e+00	  1.4998e-01	  0.0000e+00	
  7.0877e+00	  6.7341e-03	  4.3331e-04	  8.4211e-03	  1.8462e-03	  1.7666e-06	  1.6009e-02	  1.2451e-03	  5.3137e-04	  6.2814e-04	  5.1369e+03	  0.0000e+00	  1.4998e-01	  0.0000e+00	
  7.0876e+00	  6.7347e-03	  4.3334e-04	  8.4219e-03	  1.8464e-03	  1.7672e-06	  1.6012e-02	  1.2453e-03	  5.3139e-04	  6.2828e-04	  5.1375e+03	  0.0000e+00	  1.4998e-01	  0.0000e+00	
  7.0875e+00	  6.7353e-03	  4.3336e-04	  8.4227e-03	  1.8466e-03	  1.7677e-06	  1.6014e-02	  1.2456e-03	  5.3141e-04	  6.2841e-04	  5.1380e+03	  0.0000e+00	  1.4998e-01	  0.0000e+00	
  7.0874e+00	  6.7359e-03	  4.3338e-04	  8.4235e-03	  1.8467e-03	  1.7682e-06	  1.6016e-02	  1.2458e-03	  5.3142e-04	  6.2853e-04	  5.1386e+03	  0.0000e+00	  1.4998e-01	  0.0000e+00	
  7.0873e+00	  6.7365e-03	  4.3340e-04	  8.4242e-03	  1.8469e-03	  1.7687e-06	  1.6018e-02	  1.2460e-03	  5.3144e-04	  6.2865e-04	  5.1391e+03	  0.0000e+00	  1.4998e-01	  0.0000e+00	
  7.0873e+00	  6.7370e-03	  4.3342e-04	  8.4249e-03	  1.8471e-03	  1.7691e-06	  1.6020e-02	  1.2462e-03	  5.3146e-04	  6.2877e-04	  5.1396e+03	  0.0000e+00	  1.4998e-01	  0.0000e+00	
  7.0872e+00	  6.7376e-03	  4.3343e-04	  8.4256e-03	  1.8472e-03	  1.7696e-06	  1.6022e-02	  1.2464e-03	  5.3148e-04	  6.2889e-04	  5.1401e+03	  0.0000e+00	  1.4998e-01	  0.0000e+00	
  7.0871e+00	  6.7381e-03	  4.3345e-04	  8.4262e-03	  1.8474e-03	  1.7700e-06	  1.6024e-02	  1.2466e-03	  5.3149e-04	  6.2899e-04	  5.1405e+03	  0.0000e+00	  1.4998e-01	  0.0000e+00	
  7.0870e+00	  6.7386e-03	  4.3347e-04	  8.4269e-03	  1.8475e-03	  1.7704e-06	  1.6026e-02	  1.2468e-03	  5.3151e-04	  6.2910e-04	  5.1410e+03	  0.0000e+00	  1.4998e-01	  0.0000e+00	
  7.0869e+00	  6.7390e-03	  4.3349e-04	  8.4275e-03	  1.8476e-03	  1.7708e-06	  1.6027e-02	  1.2470e-03	  5.3153e-04	  6.2920e-04	  5.1414e+03	  0.0000e+00	  1.4998e-01	  0.0000e+00	
  7.0868e+00	  6.7395e-03	  4.3350e-04	  8.4281e-03	  1.8478e-03	  1.7712e-06	  1.6029e-02	  1.2471e-03	  5.3154e-04	  6.2930e-04	  5.1418e+03	  0.0000e+00	  1.4998e-01	  0.0000e+00	
  7.0868e+00	  6.7399e-03	  4.3352e-04	  8.4286e-03	  1.8479e-03	  1.7716e-06	  1.6031e-02	  1.2473e-03	  5.3155e-04	  6.2940e-04	  5.1422e+03	  0.0000e+00	  1.4998e-01	  0.0000e+00	
  7.0867e+00	  6.7403e-03	  4.3353e-04	  8.4292e-03	  1.8480e-03	  1.7720e-06	  1.6032e-02	  1.2475e-03	  5.3157e-04	  6.2949e-04	  5.1426e+03	  0.0000e+00	  1.4998e-01	  0.0000e+00	
  7.0866e+00	  6.7408e-03	  4.3355e-04	  8.4297e-03	  1.8481e-03	  1.7723e-06	  1.6034e-02	  1.2476e-03	  5.3158e-04	  6.2958e-04	  5.1430e+03	  0.0000e+00	  1.4998e-01	  0.0000e+00	
  7.0866e+00	  6.7412e-03	  4.3356e-04	  8.4302e-03	  1.8483e-03	  1.7727e-06	  1.6035e-02	  1.2478e-03	  5.3159e-04	  6.2966e-04	  5.1434e+03	  0.0000e+00	  1.4998e-01	  0.0000e+00	
  7.0865e+00	  6.7415e-03	  4.3357e-04	  8.4307e-03	  1.8484e-03	  1.7730e-06	  1.6037e-02	  1.2479e-03	  5.3161e-04	  6.2975e-04	  5.1437e+03	  0.0000e+00	  1.4998e-01	  0.0000e+00	
  7.0864e+00	  6.7419e-03	  4.3359e-04	  8.4312e-03	  1.8485e-03	  1.7733e-06	  1.6038e-02	  1.2481e-03	  5.3162e-04	  6.2983e-04	  5.1440e+03	  0.0000e+00	  1.4998e-01	  0.0000e+00	
  7.0864e+00	  6.7423e-03	  4.3360e-04	  8.4317e-03	  1.8486e-03	  1.7736e-06	  1.6039e-02	  1.2482e-03	  5.3163e-04	  6.2990e-04	  5.1444e+03	  0.0000e+00	  1.4998e-01	  0.0000e+00	
  7.0863e+00	  6.7426e-03	  4.3361e-04	  8.4321e-03	  1.8487e-03	  1.7739e-06	  1.6040e-02	  1.2483e-03	  5.3164e-04	  6.2998e-04	  5.1447e+03	  0.0000e+00	  1.4998e-01	  0.0000e+00	
  7.0863e+00	  6.7429e-03	  4.3362e-04	  8.4325e-03	  1.8488e-03	  1.7742e-06	  1.6042e-02	  1.2485e-03	  5.3165e-04	  6.3005e-04	  5.1450e+03	  0.0000e+00	  1.4998e-01	  0.0000e+00	
  7.0862e+00	  6.7433e-03	  4.3363e-04	  8.4330e-03	  1.8489e-03	  1.7745e-06	  1.6043e-02	  1.2486e-03	  5.3166e-04	  6.3012e-04	  5.1453e+03	  0.0000e+00	  1.4998e-01	  0.0000e+00	
  7.0862e+00	  6.7436e-03	  4.3364e-04	  8.4334e-03	  1.8490e-03	  1.7748e-06	  1.6044e-02	  1.2487e-03	  5.3167e-04	  6.3019e-04	  5.1456e+03	  0.0000e+00	  1.4998e-01	  0.0000e+00	
  7.0861e+00	  6.7439e-03	  4.3366e-04	  8.4337e-03	  1.8491e-03	  1.7750e-06	  1.6045e-02	  1.2488e-03	  5.3168e-04	  6.3025e-04	  5.1458e+03	  0.0000e+00	  1.4998e-01	  0.0000e+00	
  7.0861e+00	  6.7442e-03	  4.3367e-04	  8.4341e-03	  1.8491e-03	  1.7753e-06	  1.6046e-02	  1.2489e-03	  5.3169e-04	  6.3032e-04	  5.1461e+03	  0.0000e+00	  1.4998e-01	  0.0000e+00	
  7.0860e+00	  6.7444e-03	  4.3367e-04	  8.4345e-03	  1.8492e-03	  1.7755e-06	  1.6047e-02	  1.2490e-03	  5.3170e-04	  6.3038e-04	  5.1464e+03	  0.0000e+00	  1.4998e-01	  0.0000e+00	
  7.0860e+00	  6.7447e-03	  4.3368e-04	  8.4348e-03	  1.8493e-03	  1.7758e-06	  1.6048e-02	  1.2491e-03	  5.3171e-04	  6.3043e-04	  5.1466e+03	  0.0000e+00	  1.4998e-01	  0.0000e+00	
  7.0859e+00	  6.7450e-03	  4.3369e-04	  8.4352e-03	  1.8494e-03	  1.7760e-06	  1.6049e-02	  1.2492e-03	  5.3172e-04	  6.3049e-04	  5.1469e+03	  0.0000e+00	  1.4998e-01	  0.0000e+00	
  7.0859e+00	  6.7452e-03	  4.3370e-04	  8.4355e-03	  1.8494e-03	  1.7762e-06	  1.6050e-02	  1.2493e-03	  5.3173e-04	  6.3055e-04	  5.1471e+03	  0.0000e+00	  1.4998e-01	  0.0000e+00	
  7.0858e+00	  6.7455e-03	  4.3371e-04	  8.4358e-03	  1.8495e-03	  1.7764e-06	  1.6051e-02	  1.2494e-03	  5.3174e-04	  6.3060e-04	  5.1473e+03	  0.0000e+00	  1.4998e-01	  0.0000e+00	
  7.0858e+00	  6.7457e-03	  4.3372e-04	  8.4361e-03	  1.8496e-03	  1.7766e-06	  1.6052e-02	  1.2495e-03	  5.3174e-04	  6.3065e-04	  5.1475e+03	  0.0000e+00	  1.4998e-01	  0.0000e+00	
  7.0858e+00	  6.7459e-03	  4.3373e-04	  8.4364e-03	  1.8496e-03	  1.7768e-06	  1.6053e-02	  1.2496e-03	  5.3175e-04	  6.3070e-04	  5.1477e+03	  0.0000e+00	  1.4998e-01	  0.0000e+00	
  7.0857e+00	  6.7461e-03	  4.3373e-04	  8.4367e-03	  1.8497e-03	  1.7770e-06	  1.6054e-02	  1.2497e-03	  5.3176e-04	  6.3075e-04	  5.1479e+03	  0.0000e+00	  1.4998e-01	  0.0000e+00	
  7.0857e+00	  6.7463e-03	  4.3374e-04	  8.4370e-03	  1.8498e-03	  1.7772e-06	  1.6054e-02	  1.2498e-03	  5.3176e-04	  6.3079e-04	  5.1481e+03	  0.0000e+00	  1.4998e-01	  0.0000e+00	
  7.0857e+00	  6.7465e-03	  4.3375e-04	  8.4372e-03	  1.8498e-03	  1.7774e-06	  1.6055e-02	  1.2498e-03	  5.3177e-04	  6.3084e-04	  5.1483e+03	  0.0000e+00	  1.4998e-01	  0.0000e+00	
  7.0856e+00	  6.7467e-03	  4.3376e-04	  8.4375e-03	  1.8499e-03	  1.7775e-06	  1.6056e-02	  1.2499e-03	  5.3178e-04	  6.3088e-04	  5.1485e+03	  0.0000e+00	  1.4998e-01	  0.0000e+00	
  7.0856e+00	  6.7469e-03	  4.3376e-04	  8.4377e-03	  1.8499e-03	  1.7777e-06	  1.6056e-02	  1.2500e-03	  5.3178e-04	  6.3092e-04	  5.1487e+03	  0.0000e+00	  1.4998e-01	  0.0000e+00	
  7.0856e+00	  6.7471e-03	  4.3377e-04	  8.4380e-03	  1.8500e-03	  1.7778e-06	  1.6057e-02	  1.2501e-03	  5.3179e-04	  6.3096e-04	  5.1488e+03	  0.0000e+00	  1.4998e-01	  0.0000e+00	
  7.0855e+00	  6.7473e-03	  4.3377e-04	  8.4382e-03	  1.8500e-03	  1.7780e-06	  1.6058e-02	  1.2501e-03	  5.3179e-04	  6.3100e-04	  5.1490e+03	  0.0000e+00	  1.4998e-01	  0.0000e+00	
  7.0855e+00	  6.7475e-03	  4.3378e-04	  8.4384e-03	  1.8501e-03	  1.7782e-06	  1.6058e-02	  1.2502e-03	  5.3180e-04	  6.3103e-04	  5.1492e+03	  0.0000e+00	  1.4998e-01	  0.0000e+00	
  7.0855e+00	  6.7476e-03	  4.3379e-04	  8.4386e-03	  1.8501e-03	  1.7783e-06	  1.6059e-02	  1.2502e-03	  5.3181e-04	  6.3107e-04	  5.1493e+03	  0.0000e+00	  1.4998e-01	  0.0000e+00	
  7.0855e+00	  6.7478e-03	  4.3379e-04	  8.4388e-03	  1.8502e-03	  1.7784e-06	  1.6060e-02	  1.2503e-03	  5.3181e-04	  6.3110e-04	  5.1494e+03	  0.0000e+00	  1.4998e-01	  0.0000e+00	
  7.0854e+00	  6.7479e-03	  4.3380e-04	  8.4390e-03	  1.8502e-03	  1.7786e-06	  1.6060e-02	  1.2504e-03	  5.3182e-04	  6.3114e-04	  5.1496e+03	  0.0000e+00	  1.4998e-01	  0.0000e+00	
  7.0854e+00	  6.7481e-03	  4.3380e-04	  8.4392e-03	  1.8503e-03	  1.7787e-06	  1.6061e-02	  1.2504e-03	  5.3182e-04	  6.3117e-04	  5.1497e+03	  0.0000e+00	  1.4998e-01	  0.0000e+00	
  7.0854e+00	  6.7482e-03	  4.3381e-04	  8.4394e-03	  1.8503e-03	  1.7788e-06	  1.6061e-02	  1.2505e-03	  5.3183e-04	  6.3120e-04	  5.1499e+03	  0.0000e+00	  1.4998e-01	  0.0000e+00	
  7.0854e+00	  6.7484e-03	  4.3381e-04	  8.4396e-03	  1.8504e-03	  1.7789e-06	  1.6062e-02	  1.2505e-03	  5.3183e-04	  6.3123e-04	  5.1500e+03	  0.0000e+00	  1.4998e-01	  0.0000e+00	
  7.0853e+00	  6.7485e-03	  4.3382e-04	  8.4397e-03	  1.8504e-03	  1.7791e-06	  1.6062e-02	  1.2506e-03	  5.3183e-04	  6.3126e-04	  5.1501e+03	  0.0000e+00	  1.4998e-01	  0.0000e+00	
  7.0853e+00	  6.7486e-03	  4.3382e-04	  8.4399e-03	  1.8504e-03	  1.7792e-06	  1.6063e-02	  1.2506e-03	  5.3184e-04	  6.3129e-04	  5.1502e+03	  0.0000e+00	  1.4998e-01	  0.0000e+00	
  7.0853e+00	  6.7488e-03	  4.3383e-04	  8.4401e-03	  1.8505e-03	  1.7793e-06	  1.6063e-02	  1.2507e-03	  5.3184e-04	  6.3132e-04	  5.1503e+03	  0.0000e+00	  1.4998e-01	  0.0000e+00	
  7.0853e+00	  6.7489e-03	  4.3383e-04	  8.4402e-03	  1.8505e-03	  1.7794e-06	  1.6064e-02	  1.2507e-03	  5.3185e-04	  6.3134e-04	  5.1504e+03	  0.0000e+00	  1.4998e-01	  0.0000e+00	
  7.0853e+00	  6.7490e-03	  4.3383e-04	  8.4404e-03	  1.8505e-03	  1.7795e-06	  1.6064e-02	  1.2508e-03	  5.3185e-04	  6.3137e-04	  5.1506e+03	  0.0000e+00	  1.4998e-01	  0.0000e+00	
  7.0852e+00	  6.7491e-03	  4.3384e-04	  8.4405e-03	  1.8506e-03	  1.7796e-06	  1.6065e-02	  1.2508e-03	  5.3185e-04	  6.3139e-04	  5.1507e+03	  0.0000e+00	  1.4998e-01	  0.0000e+00	
  7.0852e+00	  6.7492e-03	  4.3384e-04	  8.4407e-03	  1.8506e-03	  1.7797e-06	  1.6065e-02	  1.2509e-03	  5.3186e-04	  6.3141e-04	  5.1508e+03	  0.0000e+00	  1.4998e-01	  0.0000e+00	
  7.0852e+00	  6.7493e-03	  4.3385e-04	  8.4408e-03	  1.8506e-03	  1.7798e-06	  1.6065e-02	  1.2509e-03	  5.3186e-04	  6.3144e-04	  5.1509e+03	  0.0000e+00	  1.4998e-01	  0.0000e+00	
  7.0852e+00	  6.7494e-03	  4.3385e-04	  8.4409e-03	  1.8507e-03	  1.7799e-06	  1.6066e-02	  1.2509e-03	  5.3186e-04	  6.3146e-04	  5.1509e+03	  0.0000e+00	  1.4998e-01	  0.0000e+00	
  7.0852e+00	  6.7495e-03	  4.3385e-04	  8.4410e-03	  1.8507e-03	  1.7799e-06	  1.6066e-02	  1.2510e-03	  5.3187e-04	  6.3148e-04	  5.1510e+03	  0.0000e+00	  1.4998e-01	  0.0000e+00	
  7.0852e+00	  6.7496e-03	  4.3386e-04	  8.4412e-03	  1.8507e-03	  1.7800e-06	  1.6066e-02	  1.2510e-03	  5.3187e-04	  6.3150e-04	  5.1511e+03	  0.0000e+00	  1.4998e-01	  0.0000e+00	
  7.0851e+00	  6.7497e-03	  4.3386e-04	  8.4413e-03	  1.8507e-03	  1.7801e-06	  1.6067e-02	  1.2510e-03	  5.3187e-04	  6.3152e-04	  5.1512e+03	  0.0000e+00	  1.4998e-01	  0.0000e+00	
  7.0851e+00	  6.7498e-03	  4.3386e-04	  8.4414e-03	  1.8508e-03	  1.7802e-06	  1.6067e-02	  1.2511e-03	  5.3188e-04	  6.3154e-04	  5.1513e+03	  0.0000e+00	  1.4998e-01	  0.0000e+00	
  7.0851e+00	  6.7499e-03	  4.3386e-04	  8.4415e-03	  1.8508e-03	  1.7802e-06	  1.6067e-02	  1.2511e-03	  5.3188e-04	  6.3156e-04	  5.1514e+03	  0.0000e+00	  1.4998e-01	  0.0000e+00	
