          pH	          Na	           K	          Ca	          Mg	         PO4	          Cl	         SO4	         NH4	        HCO3	          sc	         FeS	      Pyrite	     Calcite	
  6.6644e+00	  4.1755e-03	  3.3043e-04	  4.8964e-03	  1.0614e-03	  4.1174e-05	  6.0679e-03	  1.8024e-04	  4.2255e-04	  9.0118e-06	  2.5751e+03	  0.0000e+00	  0.0000e+00	  0.0000e+00	
  6.6644e+00	  4.1755e-03	  3.3043e-04	  4.8964e-03	  1.0614e-03	  4.1174e-05	  6.0679e-03	  1.8024e-04	  4.2255e-04	  9.0118e-06	  2.5751e+03	  0.0000e+00	  0.0000e+00	  0.0000e+00	
  7.4562e+00	  4.3864e-03	  3.4379e-04	  5.2976e-03	  1.1515e-03	  7.1037e-07	  7.2485e-03	  3.2579e-04	  4.4368e-04	  1.6070e-04	  2.8900e+03	  0.0000e+00	  1.5000e-01	  0.0000e+00	
  7.4370e+00	  4.5749e-03	  3.5539e-04	  5.7001e-03	  1.2397e-03	  7.1225e-07	  8.4335e-03	  4.6182e-04	  4.5780e-04	  2.3037e-04	  3.1891e+03	  0.0000e+00	  1.5000e-01	  0.0000e+00	
  7.4193e+00	  4.7544e-03	  3.6622e-04	  6.0884e-03	  1.3247e-03	  7.1560e-07	  9.5501e-03	  5.8766e-04	  4.7092e-04	  2.9584e-04	  3.4703e+03	  0.0000e+00	  1.4999e-01	  0.0000e+00	
  7.4028e+00	  4.9255e-03	  3.7636e-04	  6.4630e-03	  1.4067e-03	  7.2011e-07	  1.0606e-02	  7.0490e-04	  4.8314e-04	  3.5762e-04	  3.7355e+03	  0.0000e+00	  1.4999e-01	  0.0000e+00	
  7.3874e+00	  5.0891e-03	  3.8588e-04	  6.8242e-03	  1.4858e-03	  7.2555e-07	  1.1608e-02	  8.1472e-04	  4.9456e-04	  4.1611e-04	  3.9864e+03	  0.0000e+00	  1.4999e-01	  0.0000e+00	
  7.3730e+00	  5.2456e-03	  3.9484e-04	  7.1726e-03	  1.5620e-03	  7.3175e-07	  1.2561e-02	  9.1805e-04	  5.0526e-04	  4.7164e-04	  4.2243e+03	  0.0000e+00	  1.4999e-01	  0.0000e+00	
  7.3594e+00	  5.3956e-03	  4.0329e-04	  7.5085e-03	  1.6355e-03	  7.3856e-07	  1.3470e-02	  1.0156e-03	  5.1531e-04	  5.2447e-04	  4.4505e+03	  0.0000e+00	  1.4999e-01	  0.0000e+00	
  7.3466e+00	  5.5395e-03	  4.1128e-04	  7.8325e-03	  1.7064e-03	  7.4586e-07	  1.4336e-02	  1.1081e-03	  5.2477e-04	  5.7484e-04	  4.6657e+03	  0.0000e+00	  1.4999e-01	  0.0000e+00	
  7.3345e+00	  5.6776e-03	  4.1885e-04	  8.1449e-03	  1.7747e-03	  7.5357e-07	  1.5165e-02	  1.1958e-03	  5.3369e-04	  6.2292e-04	  4.8709e+03	  0.0000e+00	  1.4999e-01	  0.0000e+00	
  7.3230e+00	  5.8102e-03	  4.2602e-04	  8.4462e-03	  1.8406e-03	  7.6160e-07	  1.5958e-02	  1.2793e-03	  5.4211e-04	  6.6888e-04	  5.0668e+03	  0.0000e+00	  1.4999e-01	  0.0000e+00	
  7.3121e+00	  5.9377e-03	  4.3283e-04	  8.7368e-03	  1.9041e-03	  7.6989e-07	  1.6717e-02	  1.3588e-03	  5.5008e-04	  7.1287e-04	  5.2539e+03	  0.0000e+00	  1.4999e-01	  0.0000e+00	
  7.3017e+00	  6.0604e-03	  4.3930e-04	  9.0170e-03	  1.9654e-03	  7.7839e-07	  1.7445e-02	  1.4348e-03	  5.5763e-04	  7.5500e-04	  5.4328e+03	  0.0000e+00	  1.4999e-01	  0.0000e+00	
  7.2918e+00	  6.1784e-03	  4.4546e-04	  9.2873e-03	  2.0245e-03	  7.8704e-07	  1.8143e-02	  1.5073e-03	  5.6478e-04	  7.9538e-04	  5.6041e+03	  0.0000e+00	  1.4999e-01	  0.0000e+00	
  7.2823e+00	  6.2920e-03	  4.5133e-04	  9.5480e-03	  2.0815e-03	  7.9580e-07	  1.8813e-02	  1.5767e-03	  5.7158e-04	  8.3412e-04	  5.7681e+03	  0.0000e+00	  1.4999e-01	  0.0000e+00	
  7.2733e+00	  6.4014e-03	  4.5693e-04	  9.7994e-03	  2.1364e-03	  8.0465e-07	  1.9457e-02	  1.6432e-03	  5.7804e-04	  8.7131e-04	  5.9253e+03	  0.0000e+00	  1.4999e-01	  0.0000e+00	
  7.2646e+00	  6.5068e-03	  4.6227e-04	  1.0042e-02	  2.1894e-03	  8.1354e-07	  2.0075e-02	  1.7069e-03	  5.8418e-04	  9.0702e-04	  6.0760e+03	  0.0000e+00	  1.4999e-01	  0.0000e+00	
  7.2564e+00	  6.6084e-03	  4.6737e-04	  1.0276e-02	  2.2406e-03	  8.2246e-07	  2.0670e-02	  1.7679e-03	  5.9003e-04	  9.4133e-04	  6.2206e+03	  0.0000e+00	  1.4999e-01	  0.0000e+00	
  7.2484e+00	  6.7063e-03	  4.7224e-04	  1.0502e-02	  2.2899e-03	  8.3138e-07	  2.1242e-02	  1.8265e-03	  5.9561e-04	  9.7431e-04	  6.3594e+03	  0.0000e+00	  1.4999e-01	  0.0000e+00	
  7.2408e+00	  6.8006e-03	  4.7690e-04	  1.0719e-02	  2.3375e-03	  8.4028e-07	  2.1792e-02	  1.8828e-03	  6.0093e-04	  1.0060e-03	  6.4926e+03	  0.0000e+00	  1.4999e-01	  0.0000e+00	
  7.2336e+00	  6.8916e-03	  4.8136e-04	  1.0929e-02	  2.3834e-03	  8.4914e-07	  2.2321e-02	  1.9368e-03	  6.0600e-04	  1.0365e-03	  6.6206e+03	  0.0000e+00	  1.4999e-01	  0.0000e+00	
  7.2266e+00	  6.9794e-03	  4.8563e-04	  1.1132e-02	  2.4277e-03	  8.5794e-07	  2.2830e-02	  1.9888e-03	  6.1084e-04	  1.0659e-03	  6.7436e+03	  0.0000e+00	  1.4999e-01	  0.0000e+00	
  7.2199e+00	  7.0640e-03	  4.8972e-04	  1.1327e-02	  2.4704e-03	  8.6668e-07	  2.3321e-02	  2.0387e-03	  6.1547e-04	  1.0941e-03	  6.8618e+03	  0.0000e+00	  1.4999e-01	  0.0000e+00	
  7.2134e+00	  7.1456e-03	  4.9364e-04	  1.1516e-02	  2.5116e-03	  8.7534e-07	  2.3793e-02	  2.0867e-03	  6.1990e-04	  1.1213e-03	  6.9754e+03	  0.0000e+00	  1.4999e-01	  0.0000e+00	
  7.2072e+00	  7.2244e-03	  4.9740e-04	  1.1698e-02	  2.5514e-03	  8.8391e-07	  2.4248e-02	  2.1328e-03	  6.2413e-04	  1.1475e-03	  7.0847e+03	  0.0000e+00	  1.4999e-01	  0.0000e+00	
  7.2013e+00	  7.3004e-03	  5.0100e-04	  1.1874e-02	  2.5897e-03	  8.9238e-07	  2.4686e-02	  2.1773e-03	  6.2818e-04	  1.1727e-03	  7.1898e+03	  0.0000e+00	  1.4999e-01	  0.0000e+00	
  7.1956e+00	  7.3737e-03	  5.0446e-04	  1.2043e-02	  2.6268e-03	  9.0074e-07	  2.5108e-02	  2.2200e-03	  6.3205e-04	  1.1970e-03	  7.2910e+03	  0.0000e+00	  1.4999e-01	  0.0000e+00	
  7.1901e+00	  7.4444e-03	  5.0778e-04	  1.2207e-02	  2.6625e-03	  9.0898e-07	  2.5514e-02	  2.2612e-03	  6.3576e-04	  1.2204e-03	  7.3883e+03	  0.0000e+00	  1.4999e-01	  0.0000e+00	
  7.1848e+00	  7.5127e-03	  5.1096e-04	  1.2364e-02	  2.6970e-03	  9.1710e-07	  2.5906e-02	  2.3008e-03	  6.3932e-04	  1.2429e-03	  7.4820e+03	  0.0000e+00	  1.4999e-01	  0.0000e+00	
  7.1797e+00	  7.5786e-03	  5.1402e-04	  1.2517e-02	  2.7302e-03	  9.2510e-07	  2.6284e-02	  2.3390e-03	  6.4273e-04	  1.2647e-03	  7.5721e+03	  0.0000e+00	  1.4999e-01	  0.0000e+00	
  7.1748e+00	  7.6422e-03	  5.1696e-04	  1.2664e-02	  2.7623e-03	  9.3296e-07	  2.6648e-02	  2.3758e-03	  6.4600e-04	  1.2856e-03	  7.6589e+03	  0.0000e+00	  1.4999e-01	  0.0000e+00	
  7.1691e+00	  7.7032e-03	  5.1975e-04	  1.2803e-02	  2.7929e-03	  9.4384e-07	  2.7000e-02	  2.4113e-03	  6.4909e-04	  1.2984e-03	  7.7418e+03	  0.0000e+00	  1.4999e-01	  1.1792e-04	
  7.1634e+00	  7.7619e-03	  5.2243e-04	  1.2938e-02	  2.8223e-03	  9.5547e-07	  2.7340e-02	  2.4455e-03	  6.5204e-04	  1.3088e-03	  7.8215e+03	  0.0000e+00	  1.4999e-01	  2.6480e-04	
  7.1579e+00	  7.8186e-03	  5.2501e-04	  1.3068e-02	  2.8507e-03	  9.6686e-07	  2.7667e-02	  2.4785e-03	  6.5488e-04	  1.3188e-03	  7.8983e+03	  0.0000e+00	  1.4999e-01	  4.0455e-04	
  7.1526e+00	  7.8734e-03	  5.2748e-04	  1.3193e-02	  2.8781e-03	  9.7802e-07	  2.7983e-02	  2.5103e-03	  6.5760e-04	  1.3287e-03	  7.9722e+03	  0.0000e+00	  1.4999e-01	  5.3753e-04	
  7.1475e+00	  7.9263e-03	  5.2987e-04	  1.3314e-02	  2.9046e-03	  9.8894e-07	  2.8287e-02	  2.5410e-03	  6.6022e-04	  1.3383e-03	  8.0435e+03	  0.0000e+00	  1.4999e-01	  6.6410e-04	
  7.1426e+00	  7.9773e-03	  5.3216e-04	  1.3430e-02	  2.9301e-03	  9.9963e-07	  2.8581e-02	  2.5706e-03	  6.6273e-04	  1.3478e-03	  8.1121e+03	  0.0000e+00	  1.4999e-01	  7.8460e-04	
  7.1379e+00	  8.0266e-03	  5.3437e-04	  1.3543e-02	  2.9548e-03	  1.0101e-06	  2.8864e-02	  2.5990e-03	  6.6514e-04	  1.3569e-03	  8.1783e+03	  0.0000e+00	  1.4999e-01	  8.9935e-04	
  7.1333e+00	  8.0742e-03	  5.3649e-04	  1.3652e-02	  2.9786e-03	  1.0203e-06	  2.9137e-02	  2.6265e-03	  6.6746e-04	  1.3659e-03	  8.2421e+03	  0.0000e+00	  1.4999e-01	  1.0087e-03	
  7.1290e+00	  8.1202e-03	  5.3853e-04	  1.3757e-02	  3.0015e-03	  1.0303e-06	  2.9401e-02	  2.6530e-03	  6.6969e-04	  1.3746e-03	  8.3036e+03	  0.0000e+00	  1.4999e-01	  1.1128e-03	
  7.1247e+00	  8.1646e-03	  5.4050e-04	  1.3858e-02	  3.0237e-03	  1.0401e-06	  2.9655e-02	  2.6785e-03	  6.7184e-04	  1.3831e-03	  8.3629e+03	  0.0000e+00	  1.4999e-01	  1.2120e-03	
  7.1207e+00	  8.2075e-03	  5.4240e-04	  1.3956e-02	  3.0451e-03	  1.0496e-06	  2.9900e-02	  2.7031e-03	  6.7390e-04	  1.3914e-03	  8.4200e+03	  0.0000e+00	  1.4999e-01	  1.3066e-03	
  7.1168e+00	  8.2489e-03	  5.4422e-04	  1.4050e-02	  3.0658e-03	  1.0589e-06	  3.0137e-02	  2.7269e-03	  6.7589e-04	  1.3995e-03	  8.4751e+03	  0.0000e+00	  1.4999e-01	  1.3968e-03	
  7.1130e+00	  8.2888e-03	  5.4598e-04	  1.4142e-02	  3.0858e-03	  1.0679e-06	  3.0365e-02	  2.7498e-03	  6.7780e-04	  1.4073e-03	  8.5282e+03	  0.0000e+00	  1.4999e-01	  1.4828e-03	
  7.1094e+00	  8.3274e-03	  5.4767e-04	  1.4230e-02	  3.1050e-03	  1.0768e-06	  3.0585e-02	  2.7719e-03	  6.7963e-04	  1.4149e-03	  8.5795e+03	  0.0000e+00	  1.4999e-01	  1.5649e-03	
  7.1059e+00	  8.3647e-03	  5.4930e-04	  1.4315e-02	  3.1236e-03	  1.0854e-06	  3.0797e-02	  2.7932e-03	  6.8140e-04	  1.4224e-03	  8.6289e+03	  0.0000e+00	  1.4999e-01	  1.6432e-03	
  7.1025e+00	  8.4007e-03	  5.5087e-04	  1.4397e-02	  3.1416e-03	  1.0938e-06	  3.1002e-02	  2.8137e-03	  6.8310e-04	  1.4296e-03	  8.6765e+03	  0.0000e+00	  1.4999e-01	  1.7179e-03	
  7.0993e+00	  8.4355e-03	  5.5238e-04	  1.4476e-02	  3.1589e-03	  1.1019e-06	  3.1200e-02	  2.8336e-03	  6.8474e-04	  1.4366e-03	  8.7225e+03	  0.0000e+00	  1.4999e-01	  1.7892e-03	
  7.0962e+00	  8.4690e-03	  5.5384e-04	  1.4552e-02	  3.1757e-03	  1.1099e-06	  3.1391e-02	  2.8527e-03	  6.8632e-04	  1.4435e-03	  8.7668e+03	  0.0000e+00	  1.4999e-01	  1.8573e-03	
  7.0932e+00	  8.5014e-03	  5.5525e-04	  1.4626e-02	  3.1918e-03	  1.1176e-06	  3.1575e-02	  2.8711e-03	  6.8784e-04	  1.4501e-03	  8.8095e+03	  0.0000e+00	  1.4999e-01	  1.9224e-03	
  7.0903e+00	  8.5328e-03	  5.5660e-04	  1.4698e-02	  3.2074e-03	  1.1252e-06	  3.1753e-02	  2.8889e-03	  6.8930e-04	  1.4565e-03	  8.8507e+03	  0.0000e+00	  1.4999e-01	  1.9845e-03	
  7.0875e+00	  8.5630e-03	  5.5791e-04	  1.4766e-02	  3.2225e-03	  1.1325e-06	  3.1924e-02	  2.9061e-03	  6.9071e-04	  1.4628e-03	  8.8905e+03	  0.0000e+00	  1.4999e-01	  2.0439e-03	
  7.0848e+00	  8.5922e-03	  5.5917e-04	  1.4833e-02	  3.2370e-03	  1.1396e-06	  3.2090e-02	  2.9227e-03	  6.9206e-04	  1.4689e-03	  8.9289e+03	  0.0000e+00	  1.4999e-01	  2.1007e-03	
  7.0822e+00	  8.6204e-03	  5.6038e-04	  1.4897e-02	  3.2511e-03	  1.1465e-06	  3.2249e-02	  2.9387e-03	  6.9337e-04	  1.4748e-03	  8.9659e+03	  0.0000e+00	  1.4999e-01	  2.1550e-03	
  7.0797e+00	  8.6476e-03	  5.6155e-04	  1.4959e-02	  3.2646e-03	  1.1533e-06	  3.2403e-02	  2.9541e-03	  6.9463e-04	  1.4805e-03	  9.0016e+03	  0.0000e+00	  1.4999e-01	  2.2069e-03	
  7.0773e+00	  8.6739e-03	  5.6268e-04	  1.5019e-02	  3.2777e-03	  1.1598e-06	  3.2552e-02	  2.9690e-03	  6.9584e-04	  1.4860e-03	  9.0360e+03	  0.0000e+00	  1.4999e-01	  2.2565e-03	
  7.0750e+00	  8.6993e-03	  5.6376e-04	  1.5077e-02	  3.2904e-03	  1.1662e-06	  3.2696e-02	  2.9833e-03	  6.9701e-04	  1.4914e-03	  9.0693e+03	  0.0000e+00	  1.4999e-01	  2.3040e-03	
  7.0727e+00	  8.7238e-03	  5.6481e-04	  1.5132e-02	  3.3026e-03	  1.1723e-06	  3.2834e-02	  2.9972e-03	  6.9813e-04	  1.4967e-03	  9.1013e+03	  0.0000e+00	  1.4999e-01	  2.3495e-03	
  7.0706e+00	  8.7475e-03	  5.6582e-04	  1.5186e-02	  3.3144e-03	  1.1783e-06	  3.2968e-02	  3.0106e-03	  6.9922e-04	  1.5017e-03	  9.1323e+03	  0.0000e+00	  1.4999e-01	  2.3930e-03	
  7.0685e+00	  8.7704e-03	  5.6680e-04	  1.5238e-02	  3.3257e-03	  1.1841e-06	  3.3097e-02	  3.0235e-03	  7.0026e-04	  1.5066e-03	  9.1621e+03	  0.0000e+00	  1.4999e-01	  2.4346e-03	
  7.0665e+00	  8.7924e-03	  5.6774e-04	  1.5288e-02	  3.3367e-03	  1.1898e-06	  3.3222e-02	  3.0360e-03	  7.0127e-04	  1.5114e-03	  9.1909e+03	  0.0000e+00	  1.4999e-01	  2.4745e-03	
  7.0645e+00	  8.8138e-03	  5.6864e-04	  1.5337e-02	  3.3473e-03	  1.1953e-06	  3.3342e-02	  3.0480e-03	  7.0224e-04	  1.5160e-03	  9.2187e+03	  0.0000e+00	  1.4999e-01	  2.5127e-03	
  7.0627e+00	  8.8343e-03	  5.6952e-04	  1.5384e-02	  3.3576e-03	  1.2006e-06	  3.3458e-02	  3.0596e-03	  7.0318e-04	  1.5205e-03	  9.2456e+03	  0.0000e+00	  1.4999e-01	  2.5493e-03	
  7.0609e+00	  8.8542e-03	  5.7036e-04	  1.5429e-02	  3.3674e-03	  1.2057e-06	  3.3570e-02	  3.0708e-03	  7.0408e-04	  1.5248e-03	  9.2714e+03	  0.0000e+00	  1.4999e-01	  2.5843e-03	
  7.0591e+00	  8.8734e-03	  5.7117e-04	  1.5472e-02	  3.3770e-03	  1.2107e-06	  3.3678e-02	  3.0816e-03	  7.0495e-04	  1.5290e-03	  9.2964e+03	  0.0000e+00	  1.4999e-01	  2.6179e-03	
  7.0575e+00	  8.8920e-03	  5.7196e-04	  1.5515e-02	  3.3862e-03	  1.2156e-06	  3.3783e-02	  3.0920e-03	  7.0579e-04	  1.5331e-03	  9.3205e+03	  0.0000e+00	  1.4999e-01	  2.6501e-03	
  7.0558e+00	  8.9099e-03	  5.7271e-04	  1.5555e-02	  3.3951e-03	  1.2203e-06	  3.3883e-02	  3.1021e-03	  7.0660e-04	  1.5370e-03	  9.3438e+03	  0.0000e+00	  1.4999e-01	  2.6810e-03	
  7.0543e+00	  8.9272e-03	  5.7344e-04	  1.5594e-02	  3.4037e-03	  1.2249e-06	  3.3981e-02	  3.1118e-03	  7.0738e-04	  1.5409e-03	  9.3662e+03	  0.0000e+00	  1.4999e-01	  2.7106e-03	
  7.0528e+00	  8.9439e-03	  5.7415e-04	  1.5632e-02	  3.4120e-03	  1.2293e-06	  3.4074e-02	  3.1212e-03	  7.0813e-04	  1.5446e-03	  9.3879e+03	  0.0000e+00	  1.4999e-01	  2.7390e-03	
  7.0513e+00	  8.9600e-03	  5.7483e-04	  1.5669e-02	  3.4200e-03	  1.2336e-06	  3.4165e-02	  3.1303e-03	  7.0885e-04	  1.5481e-03	  9.4088e+03	  0.0000e+00	  1.4999e-01	  2.7663e-03	
  7.0499e+00	  8.9756e-03	  5.7548e-04	  1.5704e-02	  3.4277e-03	  1.2377e-06	  3.4253e-02	  3.1390e-03	  7.0955e-04	  1.5516e-03	  9.4290e+03	  0.0000e+00	  1.4999e-01	  2.7924e-03	
  7.0486e+00	  8.9906e-03	  5.7612e-04	  1.5738e-02	  3.4352e-03	  1.2417e-06	  3.4337e-02	  3.1475e-03	  7.1023e-04	  1.5550e-03	  9.4485e+03	  0.0000e+00	  1.4999e-01	  2.8175e-03	
  7.0473e+00	  9.0052e-03	  5.7673e-04	  1.5771e-02	  3.4424e-03	  1.2456e-06	  3.4419e-02	  3.1556e-03	  7.1088e-04	  1.5582e-03	  9.4673e+03	  0.0000e+00	  1.4999e-01	  2.8416e-03	
  7.0460e+00	  9.0192e-03	  5.7731e-04	  1.5803e-02	  3.4494e-03	  1.2494e-06	  3.4497e-02	  3.1635e-03	  7.1150e-04	  1.5613e-03	  9.4854e+03	  0.0000e+00	  1.4999e-01	  2.8647e-03	
  7.0448e+00	  9.0327e-03	  5.7788e-04	  1.5834e-02	  3.4561e-03	  1.2531e-06	  3.4573e-02	  3.1711e-03	  7.1211e-04	  1.5644e-03	  9.5029e+03	  0.0000e+00	  1.4999e-01	  2.8869e-03	
  7.0437e+00	  9.0458e-03	  5.7843e-04	  1.5863e-02	  3.4626e-03	  1.2566e-06	  3.4647e-02	  3.1784e-03	  7.1269e-04	  1.5673e-03	  9.5199e+03	  0.0000e+00	  1.4999e-01	  2.9082e-03	
  7.0425e+00	  9.0584e-03	  5.7896e-04	  1.5892e-02	  3.4688e-03	  1.2600e-06	  3.4718e-02	  3.1855e-03	  7.1325e-04	  1.5702e-03	  9.5362e+03	  0.0000e+00	  1.4999e-01	  2.9287e-03	
  7.0414e+00	  9.0706e-03	  5.7947e-04	  1.5920e-02	  3.4749e-03	  1.2634e-06	  3.4786e-02	  3.1923e-03	  7.1380e-04	  1.5729e-03	  9.5519e+03	  0.0000e+00	  1.4999e-01	  2.9484e-03	
  7.0404e+00	  9.0824e-03	  5.7996e-04	  1.5946e-02	  3.4807e-03	  1.2666e-06	  3.4852e-02	  3.1989e-03	  7.1432e-04	  1.5756e-03	  9.5671e+03	  0.0000e+00	  1.4999e-01	  2.9673e-03	
  7.0394e+00	  9.0938e-03	  5.8044e-04	  1.5972e-02	  3.4864e-03	  1.2697e-06	  3.4916e-02	  3.2052e-03	  7.1483e-04	  1.5782e-03	  9.5818e+03	  0.0000e+00	  1.4999e-01	  2.9854e-03	
  7.0384e+00	  9.1048e-03	  5.8090e-04	  1.5997e-02	  3.4918e-03	  1.2727e-06	  3.4977e-02	  3.2114e-03	  7.1531e-04	  1.5807e-03	  9.5960e+03	  0.0000e+00	  1.4999e-01	  3.0029e-03	
  7.0375e+00	  9.1154e-03	  5.8134e-04	  1.6021e-02	  3.4971e-03	  1.2756e-06	  3.5037e-02	  3.2173e-03	  7.1578e-04	  1.5831e-03	  9.6096e+03	  0.0000e+00	  1.4999e-01	  3.0197e-03	
  7.0366e+00	  9.1256e-03	  5.8177e-04	  1.6044e-02	  3.5022e-03	  1.2784e-06	  3.5094e-02	  3.2230e-03	  7.1624e-04	  1.5854e-03	  9.6228e+03	  0.0000e+00	  1.4999e-01	  3.0358e-03	
  7.0357e+00	  9.1355e-03	  5.8218e-04	  1.6067e-02	  3.5071e-03	  1.2812e-06	  3.5149e-02	  3.2286e-03	  7.1668e-04	  1.5877e-03	  9.6356e+03	  0.0000e+00	  1.4999e-01	  3.0513e-03	
  7.0348e+00	  9.1450e-03	  5.8258e-04	  1.6088e-02	  3.5118e-03	  1.2838e-06	  3.5203e-02	  3.2339e-03	  7.1710e-04	  1.5899e-03	  9.6479e+03	  0.0000e+00	  1.4999e-01	  3.0662e-03	
  7.0340e+00	  9.1543e-03	  5.8296e-04	  1.6109e-02	  3.5164e-03	  1.2864e-06	  3.5254e-02	  3.2391e-03	  7.1751e-04	  1.5920e-03	  9.6598e+03	  0.0000e+00	  1.4999e-01	  3.0805e-03	
  7.0332e+00	  9.1632e-03	  5.8333e-04	  1.6129e-02	  3.5208e-03	  1.2888e-06	  3.5304e-02	  3.2440e-03	  7.1790e-04	  1.5940e-03	  9.6712e+03	  0.0000e+00	  1.4999e-01	  3.0943e-03	
  7.0325e+00	  9.1718e-03	  5.8369e-04	  1.6149e-02	  3.5250e-03	  1.2912e-06	  3.5352e-02	  3.2488e-03	  7.1828e-04	  1.5960e-03	  9.6823e+03	  0.0000e+00	  1.4999e-01	  3.1076e-03	
  7.0317e+00	  9.1801e-03	  5.8403e-04	  1.6168e-02	  3.5291e-03	  1.2936e-06	  3.5399e-02	  3.2535e-03	  7.1865e-04	  1.5979e-03	  9.6930e+03	  0.0000e+00	  1.4999e-01	  3.1203e-03	
  7.0310e+00	  9.1881e-03	  5.8437e-04	  1.6186e-02	  3.5331e-03	  1.2958e-06	  3.5444e-02	  3.2580e-03	  7.1900e-04	  1.5998e-03	  9.7033e+03	  0.0000e+00	  1.4999e-01	  3.1326e-03	
  7.0303e+00	  9.1958e-03	  5.8469e-04	  1.6203e-02	  3.5370e-03	  1.2980e-06	  3.5487e-02	  3.2623e-03	  7.1934e-04	  1.6016e-03	  9.7132e+03	  0.0000e+00	  1.4999e-01	  3.1444e-03	
  7.0297e+00	  9.2033e-03	  5.8500e-04	  1.6220e-02	  3.5407e-03	  1.3001e-06	  3.5529e-02	  3.2664e-03	  7.1967e-04	  1.6033e-03	  9.7229e+03	  0.0000e+00	  1.4999e-01	  3.1558e-03	
  7.0290e+00	  9.2105e-03	  5.8530e-04	  1.6237e-02	  3.5442e-03	  1.3021e-06	  3.5569e-02	  3.2705e-03	  7.1999e-04	  1.6050e-03	  9.7321e+03	  0.0000e+00	  1.4999e-01	  3.1667e-03	
  7.0284e+00	  9.2175e-03	  5.8559e-04	  1.6252e-02	  3.5477e-03	  1.3040e-06	  3.5608e-02	  3.2744e-03	  7.2029e-04	  1.6066e-03	  9.7411e+03	  0.0000e+00	  1.4999e-01	  3.1773e-03	
  7.0278e+00	  9.2242e-03	  5.8587e-04	  1.6268e-02	  3.5510e-03	  1.3059e-06	  3.5646e-02	  3.2781e-03	  7.2059e-04	  1.6081e-03	  9.7497e+03	  0.0000e+00	  1.4999e-01	  3.1874e-03	
  7.0273e+00	  9.2307e-03	  5.8614e-04	  1.6282e-02	  3.5542e-03	  1.3078e-06	  3.5682e-02	  3.2817e-03	  7.2087e-04	  1.6097e-03	  9.7581e+03	  0.0000e+00	  1.4999e-01	  3.1972e-03	
  7.0267e+00	  9.2370e-03	  5.8640e-04	  1.6297e-02	  3.5574e-03	  1.3095e-06	  3.5717e-02	  3.2852e-03	  7.2115e-04	  1.6111e-03	  9.7661e+03	  0.0000e+00	  1.4999e-01	  3.2066e-03	
  7.0262e+00	  9.2431e-03	  5.8665e-04	  1.6310e-02	  3.5604e-03	  1.3113e-06	  3.5751e-02	  3.2886e-03	  7.2142e-04	  1.6125e-03	  9.7739e+03	  0.0000e+00	  1.4999e-01	  3.2156e-03	
  7.0257e+00	  9.2489e-03	  5.8689e-04	  1.6324e-02	  3.5633e-03	  1.3129e-06	  3.5784e-02	  3.2919e-03	  7.2167e-04	  1.6139e-03	  9.7814e+03	  0.0000e+00	  1.4999e-01	  3.2243e-03	
  7.0252e+00	  9.2546e-03	  5.8712e-04	  1.6336e-02	  3.5661e-03	  1.3145e-06	  3.5815e-02	  3.2950e-03	  7.2192e-04	  1.6152e-03	  9.7887e+03	  0.0000e+00	  1.4999e-01	  3.2327e-03	
  7.0247e+00	  9.2600e-03	  5.8735e-04	  1.6349e-02	  3.5688e-03	  1.3161e-06	  3.5846e-02	  3.2981e-03	  7.2216e-04	  1.6165e-03	  9.7957e+03	  0.0000e+00	  1.4999e-01	  3.2408e-03	
  7.0242e+00	  9.2653e-03	  5.8757e-04	  1.6361e-02	  3.5714e-03	  1.3176e-06	  3.5875e-02	  3.3010e-03	  7.2239e-04	  1.6177e-03	  9.8025e+03	  0.0000e+00	  1.4999e-01	  3.2486e-03	
  7.0238e+00	  9.2704e-03	  5.8778e-04	  1.6372e-02	  3.5739e-03	  1.3190e-06	  3.5903e-02	  3.3038e-03	  7.2261e-04	  1.6189e-03	  9.8090e+03	  0.0000e+00	  1.4999e-01	  3.2561e-03	
  7.0233e+00	  9.2753e-03	  5.8798e-04	  1.6383e-02	  3.5763e-03	  1.3204e-06	  3.5931e-02	  3.3066e-03	  7.2283e-04	  1.6200e-03	  9.8153e+03	  0.0000e+00	  1.4999e-01	  3.2633e-03	
  7.0229e+00	  9.2801e-03	  5.8818e-04	  1.6394e-02	  3.5787e-03	  1.3218e-06	  3.5957e-02	  3.3092e-03	  7.2304e-04	  1.6212e-03	  9.8214e+03	  0.0000e+00	  1.4999e-01	  3.2703e-03	
  7.0225e+00	  9.2846e-03	  5.8837e-04	  1.6404e-02	  3.5809e-03	  1.3231e-06	  3.5983e-02	  3.3118e-03	  7.2324e-04	  1.6222e-03	  9.8272e+03	  0.0000e+00	  1.4999e-01	  3.2770e-03	
  7.0221e+00	  9.2891e-03	  5.8855e-04	  1.6414e-02	  3.5831e-03	  1.3243e-06	  3.6008e-02	  3.3142e-03	  7.2343e-04	  1.6233e-03	  9.8329e+03	  0.0000e+00	  1.4999e-01	  3.2835e-03	
  7.0218e+00	  9.2933e-03	  5.8873e-04	  1.6424e-02	  3.5852e-03	  1.3256e-06	  3.6031e-02	  3.3166e-03	  7.2362e-04	  1.6243e-03	  9.8384e+03	  0.0000e+00	  1.4999e-01	  3.2897e-03	
  7.0214e+00	  9.2975e-03	  5.8890e-04	  1.6433e-02	  3.5873e-03	  1.3267e-06	  3.6054e-02	  3.3189e-03	  7.2380e-04	  1.6252e-03	  9.8437e+03	  0.0000e+00	  1.4999e-01	  3.2957e-03	
  7.0210e+00	  9.3014e-03	  5.8906e-04	  1.6442e-02	  3.5893e-03	  1.3279e-06	  3.6077e-02	  3.3211e-03	  7.2397e-04	  1.6262e-03	  9.8488e+03	  0.0000e+00	  1.4999e-01	  3.3015e-03	
  7.0207e+00	  9.3053e-03	  5.8922e-04	  1.6451e-02	  3.5912e-03	  1.3290e-06	  3.6098e-02	  3.3233e-03	  7.2414e-04	  1.6271e-03	  9.8537e+03	  0.0000e+00	  1.4999e-01	  3.3071e-03	
  7.0204e+00	  9.3090e-03	  5.8937e-04	  1.6459e-02	  3.5930e-03	  1.3300e-06	  3.6119e-02	  3.3253e-03	  7.2430e-04	  1.6279e-03	  9.8585e+03	  0.0000e+00	  1.4999e-01	  3.3124e-03	
  7.0201e+00	  9.3126e-03	  5.8952e-04	  1.6468e-02	  3.5948e-03	  1.3311e-06	  3.6139e-02	  3.3273e-03	  7.2446e-04	  1.6288e-03	  9.8631e+03	  0.0000e+00	  1.4999e-01	  3.3176e-03	
  7.0198e+00	  9.3161e-03	  5.8966e-04	  1.6475e-02	  3.5965e-03	  1.3321e-06	  3.6158e-02	  3.3293e-03	  7.2461e-04	  1.6296e-03	  9.8675e+03	  0.0000e+00	  1.4999e-01	  3.3226e-03	
  7.0195e+00	  9.3194e-03	  5.8980e-04	  1.6483e-02	  3.5981e-03	  1.3330e-06	  3.6177e-02	  3.3311e-03	  7.2475e-04	  1.6304e-03	  9.8718e+03	  0.0000e+00	  1.4999e-01	  3.3274e-03	
  7.0192e+00	  9.3226e-03	  5.8993e-04	  1.6490e-02	  3.5997e-03	  1.3340e-06	  3.6195e-02	  3.3329e-03	  7.2489e-04	  1.6311e-03	  9.8759e+03	  0.0000e+00	  1.4999e-01	  3.3321e-03	
  7.0189e+00	  9.3257e-03	  5.9006e-04	  1.6497e-02	  3.6013e-03	  1.3349e-06	  3.6212e-02	  3.3347e-03	  7.2503e-04	  1.6319e-03	  9.8799e+03	  0.0000e+00	  1.4999e-01	  3.3366e-03	
  7.0187e+00	  9.3288e-03	  5.9019e-04	  1.6504e-02	  3.6028e-03	  1.3357e-06	  3.6229e-02	  3.3363e-03	  7.2516e-04	  1.6326e-03	  9.8838e+03	  0.0000e+00	  1.4999e-01	  3.3409e-03	
  7.0184e+00	  9.3317e-03	  5.9031e-04	  1.6511e-02	  3.6042e-03	  1.3366e-06	  3.6245e-02	  3.3379e-03	  7.2529e-04	  1.6333e-03	  9.8875e+03	  0.0000e+00	  1.4999e-01	  3.3450e-03	
  7.0182e+00	  9.3345e-03	  5.9042e-04	  1.6517e-02	  3.6056e-03	  1.3374e-06	  3.6261e-02	  3.3395e-03	  7.2541e-04	  1.6339e-03	  9.8911e+03	  0.0000e+00	  1.4999e-01	  3.3490e-03	
  7.0179e+00	  9.3372e-03	  5.9053e-04	  1.6523e-02	  3.6069e-03	  1.3382e-06	  3.6276e-02	  3.3410e-03	  7.2553e-04	  1.6346e-03	  9.8945e+03	  0.0000e+00	  1.4999e-01	  3.3529e-03	
  7.0177e+00	  9.3398e-03	  5.9064e-04	  1.6529e-02	  3.6082e-03	  1.3389e-06	  3.6291e-02	  3.3425e-03	  7.2564e-04	  1.6352e-03	  9.8979e+03	  0.0000e+00	  1.4999e-01	  3.3567e-03	
  7.0175e+00	  9.3423e-03	  5.9075e-04	  1.6535e-02	  3.6095e-03	  1.3396e-06	  3.6305e-02	  3.3439e-03	  7.2575e-04	  1.6358e-03	  9.9011e+03	  0.0000e+00	  1.4999e-01	  3.3603e-03	
  7.0173e+00	  9.3448e-03	  5.9085e-04	  1.6540e-02	  3.6107e-03	  1.3403e-06	  3.6318e-02	  3.3452e-03	  7.2586e-04	  1.6364e-03	  9.9042e+03	  0.0000e+00	  1.4999e-01	  3.3637e-03	
  7.0171e+00	  9.3471e-03	  5.9094e-04	  1.6546e-02	  3.6119e-03	  1.3410e-06	  3.6331e-02	  3.3465e-03	  7.2596e-04	  1.6369e-03	  9.9073e+03	  0.0000e+00	  1.4999e-01	  3.3671e-03	
  7.0169e+00	  9.3494e-03	  5.9104e-04	  1.6551e-02	  3.6130e-03	  1.3417e-06	  3.6344e-02	  3.3478e-03	  7.2606e-04	  1.6375e-03	  9.9102e+03	  0.0000e+00	  1.4999e-01	  3.3703e-03	
  7.0167e+00	  9.3516e-03	  5.9113e-04	  1.6556e-02	  3.6141e-03	  1.3423e-06	  3.6356e-02	  3.3490e-03	  7.2615e-04	  1.6380e-03	  9.9130e+03	  0.0000e+00	  1.4999e-01	  3.3734e-03	
  7.0165e+00	  9.3537e-03	  5.9122e-04	  1.6560e-02	  3.6151e-03	  1.3429e-06	  3.6368e-02	  3.3502e-03	  7.2625e-04	  1.6385e-03	  9.9157e+03	  0.0000e+00	  1.4999e-01	  3.3764e-03	
  7.0163e+00	  9.3558e-03	  5.9130e-04	  1.6565e-02	  3.6161e-03	  1.3435e-06	  3.6380e-02	  3.3514e-03	  7.2634e-04	  1.6390e-03	  9.9183e+03	  0.0000e+00	  1.4999e-01	  3.3793e-03	
  7.0161e+00	  9.3577e-03	  5.9138e-04	  1.6570e-02	  3.6171e-03	  1.3441e-06	  3.6391e-02	  3.3525e-03	  7.2642e-04	  1.6394e-03	  9.9208e+03	  0.0000e+00	  1.4999e-01	  3.3821e-03	
  7.0160e+00	  9.3597e-03	  5.9146e-04	  1.6574e-02	  3.6181e-03	  1.3447e-06	  3.6401e-02	  3.3535e-03	  7.2650e-04	  1.6399e-03	  9.9233e+03	  0.0000e+00	  1.4999e-01	  3.3848e-03	
  7.0158e+00	  9.3615e-03	  5.9154e-04	  1.6578e-02	  3.6190e-03	  1.3452e-06	  3.6412e-02	  3.3545e-03	  7.2658e-04	  1.6403e-03	  9.9257e+03	  0.0000e+00	  1.4999e-01	  3.3874e-03	
  7.0156e+00	  9.3633e-03	  5.9161e-04	  1.6582e-02	  3.6198e-03	  1.3457e-06	  3.6422e-02	  3.3555e-03	  7.2666e-04	  1.6408e-03	  9.9279e+03	  0.0000e+00	  1.4999e-01	  3.3899e-03	
  7.0155e+00	  9.3650e-03	  5.9168e-04	  1.6586e-02	  3.6207e-03	  1.3462e-06	  3.6431e-02	  3.3565e-03	  7.2674e-04	  1.6412e-03	  9.9301e+03	  0.0000e+00	  1.4999e-01	  3.3924e-03	
  7.0153e+00	  9.3667e-03	  5.9175e-04	  1.6590e-02	  3.6215e-03	  1.3467e-06	  3.6440e-02	  3.3574e-03	  7.2681e-04	  1.6416e-03	  9.9323e+03	  0.0000e+00	  1.4999e-01	  3.3947e-03	
  7.0152e+00	  9.3683e-03	  5.9181e-04	  1.6593e-02	  3.6223e-03	  1.3472e-06	  3.6449e-02	  3.3583e-03	  7.2688e-04	  1.6419e-03	  9.9343e+03	  0.0000e+00	  1.4999e-01	  3.3970e-03	
  7.0151e+00	  9.3698e-03	  5.9188e-04	  1.6597e-02	  3.6231e-03	  1.3476e-06	  3.6458e-02	  3.3592e-03	  7.2695e-04	  1.6423e-03	  9.9363e+03	  0.0000e+00	  1.4999e-01	  3.3991e-03	
  7.0149e+00	  9.3713e-03	  5.9194e-04	  1.6600e-02	  3.6238e-03	  1.3480e-06	  3.6466e-02	  3.3600e-03	  7.2701e-04	  1.6427e-03	  9.9382e+03	  0.0000e+00	  1.4999e-01	  3.4012e-03	
  7.0148e+00	  9.3728e-03	  5.9200e-04	  1.6603e-02	  3.6245e-03	  1.3485e-06	  3.6474e-02	  3.3608e-03	  7.2707e-04	  1.6430e-03	  9.9400e+03	  0.0000e+00	  1.4999e-01	  3.4033e-03	
  7.0147e+00	  9.3741e-03	  5.9206e-04	  1.6607e-02	  3.6252e-03	  1.3489e-06	  3.6482e-02	  3.3616e-03	  7.2713e-04	  1.6433e-03	  9.9418e+03	  0.0000e+00	  1.4999e-01	  3.4052e-03	
  7.0146e+00	  9.3755e-03	  5.9211e-04	  1.6610e-02	  3.6259e-03	  1.3493e-06	  3.6490e-02	  3.3623e-03	  7.2719e-04	  1.6436e-03	  9.9435e+03	  0.0000e+00	  1.4999e-01	  3.4071e-03	
  7.0145e+00	  9.3768e-03	  5.9216e-04	  1.6613e-02	  3.6265e-03	  1.3496e-06	  3.6497e-02	  3.3630e-03	  7.2725e-04	  1.6440e-03	  9.9452e+03	  0.0000e+00	  1.4999e-01	  3.4089e-03	
  7.0144e+00	  9.3780e-03	  5.9222e-04	  1.6615e-02	  3.6271e-03	  1.3500e-06	  3.6504e-02	  3.3637e-03	  7.2730e-04	  1.6443e-03	  9.9468e+03	  0.0000e+00	  1.4999e-01	  3.4107e-03	
  7.0142e+00	  9.3793e-03	  5.9227e-04	  1.6618e-02	  3.6277e-03	  1.3504e-06	  3.6511e-02	  3.3644e-03	  7.2736e-04	  1.6445e-03	  9.9484e+03	  0.0000e+00	  1.4999e-01	  3.4124e-03	
  7.0141e+00	  9.3804e-03	  5.9231e-04	  1.6621e-02	  3.6283e-03	  1.3507e-06	  3.6517e-02	  3.3651e-03	  7.2741e-04	  1.6448e-03	  9.9499e+03	  0.0000e+00	  1.4999e-01	  3.4140e-03	
  7.0140e+00	  9.3816e-03	  5.9236e-04	  1.6623e-02	  3.6289e-03	  1.3510e-06	  3.6523e-02	  3.3657e-03	  7.2745e-04	  1.6451e-03	  9.9513e+03	  0.0000e+00	  1.4999e-01	  3.4156e-03	
  7.0140e+00	  9.3827e-03	  5.9240e-04	  1.6626e-02	  3.6294e-03	  1.3513e-06	  3.6530e-02	  3.3663e-03	  7.2750e-04	  1.6454e-03	  9.9527e+03	  0.0000e+00	  1.4999e-01	  3.4171e-03	
  7.0139e+00	  9.3837e-03	  5.9245e-04	  1.6628e-02	  3.6299e-03	  1.3516e-06	  3.6535e-02	  3.3669e-03	  7.2755e-04	  1.6456e-03	  9.9540e+03	  0.0000e+00	  1.4999e-01	  3.4186e-03	
  7.0138e+00	  9.3847e-03	  5.9249e-04	  1.6630e-02	  3.6304e-03	  1.3519e-06	  3.6541e-02	  3.3675e-03	  7.2759e-04	  1.6458e-03	  9.9553e+03	  0.0000e+00	  1.4999e-01	  3.4200e-03	
  7.0137e+00	  9.3857e-03	  5.9253e-04	  1.6633e-02	  3.6309e-03	  1.3522e-06	  3.6547e-02	  3.3680e-03	  7.2763e-04	  1.6461e-03	  9.9566e+03	  0.0000e+00	  1.4999e-01	  3.4214e-03	
  7.0136e+00	  9.3867e-03	  5.9257e-04	  1.6635e-02	  3.6314e-03	  1.3525e-06	  3.6552e-02	  3.3685e-03	  7.2768e-04	  1.6463e-03	  9.9578e+03	  0.0000e+00	  1.4999e-01	  3.4227e-03	
  7.0135e+00	  9.3876e-03	  5.9261e-04	  1.6637e-02	  3.6318e-03	  1.3528e-06	  3.6557e-02	  3.3690e-03	  7.2772e-04	  1.6465e-03	  9.9590e+03	  0.0000e+00	  1.4999e-01	  3.4240e-03	
  7.0134e+00	  9.3885e-03	  5.9264e-04	  1.6639e-02	  3.6323e-03	  1.3530e-06	  3.6562e-02	  3.3695e-03	  7.2775e-04	  1.6467e-03	  9.9601e+03	  0.0000e+00	  1.4999e-01	  3.4252e-03	
  7.0134e+00	  9.3893e-03	  5.9268e-04	  1.6641e-02	  3.6327e-03	  1.3533e-06	  3.6567e-02	  3.3700e-03	  7.2779e-04	  1.6469e-03	  9.9612e+03	  0.0000e+00	  1.4999e-01	  3.4264e-03	
  7.0133e+00	  9.3901e-03	  5.9271e-04	  1.6643e-02	  3.6331e-03	  1.3535e-06	  3.6571e-02	  3.3705e-03	  7.2783e-04	  1.6471e-03	  9.9622e+03	  0.0000e+00	  1.4999e-01	  3.4275e-03	
  7.0132e+00	  9.3909e-03	  5.9274e-04	  1.6644e-02	  3.6335e-03	  1.3538e-06	  3.6576e-02	  3.3709e-03	  7.2786e-04	  1.6473e-03	  9.9633e+03	  0.0000e+00	  1.4999e-01	  3.4287e-03	
  7.0132e+00	  9.3917e-03	  5.9278e-04	  1.6646e-02	  3.6339e-03	  1.3540e-06	  3.6580e-02	  3.3713e-03	  7.2789e-04	  1.6475e-03	  9.9642e+03	  0.0000e+00	  1.4999e-01	  3.4297e-03	
  7.0131e+00	  9.3924e-03	  5.9281e-04	  1.6648e-02	  3.6343e-03	  1.3542e-06	  3.6584e-02	  3.3717e-03	  7.2793e-04	  1.6477e-03	  9.9652e+03	  0.0000e+00	  1.4999e-01	  3.4308e-03	
  7.0130e+00	  9.3932e-03	  5.9284e-04	  1.6650e-02	  3.6346e-03	  1.3544e-06	  3.6588e-02	  3.3721e-03	  7.2796e-04	  1.6479e-03	  9.9661e+03	  0.0000e+00	  1.4999e-01	  3.4318e-03	
  7.0130e+00	  9.3938e-03	  5.9286e-04	  1.6651e-02	  3.6350e-03	  1.3546e-06	  3.6592e-02	  3.3725e-03	  7.2799e-04	  1.6480e-03	  9.9670e+03	  0.0000e+00	  1.4999e-01	  3.4327e-03	
  7.0129e+00	  9.3945e-03	  5.9289e-04	  1.6653e-02	  3.6353e-03	  1.3548e-06	  3.6596e-02	  3.3729e-03	  7.2802e-04	  1.6482e-03	  9.9678e+03	  0.0000e+00	  1.4999e-01	  3.4336e-03	
  7.0129e+00	  9.3952e-03	  5.9292e-04	  1.6654e-02	  3.6356e-03	  1.3550e-06	  3.6599e-02	  3.3733e-03	  7.2804e-04	  1.6483e-03	  9.9687e+03	  0.0000e+00	  1.4999e-01	  3.4345e-03	
  7.0128e+00	  9.3958e-03	  5.9294e-04	  1.6655e-02	  3.6359e-03	  1.3552e-06	  3.6603e-02	  3.3736e-03	  7.2807e-04	  1.6485e-03	  9.9695e+03	  0.0000e+00	  1.4999e-01	  3.4354e-03	
  7.0128e+00	  9.3964e-03	  5.9297e-04	  1.6657e-02	  3.6362e-03	  1.3553e-06	  3.6606e-02	  3.3739e-03	  7.2810e-04	  1.6486e-03	  9.9702e+03	  0.0000e+00	  1.4999e-01	  3.4362e-03	
  7.0127e+00	  9.3970e-03	  5.9299e-04	  1.6658e-02	  3.6365e-03	  1.3555e-06	  3.6609e-02	  3.3743e-03	  7.2812e-04	  1.6488e-03	  9.9710e+03	  0.0000e+00	  1.4999e-01	  3.4370e-03	
  7.0127e+00	  9.3975e-03	  5.9302e-04	  1.6659e-02	  3.6368e-03	  1.3557e-06	  3.6612e-02	  3.3746e-03	  7.2815e-04	  1.6489e-03	  9.9717e+03	  0.0000e+00	  1.4999e-01	  3.4378e-03	
  7.0126e+00	  9.3981e-03	  5.9304e-04	  1.6661e-02	  3.6370e-03	  1.3558e-06	  3.6615e-02	  3.3749e-03	  7.2817e-04	  1.6490e-03	  9.9724e+03	  0.0000e+00	  1.4999e-01	  3.4386e-03	
  7.0126e+00	  9.3986e-03	  5.9306e-04	  1.6662e-02	  3.6373e-03	  1.3560e-06	  3.6618e-02	  3.3752e-03	  7.2819e-04	  1.6491e-03	  9.9731e+03	  0.0000e+00	  1.4999e-01	  3.4393e-03	
  7.0125e+00	  9.3991e-03	  5.9308e-04	  1.6663e-02	  3.6375e-03	  1.3561e-06	  3.6621e-02	  3.3754e-03	  7.2821e-04	  1.6493e-03	  9.9737e+03	  0.0000e+00	  1.4999e-01	  3.4400e-03	
  7.0125e+00	  9.3996e-03	  5.9310e-04	  1.6664e-02	  3.6378e-03	  1.3563e-06	  3.6624e-02	  3.3757e-03	  7.2823e-04	  1.6494e-03	  9.9743e+03	  0.0000e+00	  1.4999e-01	  3.4407e-03	
  7.0124e+00	  9.4000e-03	  5.9312e-04	  1.6665e-02	  3.6380e-03	  1.3564e-06	  3.6627e-02	  3.3760e-03	  7.2826e-04	  1.6495e-03	  9.9749e+03	  0.0000e+00	  1.4999e-01	  3.4413e-03	
  7.0124e+00	  9.4005e-03	  5.9314e-04	  1.6666e-02	  3.6382e-03	  1.3566e-06	  3.6629e-02	  3.3762e-03	  7.2827e-04	  1.6496e-03	  9.9755e+03	  0.0000e+00	  1.4999e-01	  3.4420e-03	
  7.0124e+00	  9.4009e-03	  5.9316e-04	  1.6667e-02	  3.6385e-03	  1.3567e-06	  3.6632e-02	  3.3765e-03	  7.2829e-04	  1.6497e-03	  9.9761e+03	  0.0000e+00	  1.4999e-01	  3.4426e-03	
  7.0123e+00	  9.4014e-03	  5.9317e-04	  1.6668e-02	  3.6387e-03	  1.3568e-06	  3.6634e-02	  3.3767e-03	  7.2831e-04	  1.6498e-03	  9.9766e+03	  0.0000e+00	  1.4999e-01	  3.4432e-03	
  7.0123e+00	  9.4018e-03	  5.9319e-04	  1.6669e-02	  3.6389e-03	  1.3569e-06	  3.6636e-02	  3.3769e-03	  7.2833e-04	  1.6499e-03	  9.9771e+03	  0.0000e+00	  1.4999e-01	  3.4437e-03	
  7.0123e+00	  9.4022e-03	  5.9321e-04	  1.6670e-02	  3.6391e-03	  1.3570e-06	  3.6638e-02	  3.3772e-03	  7.2835e-04	  1.6500e-03	  9.9776e+03	  0.0000e+00	  1.4999e-01	  3.4443e-03	
  7.0122e+00	  9.4025e-03	  5.9322e-04	  1.6671e-02	  3.6392e-03	  1.3572e-06	  3.6641e-02	  3.3774e-03	  7.2836e-04	  1.6501e-03	  9.9781e+03	  0.0000e+00	  1.4999e-01	  3.4448e-03	
  7.0122e+00	  9.4029e-03	  5.9324e-04	  1.6672e-02	  3.6394e-03	  1.3573e-06	  3.6643e-02	  3.3776e-03	  7.2838e-04	  1.6502e-03	  9.9786e+03	  0.0000e+00	  1.4999e-01	  3.4453e-03	
  7.0122e+00	  9.4033e-03	  5.9325e-04	  1.6672e-02	  3.6396e-03	  1.3574e-06	  3.6645e-02	  3.3778e-03	  7.2839e-04	  1.6503e-03	  9.9790e+03	  0.0000e+00	  1.4999e-01	  3.4458e-03	
  7.0121e+00	  9.4036e-03	  5.9327e-04	  1.6673e-02	  3.6398e-03	  1.3575e-06	  3.6646e-02	  3.3780e-03	  7.2841e-04	  1.6503e-03	  9.9795e+03	  0.0000e+00	  1.4999e-01	  3.4463e-03	
  7.0121e+00	  9.4039e-03	  5.9328e-04	  1.6674e-02	  3.6399e-03	  1.3576e-06	  3.6648e-02	  3.3782e-03	  7.2842e-04	  1.6504e-03	  9.9799e+03	  0.0000e+00	  1.4999e-01	  3.4467e-03	
  7.0121e+00	  9.4043e-03	  5.9329e-04	  1.6675e-02	  3.6401e-03	  1.3577e-06	  3.6650e-02	  3.3783e-03	  7.2844e-04	  1.6505e-03	  9.9803e+03	  0.0000e+00	  1.4999e-01	  3.4472e-03	
  7.0120e+00	  9.4046e-03	  5.9330e-04	  1.6675e-02	  3.6403e-03	  1.3577e-06	  3.6652e-02	  3.3785e-03	  7.2845e-04	  1.6506e-03	  9.9807e+03	  0.0000e+00	  1.4999e-01	  3.4476e-03	
  7.0120e+00	  9.4049e-03	  5.9332e-04	  1.6676e-02	  3.6404e-03	  1.3578e-06	  3.6654e-02	  3.3787e-03	  7.2846e-04	  1.6506e-03	  9.9811e+03	  0.0000e+00	  1.4999e-01	  3.4480e-03	
  7.0120e+00	  9.4052e-03	  5.9333e-04	  1.6677e-02	  3.6405e-03	  1.3579e-06	  3.6655e-02	  3.3788e-03	  7.2848e-04	  1.6507e-03	  9.9815e+03	  0.0000e+00	  1.4999e-01	  3.4484e-03	
  7.0120e+00	  9.4054e-03	  5.9334e-04	  1.6677e-02	  3.6407e-03	  1.3580e-06	  3.6657e-02	  3.3790e-03	  7.2849e-04	  1.6508e-03	  9.9818e+03	  0.0000e+00	  1.4999e-01	  3.4488e-03	
  7.0119e+00	  9.4057e-03	  5.9335e-04	  1.6678e-02	  3.6408e-03	  1.3581e-06	  3.6658e-02	  3.3791e-03	  7.2850e-04	  1.6508e-03	  9.9822e+03	  0.0000e+00	  1.4999e-01	  3.4492e-03	
  7.0119e+00	  9.4060e-03	  5.9336e-04	  1.6678e-02	  3.6409e-03	  1.3582e-06	  3.6660e-02	  3.3793e-03	  7.2851e-04	  1.6509e-03	  9.9825e+03	  0.0000e+00	  1.4999e-01	  3.4495e-03	
  7.0119e+00	  9.4062e-03	  5.9337e-04	  1.6679e-02	  3.6411e-03	  1.3582e-06	  3.6661e-02	  3.3794e-03	  7.2852e-04	  1.6510e-03	  9.9828e+03	  0.0000e+00	  1.4999e-01	  3.4499e-03	
  7.0119e+00	  9.4065e-03	  5.9338e-04	  1.6680e-02	  3.6412e-03	  1.3583e-06	  3.6662e-02	  3.3796e-03	  7.2853e-04	  1.6510e-03	  9.9831e+03	  0.0000e+00	  1.4999e-01	  3.4502e-03	
  7.0119e+00	  9.4067e-03	  5.9339e-04	  1.6680e-02	  3.6413e-03	  1.3584e-06	  3.6664e-02	  3.3797e-03	  7.2854e-04	  1.6511e-03	  9.9834e+03	  0.0000e+00	  1.4999e-01	  3.4505e-03	
  7.0118e+00	  9.4069e-03	  5.9340e-04	  1.6681e-02	  3.6414e-03	  1.3584e-06	  3.6665e-02	  3.3798e-03	  7.2855e-04	  1.6511e-03	  9.9837e+03	  0.0000e+00	  1.4999e-01	  3.4508e-03	
  7.0118e+00	  9.4071e-03	  5.9341e-04	  1.6681e-02	  3.6415e-03	  1.3585e-06	  3.6666e-02	  3.3799e-03	  7.2856e-04	  1.6512e-03	  9.9840e+03	  0.0000e+00	  1.4999e-01	  3.4511e-03	
  7.0118e+00	  9.4073e-03	  5.9342e-04	  1.6682e-02	  3.6416e-03	  1.3586e-06	  3.6667e-02	  3.3800e-03	  7.2857e-04	  1.6512e-03	  9.9843e+03	  0.0000e+00	  1.4999e-01	  3.4514e-03	
  7.0118e+00	  9.4075e-03	  5.9343e-04	  1.6682e-02	  3.6417e-03	  1.3586e-06	  3.6668e-02	  3.3802e-03	  7.2858e-04	  1.6513e-03	  9.9845e+03	  0.0000e+00	  1.4999e-01	  3.4517e-03	
  7.0118e+00	  9.4077e-03	  5.9343e-04	  1.6682e-02	  3.6418e-03	  1.3587e-06	  3.6670e-02	  3.3803e-03	  7.2859e-04	  1.6513e-03	  9.9848e+03	  0.0000e+00	  1.4999e-01	  3.4520e-03	
  7.0118e+00	  9.4079e-03	  5.9344e-04	  1.6683e-02	  3.6419e-03	  1.3587e-06	  3.6671e-02	  3.3804e-03	  7.2860e-04	  1.6514e-03	  9.9850e+03	  0.0000e+00	  1.4999e-01	  3.4522e-03	
  7.0117e+00	  9.4081e-03	  5.9345e-04	  1.6683e-02	  3.6420e-03	  1.3588e-06	  3.6672e-02	  3.3805e-03	  7.2860e-04	  1.6514e-03	  9.9852e+03	  0.0000e+00	  1.4999e-01	  3.4525e-03	
  7.0117e+00	  9.4083e-03	  5.9346e-04	  1.6684e-02	  3.6421e-03	  1.3588e-06	  3.6673e-02	  3.3806e-03	  7.2861e-04	  1.6515e-03	  9.9855e+03	  0.0000e+00	  1.4999e-01	  3.4527e-03	
  7.0117e+00	  9.4085e-03	  5.9346e-04	  1.6684e-02	  3.6422e-03	  1.3589e-06	  3.6674e-02	  3.3807e-03	  7.2862e-04	  1.6515e-03	  9.9857e+03	  0.0000e+00	  1.4999e-01	  3.4530e-03	
  7.0117e+00	  9.4086e-03	  5.9347e-04	  1.6684e-02	  3.6422e-03	  1.3589e-06	  3.6675e-02	  3.3808e-03	  7.2863e-04	  1.6515e-03	  9.9859e+03	  0.0000e+00	  1.4999e-01	  3.4532e-03	
