          pH	          Na	           K	          Ca	          Mg	         PO4	          Cl	         SO4	         NH4	        HCO3	          sc	         FeS	      Pyrite	     Calcite	
  6.6644e+00	  4.1755e-03	  3.3043e-04	  4.8964e-03	  1.0614e-03	  4.1174e-05	  6.0679e-03	  1.8024e-04	  4.2255e-04	  9.0118e-06	  2.5751e+03	  0.0000e+00	  0.0000e+00	  0.0000e+00	
  6.6644e+00	  4.1755e-03	  3.3043e-04	  4.8964e-03	  1.0614e-03	  4.1174e-05	  6.0679e-03	  1.8024e-04	  4.2255e-04	  9.0118e-06	  2.5751e+03	  0.0000e+00	  0.0000e+00	  0.0000e+00	
  7.5053e+00	  4.3099e-03	  3.3898e-04	  5.1539e-03	  1.1184e-03	  6.1615e-07	  6.6205e-03	  2.4557e-04	  4.3844e-04	  7.9873e-05	  2.7419e+03	  0.0000e+00	  1.4999e-01	  0.0000e+00	
  7.4900e+00	  4.4072e-03	  3.4458e-04	  5.3419e-03	  1.1596e-03	  6.2896e-07	  7.1714e-03	  3.0851e-04	  4.4504e-04	  1.1334e-04	  2.8830e+03	  0.0000e+00	  1.4999e-01	  0.0000e+00	
  7.4754e+00	  4.5009e-03	  3.4990e-04	  5.5236e-03	  1.1994e-03	  6.4203e-07	  7.6979e-03	  3.6813e-04	  4.5129e-04	  1.4526e-04	  3.0176e+03	  0.0000e+00	  1.4999e-01	  0.0000e+00	
  7.4614e+00	  4.5911e-03	  3.5498e-04	  5.6993e-03	  1.2379e-03	  6.5532e-07	  8.2019e-03	  4.2472e-04	  4.5723e-04	  1.7574e-04	  3.1462e+03	  0.0000e+00	  1.4999e-01	  0.0000e+00	
  7.4480e+00	  4.6779e-03	  3.5981e-04	  5.8689e-03	  1.2751e-03	  6.6880e-07	  8.6846e-03	  4.7853e-04	  4.6287e-04	  2.0487e-04	  3.2693e+03	  0.0000e+00	  1.4999e-01	  0.0000e+00	
  7.4352e+00	  4.7616e-03	  3.6442e-04	  6.0329e-03	  1.3110e-03	  6.8242e-07	  9.1472e-03	  5.2977e-04	  4.6823e-04	  2.3275e-04	  3.3870e+03	  0.0000e+00	  1.4999e-01	  0.0000e+00	
  7.4229e+00	  4.8422e-03	  3.6882e-04	  6.1912e-03	  1.3457e-03	  6.9617e-07	  9.5910e-03	  5.7863e-04	  4.7333e-04	  2.5944e-04	  3.4998e+03	  0.0000e+00	  1.4999e-01	  0.0000e+00	
  7.4111e+00	  4.9199e-03	  3.7301e-04	  6.3441e-03	  1.3792e-03	  7.0999e-07	  1.0017e-02	  6.2527e-04	  4.7819e-04	  2.8502e-04	  3.6079e+03	  0.0000e+00	  1.4999e-01	  0.0000e+00	
  7.3997e+00	  4.9948e-03	  3.7703e-04	  6.4918e-03	  1.4116e-03	  7.2388e-07	  1.0426e-02	  6.6983e-04	  4.8282e-04	  3.0954e-04	  3.7115e+03	  0.0000e+00	  1.4999e-01	  0.0000e+00	
  7.3888e+00	  5.0670e-03	  3.8087e-04	  6.6345e-03	  1.4429e-03	  7.3781e-07	  1.0819e-02	  7.1246e-04	  4.8724e-04	  3.3306e-04	  3.8110e+03	  0.0000e+00	  1.4999e-01	  0.0000e+00	
  7.3784e+00	  5.1366e-03	  3.8454e-04	  6.7722e-03	  1.4731e-03	  7.5175e-07	  1.1196e-02	  7.5326e-04	  4.9146e-04	  3.5564e-04	  3.9064e+03	  0.0000e+00	  1.4999e-01	  0.0000e+00	
  7.3683e+00	  5.2037e-03	  3.8805e-04	  6.9053e-03	  1.5022e-03	  7.6568e-07	  1.1559e-02	  7.9234e-04	  4.9548e-04	  3.7733e-04	  3.9980e+03	  0.0000e+00	  1.4999e-01	  0.0000e+00	
  7.3586e+00	  5.2685e-03	  3.9141e-04	  7.0337e-03	  1.5304e-03	  7.7959e-07	  1.1908e-02	  8.2979e-04	  4.9933e-04	  3.9815e-04	  4.0860e+03	  0.0000e+00	  1.4999e-01	  0.0000e+00	
  7.3493e+00	  5.3309e-03	  3.9464e-04	  7.1577e-03	  1.5576e-03	  7.9345e-07	  1.2244e-02	  8.6572e-04	  5.0301e-04	  4.1817e-04	  4.1706e+03	  0.0000e+00	  1.4999e-01	  0.0000e+00	
  7.3403e+00	  5.3912e-03	  3.9773e-04	  7.2775e-03	  1.5838e-03	  8.0725e-07	  1.2567e-02	  9.0019e-04	  5.0652e-04	  4.3741e-04	  4.2519e+03	  0.0000e+00	  1.4999e-01	  0.0000e+00	
  7.3317e+00	  5.4493e-03	  4.0069e-04	  7.3931e-03	  1.6092e-03	  8.2097e-07	  1.2879e-02	  9.3328e-04	  5.0989e-04	  4.5592e-04	  4.3300e+03	  0.0000e+00	  1.4999e-01	  0.0000e+00	
  7.3233e+00	  5.5054e-03	  4.0353e-04	  7.5047e-03	  1.6336e-03	  8.3460e-07	  1.3178e-02	  9.6505e-04	  5.1311e-04	  4.7372e-04	  4.4051e+03	  0.0000e+00	  1.4999e-01	  0.0000e+00	
  7.3153e+00	  5.5596e-03	  4.0626e-04	  7.6125e-03	  1.6573e-03	  8.4813e-07	  1.3466e-02	  9.9559e-04	  5.1620e-04	  4.9084e-04	  4.4774e+03	  0.0000e+00	  1.4999e-01	  0.0000e+00	
  7.3076e+00	  5.6118e-03	  4.0887e-04	  7.7166e-03	  1.6801e-03	  8.6153e-07	  1.3744e-02	  1.0249e-03	  5.1915e-04	  5.0732e-04	  4.5470e+03	  0.0000e+00	  1.4999e-01	  0.0000e+00	
  7.3001e+00	  5.6622e-03	  4.1139e-04	  7.8170e-03	  1.7021e-03	  8.7481e-07	  1.4011e-02	  1.0531e-03	  5.2198e-04	  5.2318e-04	  4.6139e+03	  0.0000e+00	  1.4999e-01	  0.0000e+00	
  7.2929e+00	  5.7109e-03	  4.1380e-04	  7.9140e-03	  1.7234e-03	  8.8795e-07	  1.4269e-02	  1.0803e-03	  5.2470e-04	  5.3845e-04	  4.6783e+03	  0.0000e+00	  1.4999e-01	  0.0000e+00	
  7.2860e+00	  5.7578e-03	  4.1611e-04	  8.0076e-03	  1.7439e-03	  9.0093e-07	  1.4517e-02	  1.1064e-03	  5.2730e-04	  5.5315e-04	  4.7402e+03	  0.0000e+00	  1.4998e-01	  0.0000e+00	
  7.2793e+00	  5.8032e-03	  4.1834e-04	  8.0981e-03	  1.7637e-03	  9.1376e-07	  1.4757e-02	  1.1315e-03	  5.2980e-04	  5.6731e-04	  4.7999e+03	  0.0000e+00	  1.4998e-01	  0.0000e+00	
  7.2729e+00	  5.8469e-03	  4.2048e-04	  8.1853e-03	  1.7829e-03	  9.2642e-07	  1.4987e-02	  1.1556e-03	  5.3220e-04	  5.8095e-04	  4.8574e+03	  0.0000e+00	  1.4998e-01	  0.0000e+00	
  7.2666e+00	  5.8891e-03	  4.2254e-04	  8.2696e-03	  1.8014e-03	  9.3891e-07	  1.5210e-02	  1.1789e-03	  5.3450e-04	  5.9409e-04	  4.9127e+03	  0.0000e+00	  1.4998e-01	  0.0000e+00	
  7.2606e+00	  5.9299e-03	  4.2451e-04	  8.3509e-03	  1.8192e-03	  9.5122e-07	  1.5424e-02	  1.2013e-03	  5.3671e-04	  6.0675e-04	  4.9660e+03	  0.0000e+00	  1.4998e-01	  0.0000e+00	
  7.2548e+00	  5.9693e-03	  4.2642e-04	  8.4295e-03	  1.8364e-03	  9.6334e-07	  1.5630e-02	  1.2228e-03	  5.3883e-04	  6.1895e-04	  5.0174e+03	  0.0000e+00	  1.4998e-01	  0.0000e+00	
  7.2493e+00	  6.0073e-03	  4.2824e-04	  8.5053e-03	  1.8531e-03	  9.7527e-07	  1.5830e-02	  1.2436e-03	  5.4087e-04	  6.3070e-04	  5.0668e+03	  0.0000e+00	  1.4998e-01	  0.0000e+00	
  7.2439e+00	  6.0440e-03	  4.3000e-04	  8.5785e-03	  1.8691e-03	  9.8700e-07	  1.6022e-02	  1.2636e-03	  5.4283e-04	  6.4203e-04	  5.1145e+03	  0.0000e+00	  1.4998e-01	  0.0000e+00	
  7.2387e+00	  6.0794e-03	  4.3170e-04	  8.6492e-03	  1.8846e-03	  9.9853e-07	  1.6207e-02	  1.2829e-03	  5.4471e-04	  6.5294e-04	  5.1604e+03	  0.0000e+00	  1.4998e-01	  0.0000e+00	
  7.2337e+00	  6.1136e-03	  4.3333e-04	  8.7174e-03	  1.8996e-03	  1.0099e-06	  1.6385e-02	  1.3014e-03	  5.4652e-04	  6.6347e-04	  5.2047e+03	  0.0000e+00	  1.4998e-01	  0.0000e+00	
  7.2288e+00	  6.1466e-03	  4.3489e-04	  8.7833e-03	  1.9140e-03	  1.0210e-06	  1.6558e-02	  1.3193e-03	  5.4826e-04	  6.7361e-04	  5.2473e+03	  0.0000e+00	  1.4998e-01	  0.0000e+00	
  7.2241e+00	  6.1784e-03	  4.3640e-04	  8.8469e-03	  1.9280e-03	  1.0319e-06	  1.6724e-02	  1.3365e-03	  5.4993e-04	  6.8339e-04	  5.2884e+03	  0.0000e+00	  1.4998e-01	  0.0000e+00	
  7.2196e+00	  6.2092e-03	  4.3786e-04	  8.9083e-03	  1.9415e-03	  1.0426e-06	  1.6884e-02	  1.3532e-03	  5.5154e-04	  6.9283e-04	  5.3281e+03	  0.0000e+00	  1.4998e-01	  0.0000e+00	
  7.2153e+00	  6.2389e-03	  4.3925e-04	  8.9675e-03	  1.9545e-03	  1.0531e-06	  1.7038e-02	  1.3692e-03	  5.5309e-04	  7.0192e-04	  5.3663e+03	  0.0000e+00	  1.4998e-01	  0.0000e+00	
  7.2111e+00	  6.2676e-03	  4.4060e-04	  9.0248e-03	  1.9670e-03	  1.0634e-06	  1.7188e-02	  1.3846e-03	  5.5457e-04	  7.1069e-04	  5.4031e+03	  0.0000e+00	  1.4998e-01	  0.0000e+00	
  7.2070e+00	  6.2953e-03	  4.4190e-04	  9.0800e-03	  1.9792e-03	  1.0734e-06	  1.7331e-02	  1.3995e-03	  5.5601e-04	  7.1915e-04	  5.4386e+03	  0.0000e+00	  1.4998e-01	  0.0000e+00	
  7.2031e+00	  6.3220e-03	  4.4315e-04	  9.1333e-03	  1.9909e-03	  1.0833e-06	  1.7470e-02	  1.4138e-03	  5.5738e-04	  7.2730e-04	  5.4728e+03	  0.0000e+00	  1.4998e-01	  0.0000e+00	
  7.1993e+00	  6.3478e-03	  4.4435e-04	  9.1848e-03	  2.0022e-03	  1.0929e-06	  1.7604e-02	  1.4277e-03	  5.5871e-04	  7.3517e-04	  5.5059e+03	  0.0000e+00	  1.4998e-01	  0.0000e+00	
  7.1957e+00	  6.3728e-03	  4.4551e-04	  9.2345e-03	  2.0131e-03	  1.1023e-06	  1.7733e-02	  1.4410e-03	  5.5998e-04	  7.4276e-04	  5.5377e+03	  0.0000e+00	  1.4998e-01	  0.0000e+00	
  7.1922e+00	  6.3968e-03	  4.4663e-04	  9.2825e-03	  2.0236e-03	  1.1115e-06	  1.7858e-02	  1.4539e-03	  5.6121e-04	  7.5007e-04	  5.5684e+03	  0.0000e+00	  1.4998e-01	  0.0000e+00	
  7.1888e+00	  6.4201e-03	  4.4770e-04	  9.3289e-03	  2.0338e-03	  1.1205e-06	  1.7978e-02	  1.4663e-03	  5.6240e-04	  7.5713e-04	  5.5980e+03	  0.0000e+00	  1.4998e-01	  0.0000e+00	
  7.1855e+00	  6.4425e-03	  4.4874e-04	  9.3736e-03	  2.0436e-03	  1.1293e-06	  1.8094e-02	  1.4782e-03	  5.6353e-04	  7.6394e-04	  5.6266e+03	  0.0000e+00	  1.4998e-01	  0.0000e+00	
  7.1823e+00	  6.4642e-03	  4.4974e-04	  9.4168e-03	  2.0531e-03	  1.1379e-06	  1.8206e-02	  1.4898e-03	  5.6463e-04	  7.7051e-04	  5.6541e+03	  0.0000e+00	  1.4998e-01	  0.0000e+00	
  7.1792e+00	  6.4851e-03	  4.5070e-04	  9.4585e-03	  2.0622e-03	  1.1462e-06	  1.8314e-02	  1.5009e-03	  5.6569e-04	  7.7685e-04	  5.6807e+03	  0.0000e+00	  1.4998e-01	  0.0000e+00	
  7.1763e+00	  6.5053e-03	  4.5163e-04	  9.4988e-03	  2.0711e-03	  1.1544e-06	  1.8418e-02	  1.5116e-03	  5.6670e-04	  7.8297e-04	  5.7063e+03	  0.0000e+00	  1.4998e-01	  0.0000e+00	
  7.1734e+00	  6.5248e-03	  4.5253e-04	  9.5377e-03	  2.0796e-03	  1.1624e-06	  1.8519e-02	  1.5220e-03	  5.6768e-04	  7.8887e-04	  5.7310e+03	  0.0000e+00	  1.4998e-01	  0.0000e+00	
  7.1707e+00	  6.5437e-03	  4.5339e-04	  9.5752e-03	  2.0878e-03	  1.1701e-06	  1.8616e-02	  1.5320e-03	  5.6863e-04	  7.9456e-04	  5.7549e+03	  0.0000e+00	  1.4998e-01	  0.0000e+00	
  7.1680e+00	  6.5619e-03	  4.5422e-04	  9.6114e-03	  2.0958e-03	  1.1777e-06	  1.8710e-02	  1.5416e-03	  5.6954e-04	  8.0005e-04	  5.7779e+03	  0.0000e+00	  1.4998e-01	  0.0000e+00	
  7.1655e+00	  6.5794e-03	  4.5502e-04	  9.6464e-03	  2.1035e-03	  1.1851e-06	  1.8800e-02	  1.5509e-03	  5.7041e-04	  8.0535e-04	  5.8001e+03	  0.0000e+00	  1.4998e-01	  0.0000e+00	
  7.1630e+00	  6.5964e-03	  4.5580e-04	  9.6802e-03	  2.1109e-03	  1.1922e-06	  1.8887e-02	  1.5599e-03	  5.7126e-04	  8.1047e-04	  5.8215e+03	  0.0000e+00	  1.4998e-01	  0.0000e+00	
  7.1606e+00	  6.6128e-03	  4.5654e-04	  9.7128e-03	  2.1180e-03	  1.1992e-06	  1.8972e-02	  1.5686e-03	  5.7207e-04	  8.1540e-04	  5.8422e+03	  0.0000e+00	  1.4998e-01	  0.0000e+00	
  7.1583e+00	  6.6286e-03	  4.5726e-04	  9.7443e-03	  2.1250e-03	  1.2060e-06	  1.9053e-02	  1.5769e-03	  5.7286e-04	  8.2016e-04	  5.8621e+03	  0.0000e+00	  1.4998e-01	  0.0000e+00	
  7.1561e+00	  6.6438e-03	  4.5795e-04	  9.7747e-03	  2.1316e-03	  1.2126e-06	  1.9131e-02	  1.5850e-03	  5.7361e-04	  8.2476e-04	  5.8814e+03	  0.0000e+00	  1.4998e-01	  0.0000e+00	
  7.1539e+00	  6.6586e-03	  4.5862e-04	  9.8040e-03	  2.1381e-03	  1.2191e-06	  1.9207e-02	  1.5928e-03	  5.7434e-04	  8.2919e-04	  5.8999e+03	  0.0000e+00	  1.4998e-01	  0.0000e+00	
  7.1518e+00	  6.6728e-03	  4.5927e-04	  9.8324e-03	  2.1443e-03	  1.2253e-06	  1.9280e-02	  1.6003e-03	  5.7504e-04	  8.3347e-04	  5.9178e+03	  0.0000e+00	  1.4998e-01	  0.0000e+00	
  7.1498e+00	  6.6866e-03	  4.5989e-04	  9.8597e-03	  2.1503e-03	  1.2314e-06	  1.9351e-02	  1.6075e-03	  5.7572e-04	  8.3761e-04	  5.9351e+03	  0.0000e+00	  1.4998e-01	  0.0000e+00	
  7.1479e+00	  6.6998e-03	  4.6049e-04	  9.8861e-03	  2.1561e-03	  1.2373e-06	  1.9419e-02	  1.6145e-03	  5.7637e-04	  8.4159e-04	  5.9518e+03	  0.0000e+00	  1.4998e-01	  0.0000e+00	
  7.1460e+00	  6.7127e-03	  4.6106e-04	  9.9116e-03	  2.1617e-03	  1.2431e-06	  1.9485e-02	  1.6212e-03	  5.7700e-04	  8.4544e-04	  5.9679e+03	  0.0000e+00	  1.4998e-01	  0.0000e+00	
  7.1442e+00	  6.7250e-03	  4.6162e-04	  9.9363e-03	  2.1671e-03	  1.2487e-06	  1.9548e-02	  1.6277e-03	  5.7761e-04	  8.4915e-04	  5.9834e+03	  0.0000e+00	  1.4998e-01	  0.0000e+00	
  7.1424e+00	  6.7370e-03	  4.6216e-04	  9.9600e-03	  2.1723e-03	  1.2541e-06	  1.9609e-02	  1.6340e-03	  5.7819e-04	  8.5274e-04	  5.9984e+03	  0.0000e+00	  1.4998e-01	  0.0000e+00	
  7.1408e+00	  6.7485e-03	  4.6268e-04	  9.9830e-03	  2.1774e-03	  1.2594e-06	  1.9669e-02	  1.6401e-03	  5.7876e-04	  8.5620e-04	  6.0129e+03	  0.0000e+00	  1.4998e-01	  0.0000e+00	
  7.1391e+00	  6.7597e-03	  4.6318e-04	  1.0005e-02	  2.1822e-03	  1.2645e-06	  1.9726e-02	  1.6459e-03	  5.7930e-04	  8.5953e-04	  6.0268e+03	  0.0000e+00	  1.4998e-01	  0.0000e+00	
  7.1376e+00	  6.7704e-03	  4.6366e-04	  1.0027e-02	  2.1869e-03	  1.2695e-06	  1.9781e-02	  1.6516e-03	  5.7983e-04	  8.6276e-04	  6.0403e+03	  0.0000e+00	  1.4998e-01	  0.0000e+00	
  7.1360e+00	  6.7808e-03	  4.6413e-04	  1.0047e-02	  2.1915e-03	  1.2743e-06	  1.9834e-02	  1.6570e-03	  5.8033e-04	  8.6587e-04	  6.0533e+03	  0.0000e+00	  1.4998e-01	  0.0000e+00	
  7.1346e+00	  6.7908e-03	  4.6458e-04	  1.0067e-02	  2.1958e-03	  1.2790e-06	  1.9885e-02	  1.6623e-03	  5.8082e-04	  8.6887e-04	  6.0659e+03	  0.0000e+00	  1.4998e-01	  0.0000e+00	
  7.1332e+00	  6.8005e-03	  4.6501e-04	  1.0086e-02	  2.2001e-03	  1.2836e-06	  1.9935e-02	  1.6674e-03	  5.8129e-04	  8.7177e-04	  6.0780e+03	  0.0000e+00	  1.4998e-01	  0.0000e+00	
  7.1318e+00	  6.8099e-03	  4.6543e-04	  1.0105e-02	  2.2042e-03	  1.2880e-06	  1.9983e-02	  1.6723e-03	  5.8175e-04	  8.7456e-04	  6.0897e+03	  0.0000e+00	  1.4998e-01	  0.0000e+00	
  7.1305e+00	  6.8189e-03	  4.6584e-04	  1.0123e-02	  2.2081e-03	  1.2922e-06	  2.0029e-02	  1.6770e-03	  5.8218e-04	  8.7726e-04	  6.1010e+03	  0.0000e+00	  1.4998e-01	  0.0000e+00	
  7.1292e+00	  6.8276e-03	  4.6623e-04	  1.0140e-02	  2.2119e-03	  1.2964e-06	  2.0074e-02	  1.6816e-03	  5.8261e-04	  8.7987e-04	  6.1119e+03	  0.0000e+00	  1.4998e-01	  0.0000e+00	
  7.1280e+00	  6.8361e-03	  4.6660e-04	  1.0157e-02	  2.2156e-03	  1.3004e-06	  2.0117e-02	  1.6860e-03	  5.8301e-04	  8.8239e-04	  6.1224e+03	  0.0000e+00	  1.4998e-01	  0.0000e+00	
  7.1268e+00	  6.8442e-03	  4.6696e-04	  1.0173e-02	  2.2191e-03	  1.3043e-06	  2.0158e-02	  1.6902e-03	  5.8341e-04	  8.8482e-04	  6.1325e+03	  0.0000e+00	  1.4998e-01	  0.0000e+00	
  7.1257e+00	  6.8521e-03	  4.6731e-04	  1.0189e-02	  2.2226e-03	  1.3081e-06	  2.0198e-02	  1.6943e-03	  5.8379e-04	  8.8716e-04	  6.1423e+03	  0.0000e+00	  1.4998e-01	  0.0000e+00	
  7.1245e+00	  6.8596e-03	  4.6765e-04	  1.0204e-02	  2.2259e-03	  1.3118e-06	  2.0237e-02	  1.6983e-03	  5.8415e-04	  8.8942e-04	  6.1518e+03	  0.0000e+00	  1.4998e-01	  0.0000e+00	
  7.1235e+00	  6.8670e-03	  4.6798e-04	  1.0218e-02	  2.2291e-03	  1.3153e-06	  2.0274e-02	  1.7021e-03	  5.8450e-04	  8.9161e-04	  6.1609e+03	  0.0000e+00	  1.4998e-01	  0.0000e+00	
  7.1224e+00	  6.8740e-03	  4.6829e-04	  1.0232e-02	  2.2322e-03	  1.3188e-06	  2.0311e-02	  1.7058e-03	  5.8484e-04	  8.9372e-04	  6.1697e+03	  0.0000e+00	  1.4998e-01	  0.0000e+00	
  7.1214e+00	  6.8809e-03	  4.6860e-04	  1.0246e-02	  2.2351e-03	  1.3221e-06	  2.0345e-02	  1.7094e-03	  5.8517e-04	  8.9575e-04	  6.1782e+03	  0.0000e+00	  1.4998e-01	  0.0000e+00	
  7.1205e+00	  6.8874e-03	  4.6889e-04	  1.0259e-02	  2.2380e-03	  1.3254e-06	  2.0379e-02	  1.7128e-03	  5.8549e-04	  8.9772e-04	  6.1864e+03	  0.0000e+00	  1.4998e-01	  0.0000e+00	
  7.1196e+00	  6.8938e-03	  4.6917e-04	  1.0272e-02	  2.2408e-03	  1.3285e-06	  2.0412e-02	  1.7162e-03	  5.8580e-04	  8.9962e-04	  6.1943e+03	  0.0000e+00	  1.4998e-01	  0.0000e+00	
  7.1187e+00	  6.9000e-03	  4.6945e-04	  1.0284e-02	  2.2435e-03	  1.3315e-06	  2.0443e-02	  1.7194e-03	  5.8609e-04	  9.0145e-04	  6.2020e+03	  0.0000e+00	  1.4998e-01	  0.0000e+00	
  7.1178e+00	  6.9059e-03	  4.6971e-04	  1.0296e-02	  2.2461e-03	  1.3345e-06	  2.0473e-02	  1.7225e-03	  5.8638e-04	  9.0322e-04	  6.2094e+03	  0.0000e+00	  1.4998e-01	  0.0000e+00	
  7.1170e+00	  6.9116e-03	  4.6996e-04	  1.0307e-02	  2.2486e-03	  1.3373e-06	  2.0502e-02	  1.7255e-03	  5.8665e-04	  9.0492e-04	  6.2165e+03	  0.0000e+00	  1.4998e-01	  0.0000e+00	
  7.1162e+00	  6.9172e-03	  4.7021e-04	  1.0318e-02	  2.2510e-03	  1.3401e-06	  2.0531e-02	  1.7283e-03	  5.8692e-04	  9.0657e-04	  6.2234e+03	  0.0000e+00	  1.4998e-01	  0.0000e+00	
  7.1154e+00	  6.9225e-03	  4.7045e-04	  1.0329e-02	  2.2533e-03	  1.3427e-06	  2.0558e-02	  1.7311e-03	  5.8717e-04	  9.0816e-04	  6.2300e+03	  0.0000e+00	  1.4998e-01	  0.0000e+00	
  7.1146e+00	  6.9277e-03	  4.7067e-04	  1.0339e-02	  2.2555e-03	  1.3453e-06	  2.0584e-02	  1.7338e-03	  5.8742e-04	  9.0970e-04	  6.2364e+03	  0.0000e+00	  1.4998e-01	  0.0000e+00	
  7.1139e+00	  6.9326e-03	  4.7090e-04	  1.0349e-02	  2.2577e-03	  1.3478e-06	  2.0610e-02	  1.7364e-03	  5.8766e-04	  9.1118e-04	  6.2426e+03	  0.0000e+00	  1.4998e-01	  0.0000e+00	
  7.1132e+00	  6.9375e-03	  4.7111e-04	  1.0358e-02	  2.2598e-03	  1.3502e-06	  2.0634e-02	  1.7389e-03	  5.8789e-04	  9.1261e-04	  6.2486e+03	  0.0000e+00	  1.4998e-01	  0.0000e+00	
  7.1125e+00	  6.9421e-03	  4.7131e-04	  1.0368e-02	  2.2618e-03	  1.3526e-06	  2.0658e-02	  1.7413e-03	  5.8811e-04	  9.1400e-04	  6.2544e+03	  0.0000e+00	  1.4998e-01	  0.0000e+00	
  7.1119e+00	  6.9466e-03	  4.7151e-04	  1.0377e-02	  2.2638e-03	  1.3549e-06	  2.0681e-02	  1.7437e-03	  5.8832e-04	  9.1533e-04	  6.2599e+03	  0.0000e+00	  1.4998e-01	  0.0000e+00	
  7.1112e+00	  6.9509e-03	  4.7170e-04	  1.0385e-02	  2.2657e-03	  1.3570e-06	  2.0703e-02	  1.7459e-03	  5.8853e-04	  9.1662e-04	  6.2653e+03	  0.0000e+00	  1.4998e-01	  0.0000e+00	
  7.1106e+00	  6.9551e-03	  4.7189e-04	  1.0394e-02	  2.2675e-03	  1.3592e-06	  2.0724e-02	  1.7481e-03	  5.8873e-04	  9.1786e-04	  6.2705e+03	  0.0000e+00	  1.4998e-01	  0.0000e+00	
  7.1100e+00	  6.9591e-03	  4.7207e-04	  1.0402e-02	  2.2693e-03	  1.3612e-06	  2.0745e-02	  1.7502e-03	  5.8892e-04	  9.1907e-04	  6.2755e+03	  0.0000e+00	  1.4998e-01	  0.0000e+00	
  7.1095e+00	  6.9630e-03	  4.7224e-04	  1.0409e-02	  2.2710e-03	  1.3632e-06	  2.0765e-02	  1.7522e-03	  5.8911e-04	  9.2022e-04	  6.2804e+03	  0.0000e+00	  1.4998e-01	  0.0000e+00	
  7.1089e+00	  6.9668e-03	  4.7241e-04	  1.0417e-02	  2.2726e-03	  1.3651e-06	  2.0784e-02	  1.7542e-03	  5.8929e-04	  9.2134e-04	  6.2850e+03	  0.0000e+00	  1.4998e-01	  0.0000e+00	
  7.1084e+00	  6.9705e-03	  4.7257e-04	  1.0424e-02	  2.2742e-03	  1.3670e-06	  2.0802e-02	  1.7561e-03	  5.8946e-04	  9.2243e-04	  6.2896e+03	  0.0000e+00	  1.4998e-01	  0.0000e+00	
  7.1079e+00	  6.9740e-03	  4.7272e-04	  1.0431e-02	  2.2757e-03	  1.3688e-06	  2.0820e-02	  1.7579e-03	  5.8963e-04	  9.2347e-04	  6.2939e+03	  0.0000e+00	  1.4998e-01	  0.0000e+00	
  7.1074e+00	  6.9774e-03	  4.7287e-04	  1.0438e-02	  2.2772e-03	  1.3705e-06	  2.0838e-02	  1.7597e-03	  5.8979e-04	  9.2448e-04	  6.2981e+03	  0.0000e+00	  1.4998e-01	  0.0000e+00	
  7.1069e+00	  6.9806e-03	  4.7302e-04	  1.0444e-02	  2.2786e-03	  1.3722e-06	  2.0854e-02	  1.7614e-03	  5.8995e-04	  9.2545e-04	  6.3022e+03	  0.0000e+00	  1.4998e-01	  0.0000e+00	
  7.1064e+00	  6.9838e-03	  4.7316e-04	  1.0450e-02	  2.2800e-03	  1.3739e-06	  2.0870e-02	  1.7630e-03	  5.9010e-04	  9.2639e-04	  6.3061e+03	  0.0000e+00	  1.4998e-01	  0.0000e+00	
  7.1060e+00	  6.9868e-03	  4.7329e-04	  1.0456e-02	  2.2813e-03	  1.3754e-06	  2.0886e-02	  1.7646e-03	  5.9024e-04	  9.2730e-04	  6.3099e+03	  0.0000e+00	  1.4998e-01	  0.0000e+00	
  7.1056e+00	  6.9898e-03	  4.7342e-04	  1.0462e-02	  2.2826e-03	  1.3770e-06	  2.0901e-02	  1.7662e-03	  5.9038e-04	  9.2817e-04	  6.3135e+03	  0.0000e+00	  1.4998e-01	  0.0000e+00	
  7.1051e+00	  6.9926e-03	  4.7355e-04	  1.0468e-02	  2.2839e-03	  1.3784e-06	  2.0915e-02	  1.7676e-03	  5.9052e-04	  9.2902e-04	  6.3171e+03	  0.0000e+00	  1.4998e-01	  0.0000e+00	
  7.1047e+00	  6.9954e-03	  4.7367e-04	  1.0473e-02	  2.2851e-03	  1.3799e-06	  2.0929e-02	  1.7691e-03	  5.9065e-04	  9.2983e-04	  6.3205e+03	  0.0000e+00	  1.4998e-01	  0.0000e+00	
  7.1044e+00	  6.9980e-03	  4.7378e-04	  1.0479e-02	  2.2862e-03	  1.3812e-06	  2.0943e-02	  1.7704e-03	  5.9077e-04	  9.3062e-04	  6.3238e+03	  0.0000e+00	  1.4998e-01	  0.0000e+00	
  7.1040e+00	  7.0006e-03	  4.7390e-04	  1.0484e-02	  2.2873e-03	  1.3826e-06	  2.0956e-02	  1.7718e-03	  5.9090e-04	  9.3138e-04	  6.3269e+03	  0.0000e+00	  1.4998e-01	  0.0000e+00	
  7.1036e+00	  7.0031e-03	  4.7400e-04	  1.0489e-02	  2.2884e-03	  1.3839e-06	  2.0968e-02	  1.7731e-03	  5.9101e-04	  9.3212e-04	  6.3300e+03	  0.0000e+00	  1.4998e-01	  0.0000e+00	
  7.1033e+00	  7.0055e-03	  4.7411e-04	  1.0493e-02	  2.2895e-03	  1.3851e-06	  2.0981e-02	  1.7743e-03	  5.9113e-04	  9.3283e-04	  6.3329e+03	  0.0000e+00	  1.4998e-01	  0.0000e+00	
  7.1029e+00	  7.0078e-03	  4.7421e-04	  1.0498e-02	  2.2905e-03	  1.3863e-06	  2.0992e-02	  1.7755e-03	  5.9124e-04	  9.3351e-04	  6.3358e+03	  0.0000e+00	  1.4998e-01	  0.0000e+00	
  7.1026e+00	  7.0100e-03	  4.7431e-04	  1.0502e-02	  2.2914e-03	  1.3875e-06	  2.1004e-02	  1.7767e-03	  5.9134e-04	  9.3417e-04	  6.3386e+03	  0.0000e+00	  1.4998e-01	  0.0000e+00	
  7.1023e+00	  7.0122e-03	  4.7440e-04	  1.0507e-02	  2.2924e-03	  1.3886e-06	  2.1015e-02	  1.7778e-03	  5.9144e-04	  9.3481e-04	  6.3412e+03	  0.0000e+00	  1.4998e-01	  0.0000e+00	
  7.1020e+00	  7.0142e-03	  4.7450e-04	  1.0511e-02	  2.2933e-03	  1.3897e-06	  2.1025e-02	  1.7789e-03	  5.9154e-04	  9.3543e-04	  6.3438e+03	  0.0000e+00	  1.4998e-01	  0.0000e+00	
  7.1017e+00	  7.0162e-03	  4.7458e-04	  1.0515e-02	  2.2942e-03	  1.3907e-06	  2.1035e-02	  1.7799e-03	  5.9164e-04	  9.3602e-04	  6.3463e+03	  0.0000e+00	  1.4998e-01	  0.0000e+00	
  7.1014e+00	  7.0182e-03	  4.7467e-04	  1.0519e-02	  2.2950e-03	  1.3917e-06	  2.1045e-02	  1.7809e-03	  5.9173e-04	  9.3660e-04	  6.3487e+03	  0.0000e+00	  1.4998e-01	  0.0000e+00	
  7.1011e+00	  7.0200e-03	  4.7475e-04	  1.0522e-02	  2.2958e-03	  1.3927e-06	  2.1055e-02	  1.7819e-03	  5.9182e-04	  9.3715e-04	  6.3510e+03	  0.0000e+00	  1.4998e-01	  0.0000e+00	
  7.1009e+00	  7.0218e-03	  4.7483e-04	  1.0526e-02	  2.2966e-03	  1.3937e-06	  2.1064e-02	  1.7828e-03	  5.9190e-04	  9.3769e-04	  6.3532e+03	  0.0000e+00	  1.4998e-01	  0.0000e+00	
  7.1006e+00	  7.0236e-03	  4.7491e-04	  1.0529e-02	  2.2974e-03	  1.3946e-06	  2.1073e-02	  1.7837e-03	  5.9198e-04	  9.3821e-04	  6.3554e+03	  0.0000e+00	  1.4998e-01	  0.0000e+00	
  7.1004e+00	  7.0253e-03	  4.7498e-04	  1.0533e-02	  2.2981e-03	  1.3955e-06	  2.1081e-02	  1.7846e-03	  5.9206e-04	  9.3870e-04	  6.3575e+03	  0.0000e+00	  1.4998e-01	  0.0000e+00	
  7.1001e+00	  7.0269e-03	  4.7505e-04	  1.0536e-02	  2.2988e-03	  1.3963e-06	  2.1090e-02	  1.7854e-03	  5.9214e-04	  9.3919e-04	  6.3595e+03	  0.0000e+00	  1.4998e-01	  0.0000e+00	
  7.0999e+00	  7.0285e-03	  4.7512e-04	  1.0539e-02	  2.2995e-03	  1.3972e-06	  2.1098e-02	  1.7862e-03	  5.9222e-04	  9.3965e-04	  6.3614e+03	  0.0000e+00	  1.4998e-01	  0.0000e+00	
  7.0997e+00	  7.0300e-03	  4.7519e-04	  1.0542e-02	  2.3002e-03	  1.3980e-06	  2.1105e-02	  1.7870e-03	  5.9229e-04	  9.4010e-04	  6.3633e+03	  0.0000e+00	  1.4998e-01	  0.0000e+00	
  7.0995e+00	  7.0315e-03	  4.7525e-04	  1.0545e-02	  2.3008e-03	  1.3987e-06	  2.1113e-02	  1.7878e-03	  5.9236e-04	  9.4054e-04	  6.3651e+03	  0.0000e+00	  1.4998e-01	  0.0000e+00	
  7.0993e+00	  7.0329e-03	  4.7531e-04	  1.0548e-02	  2.3014e-03	  1.3995e-06	  2.1120e-02	  1.7885e-03	  5.9242e-04	  9.4096e-04	  6.3669e+03	  0.0000e+00	  1.4998e-01	  0.0000e+00	
  7.0991e+00	  7.0342e-03	  4.7537e-04	  1.0551e-02	  2.3020e-03	  1.4002e-06	  2.1127e-02	  1.7892e-03	  5.9249e-04	  9.4136e-04	  6.3685e+03	  0.0000e+00	  1.4998e-01	  0.0000e+00	
  7.0989e+00	  7.0355e-03	  4.7543e-04	  1.0553e-02	  2.3026e-03	  1.4009e-06	  2.1134e-02	  1.7899e-03	  5.9255e-04	  9.4175e-04	  6.3702e+03	  0.0000e+00	  1.4998e-01	  0.0000e+00	
  7.0987e+00	  7.0368e-03	  4.7549e-04	  1.0556e-02	  2.3031e-03	  1.4016e-06	  2.1140e-02	  1.7906e-03	  5.9261e-04	  9.4213e-04	  6.3717e+03	  0.0000e+00	  1.4998e-01	  0.0000e+00	
  7.0985e+00	  7.0380e-03	  4.7554e-04	  1.0558e-02	  2.3037e-03	  1.4022e-06	  2.1146e-02	  1.7912e-03	  5.9267e-04	  9.4249e-04	  6.3733e+03	  0.0000e+00	  1.4998e-01	  0.0000e+00	
  7.0983e+00	  7.0392e-03	  4.7559e-04	  1.0560e-02	  2.3042e-03	  1.4029e-06	  2.1152e-02	  1.7918e-03	  5.9272e-04	  9.4284e-04	  6.3747e+03	  0.0000e+00	  1.4998e-01	  0.0000e+00	
  7.0982e+00	  7.0404e-03	  4.7564e-04	  1.0563e-02	  2.3047e-03	  1.4035e-06	  2.1158e-02	  1.7924e-03	  5.9278e-04	  9.4318e-04	  6.3762e+03	  0.0000e+00	  1.4998e-01	  0.0000e+00	
  7.0980e+00	  7.0415e-03	  4.7569e-04	  1.0565e-02	  2.3052e-03	  1.4041e-06	  2.1164e-02	  1.7930e-03	  5.9283e-04	  9.4351e-04	  6.3775e+03	  0.0000e+00	  1.4998e-01	  0.0000e+00	
  7.0979e+00	  7.0426e-03	  4.7574e-04	  1.0567e-02	  2.3056e-03	  1.4046e-06	  2.1169e-02	  1.7936e-03	  5.9288e-04	  9.4383e-04	  6.3788e+03	  0.0000e+00	  1.4998e-01	  0.0000e+00	
  7.0977e+00	  7.0436e-03	  4.7579e-04	  1.0569e-02	  2.3061e-03	  1.4052e-06	  2.1175e-02	  1.7941e-03	  5.9293e-04	  9.4413e-04	  6.3801e+03	  0.0000e+00	  1.4998e-01	  0.0000e+00	
  7.0976e+00	  7.0446e-03	  4.7583e-04	  1.0571e-02	  2.3065e-03	  1.4057e-06	  2.1180e-02	  1.7946e-03	  5.9298e-04	  9.4443e-04	  6.3813e+03	  0.0000e+00	  1.4998e-01	  0.0000e+00	
  7.0974e+00	  7.0455e-03	  4.7587e-04	  1.0573e-02	  2.3069e-03	  1.4062e-06	  2.1185e-02	  1.7951e-03	  5.9302e-04	  9.4472e-04	  6.3825e+03	  0.0000e+00	  1.4998e-01	  0.0000e+00	
  7.0973e+00	  7.0465e-03	  4.7591e-04	  1.0575e-02	  2.3073e-03	  1.4067e-06	  2.1189e-02	  1.7956e-03	  5.9307e-04	  9.4499e-04	  6.3837e+03	  0.0000e+00	  1.4998e-01	  0.0000e+00	
  7.0972e+00	  7.0474e-03	  4.7595e-04	  1.0577e-02	  2.3077e-03	  1.4072e-06	  2.1194e-02	  1.7961e-03	  5.9311e-04	  9.4526e-04	  6.3848e+03	  0.0000e+00	  1.4998e-01	  0.0000e+00	
  7.0970e+00	  7.0482e-03	  4.7599e-04	  1.0578e-02	  2.3081e-03	  1.4076e-06	  2.1198e-02	  1.7965e-03	  5.9315e-04	  9.4551e-04	  6.3859e+03	  0.0000e+00	  1.4998e-01	  0.0000e+00	
  7.0969e+00	  7.0491e-03	  4.7603e-04	  1.0580e-02	  2.3085e-03	  1.4081e-06	  2.1202e-02	  1.7969e-03	  5.9319e-04	  9.4576e-04	  6.3869e+03	  0.0000e+00	  1.4998e-01	  0.0000e+00	
  7.0968e+00	  7.0499e-03	  4.7606e-04	  1.0582e-02	  2.3088e-03	  1.4085e-06	  2.1207e-02	  1.7974e-03	  5.9323e-04	  9.4600e-04	  6.3879e+03	  0.0000e+00	  1.4998e-01	  0.0000e+00	
  7.0967e+00	  7.0507e-03	  4.7610e-04	  1.0583e-02	  2.3092e-03	  1.4089e-06	  2.1211e-02	  1.7978e-03	  5.9326e-04	  9.4623e-04	  6.3889e+03	  0.0000e+00	  1.4998e-01	  0.0000e+00	
  7.0966e+00	  7.0514e-03	  4.7613e-04	  1.0585e-02	  2.3095e-03	  1.4093e-06	  2.1214e-02	  1.7982e-03	  5.9330e-04	  9.4645e-04	  6.3898e+03	  0.0000e+00	  1.4998e-01	  0.0000e+00	
  7.0965e+00	  7.0521e-03	  4.7616e-04	  1.0586e-02	  2.3098e-03	  1.4097e-06	  2.1218e-02	  1.7985e-03	  5.9333e-04	  9.4667e-04	  6.3907e+03	  0.0000e+00	  1.4998e-01	  0.0000e+00	
  7.0964e+00	  7.0528e-03	  4.7619e-04	  1.0587e-02	  2.3101e-03	  1.4101e-06	  2.1222e-02	  1.7989e-03	  5.9337e-04	  9.4688e-04	  6.3916e+03	  0.0000e+00	  1.4998e-01	  0.0000e+00	
  7.0963e+00	  7.0535e-03	  4.7622e-04	  1.0589e-02	  2.3104e-03	  1.4105e-06	  2.1225e-02	  1.7992e-03	  5.9340e-04	  9.4708e-04	  6.3924e+03	  0.0000e+00	  1.4998e-01	  0.0000e+00	
  7.0962e+00	  7.0542e-03	  4.7625e-04	  1.0590e-02	  2.3107e-03	  1.4108e-06	  2.1228e-02	  1.7996e-03	  5.9343e-04	  9.4727e-04	  6.3932e+03	  0.0000e+00	  1.4998e-01	  0.0000e+00	
  7.0961e+00	  7.0548e-03	  4.7628e-04	  1.0591e-02	  2.3110e-03	  1.4111e-06	  2.1232e-02	  1.7999e-03	  5.9346e-04	  9.4746e-04	  6.3940e+03	  0.0000e+00	  1.4998e-01	  0.0000e+00	
  7.0960e+00	  7.0554e-03	  4.7630e-04	  1.0593e-02	  2.3112e-03	  1.4115e-06	  2.1235e-02	  1.8002e-03	  5.9349e-04	  9.4764e-04	  6.3947e+03	  0.0000e+00	  1.4998e-01	  0.0000e+00	
  7.0959e+00	  7.0560e-03	  4.7633e-04	  1.0594e-02	  2.3115e-03	  1.4118e-06	  2.1238e-02	  1.8005e-03	  5.9352e-04	  9.4782e-04	  6.3955e+03	  0.0000e+00	  1.4998e-01	  0.0000e+00	
  7.0958e+00	  7.0566e-03	  4.7635e-04	  1.0595e-02	  2.3117e-03	  1.4121e-06	  2.1241e-02	  1.8008e-03	  5.9354e-04	  9.4798e-04	  6.3962e+03	  0.0000e+00	  1.4998e-01	  0.0000e+00	
  7.0957e+00	  7.0571e-03	  4.7638e-04	  1.0596e-02	  2.3120e-03	  1.4124e-06	  2.1243e-02	  1.8011e-03	  5.9357e-04	  9.4815e-04	  6.3968e+03	  0.0000e+00	  1.4998e-01	  0.0000e+00	
  7.0957e+00	  7.0576e-03	  4.7640e-04	  1.0597e-02	  2.3122e-03	  1.4127e-06	  2.1246e-02	  1.8014e-03	  5.9359e-04	  9.4830e-04	  6.3975e+03	  0.0000e+00	  1.4998e-01	  0.0000e+00	
  7.0956e+00	  7.0582e-03	  4.7642e-04	  1.0598e-02	  2.3124e-03	  1.4129e-06	  2.1249e-02	  1.8017e-03	  5.9362e-04	  9.4846e-04	  6.3981e+03	  0.0000e+00	  1.4998e-01	  0.0000e+00	
  7.0955e+00	  7.0587e-03	  4.7645e-04	  1.0599e-02	  2.3126e-03	  1.4132e-06	  2.1251e-02	  1.8019e-03	  5.9364e-04	  9.4860e-04	  6.3987e+03	  0.0000e+00	  1.4998e-01	  0.0000e+00	
  7.0954e+00	  7.0591e-03	  4.7647e-04	  1.0600e-02	  2.3128e-03	  1.4135e-06	  2.1254e-02	  1.8022e-03	  5.9366e-04	  9.4874e-04	  6.3993e+03	  0.0000e+00	  1.4998e-01	  0.0000e+00	
  7.0954e+00	  7.0596e-03	  4.7649e-04	  1.0601e-02	  2.3130e-03	  1.4137e-06	  2.1256e-02	  1.8024e-03	  5.9368e-04	  9.4888e-04	  6.3999e+03	  0.0000e+00	  1.4998e-01	  0.0000e+00	
  7.0953e+00	  7.0600e-03	  4.7651e-04	  1.0602e-02	  2.3132e-03	  1.4140e-06	  2.1258e-02	  1.8026e-03	  5.9371e-04	  9.4901e-04	  6.4004e+03	  0.0000e+00	  1.4998e-01	  0.0000e+00	
  7.0952e+00	  7.0605e-03	  4.7653e-04	  1.0603e-02	  2.3134e-03	  1.4142e-06	  2.1260e-02	  1.8029e-03	  5.9373e-04	  9.4914e-04	  6.4010e+03	  0.0000e+00	  1.4998e-01	  0.0000e+00	
  7.0952e+00	  7.0609e-03	  4.7654e-04	  1.0603e-02	  2.3136e-03	  1.4144e-06	  2.1263e-02	  1.8031e-03	  5.9375e-04	  9.4926e-04	  6.4015e+03	  0.0000e+00	  1.4998e-01	  0.0000e+00	
  7.0951e+00	  7.0613e-03	  4.7656e-04	  1.0604e-02	  2.3138e-03	  1.4146e-06	  2.1265e-02	  1.8033e-03	  5.9376e-04	  9.4938e-04	  6.4020e+03	  0.0000e+00	  1.4998e-01	  0.0000e+00	
  7.0951e+00	  7.0617e-03	  4.7658e-04	  1.0605e-02	  2.3140e-03	  1.4148e-06	  2.1267e-02	  1.8035e-03	  5.9378e-04	  9.4950e-04	  6.4025e+03	  0.0000e+00	  1.4998e-01	  0.0000e+00	
  7.0950e+00	  7.0620e-03	  4.7659e-04	  1.0606e-02	  2.3141e-03	  1.4150e-06	  2.1268e-02	  1.8037e-03	  5.9380e-04	  9.4961e-04	  6.4029e+03	  0.0000e+00	  1.4998e-01	  0.0000e+00	
  7.0950e+00	  7.0624e-03	  4.7661e-04	  1.0606e-02	  2.3143e-03	  1.4152e-06	  2.1270e-02	  1.8039e-03	  5.9382e-04	  9.4971e-04	  6.4034e+03	  0.0000e+00	  1.4998e-01	  0.0000e+00	
  7.0949e+00	  7.0628e-03	  4.7663e-04	  1.0607e-02	  2.3144e-03	  1.4154e-06	  2.1272e-02	  1.8040e-03	  5.9383e-04	  9.4982e-04	  6.4038e+03	  0.0000e+00	  1.4998e-01	  0.0000e+00	
  7.0949e+00	  7.0631e-03	  4.7664e-04	  1.0608e-02	  2.3146e-03	  1.4156e-06	  2.1274e-02	  1.8042e-03	  5.9385e-04	  9.4992e-04	  6.4042e+03	  0.0000e+00	  1.4998e-01	  0.0000e+00	
  7.0948e+00	  7.0634e-03	  4.7665e-04	  1.0608e-02	  2.3147e-03	  1.4158e-06	  2.1275e-02	  1.8044e-03	  5.9386e-04	  9.5001e-04	  6.4046e+03	  0.0000e+00	  1.4998e-01	  0.0000e+00	
  7.0948e+00	  7.0637e-03	  4.7667e-04	  1.0609e-02	  2.3148e-03	  1.4159e-06	  2.1277e-02	  1.8045e-03	  5.9388e-04	  9.5011e-04	  6.4050e+03	  0.0000e+00	  1.4998e-01	  0.0000e+00	
  7.0947e+00	  7.0640e-03	  4.7668e-04	  1.0610e-02	  2.3150e-03	  1.4161e-06	  2.1279e-02	  1.8047e-03	  5.9389e-04	  9.5020e-04	  6.4054e+03	  0.0000e+00	  1.4998e-01	  0.0000e+00	
  7.0947e+00	  7.0643e-03	  4.7669e-04	  1.0610e-02	  2.3151e-03	  1.4163e-06	  2.1280e-02	  1.8049e-03	  5.9391e-04	  9.5028e-04	  6.4057e+03	  0.0000e+00	  1.4998e-01	  0.0000e+00	
  7.0946e+00	  7.0646e-03	  4.7671e-04	  1.0611e-02	  2.3152e-03	  1.4164e-06	  2.1281e-02	  1.8050e-03	  5.9392e-04	  9.5037e-04	  6.4061e+03	  0.0000e+00	  1.4998e-01	  0.0000e+00	
  7.0946e+00	  7.0649e-03	  4.7672e-04	  1.0611e-02	  2.3153e-03	  1.4166e-06	  2.1283e-02	  1.8051e-03	  5.9393e-04	  9.5045e-04	  6.4064e+03	  0.0000e+00	  1.4998e-01	  0.0000e+00	
  7.0946e+00	  7.0651e-03	  4.7673e-04	  1.0612e-02	  2.3155e-03	  1.4167e-06	  2.1284e-02	  1.8053e-03	  5.9395e-04	  9.5053e-04	  6.4068e+03	  0.0000e+00	  1.4998e-01	  0.0000e+00	
  7.0945e+00	  7.0654e-03	  4.7674e-04	  1.0612e-02	  2.3156e-03	  1.4168e-06	  2.1286e-02	  1.8054e-03	  5.9396e-04	  9.5060e-04	  6.4071e+03	  0.0000e+00	  1.4998e-01	  0.0000e+00	
  7.0945e+00	  7.0656e-03	  4.7675e-04	  1.0613e-02	  2.3157e-03	  1.4170e-06	  2.1287e-02	  1.8055e-03	  5.9397e-04	  9.5067e-04	  6.4074e+03	  0.0000e+00	  1.4998e-01	  0.0000e+00	
  7.0945e+00	  7.0659e-03	  4.7676e-04	  1.0613e-02	  2.3158e-03	  1.4171e-06	  2.1288e-02	  1.8057e-03	  5.9398e-04	  9.5074e-04	  6.4077e+03	  0.0000e+00	  1.4998e-01	  0.0000e+00	
  7.0944e+00	  7.0661e-03	  4.7677e-04	  1.0614e-02	  2.3159e-03	  1.4172e-06	  2.1289e-02	  1.8058e-03	  5.9399e-04	  9.5081e-04	  6.4079e+03	  0.0000e+00	  1.4998e-01	  0.0000e+00	
  7.0944e+00	  7.0663e-03	  4.7678e-04	  1.0614e-02	  2.3160e-03	  1.4173e-06	  2.1290e-02	  1.8059e-03	  5.9400e-04	  9.5088e-04	  6.4082e+03	  0.0000e+00	  1.4998e-01	  0.0000e+00	
  7.0944e+00	  7.0665e-03	  4.7679e-04	  1.0615e-02	  2.3161e-03	  1.4174e-06	  2.1291e-02	  1.8060e-03	  5.9401e-04	  9.5094e-04	  6.4085e+03	  0.0000e+00	  1.4998e-01	  0.0000e+00	
  7.0943e+00	  7.0667e-03	  4.7680e-04	  1.0615e-02	  2.3162e-03	  1.4176e-06	  2.1292e-02	  1.8061e-03	  5.9402e-04	  9.5100e-04	  6.4087e+03	  0.0000e+00	  1.4998e-01	  0.0000e+00	
  7.0943e+00	  7.0669e-03	  4.7681e-04	  1.0615e-02	  2.3162e-03	  1.4177e-06	  2.1293e-02	  1.8062e-03	  5.9403e-04	  9.5106e-04	  6.4090e+03	  0.0000e+00	  1.4998e-01	  0.0000e+00	
  7.0943e+00	  7.0671e-03	  4.7682e-04	  1.0616e-02	  2.3163e-03	  1.4178e-06	  2.1294e-02	  1.8063e-03	  5.9404e-04	  9.5112e-04	  6.4092e+03	  0.0000e+00	  1.4998e-01	  0.0000e+00	
  7.0942e+00	  7.0673e-03	  4.7683e-04	  1.0616e-02	  2.3164e-03	  1.4179e-06	  2.1295e-02	  1.8064e-03	  5.9405e-04	  9.5117e-04	  6.4094e+03	  0.0000e+00	  1.4998e-01	  0.0000e+00	
  7.0942e+00	  7.0675e-03	  4.7683e-04	  1.0616e-02	  2.3165e-03	  1.4180e-06	  2.1296e-02	  1.8065e-03	  5.9406e-04	  9.5123e-04	  6.4097e+03	  0.0000e+00	  1.4998e-01	  0.0000e+00	
  7.0942e+00	  7.0677e-03	  4.7684e-04	  1.0617e-02	  2.3166e-03	  1.4181e-06	  2.1297e-02	  1.8066e-03	  5.9407e-04	  9.5128e-04	  6.4099e+03	  0.0000e+00	  1.4998e-01	  0.0000e+00	
  7.0942e+00	  7.0678e-03	  4.7685e-04	  1.0617e-02	  2.3166e-03	  1.4181e-06	  2.1298e-02	  1.8067e-03	  5.9407e-04	  9.5133e-04	  6.4101e+03	  0.0000e+00	  1.4998e-01	  0.0000e+00	
  7.0941e+00	  7.0680e-03	  4.7686e-04	  1.0617e-02	  2.3167e-03	  1.4182e-06	  2.1299e-02	  1.8068e-03	  5.9408e-04	  9.5137e-04	  6.4103e+03	  0.0000e+00	  1.4998e-01	  0.0000e+00	
  7.0941e+00	  7.0682e-03	  4.7686e-04	  1.0618e-02	  2.3168e-03	  1.4183e-06	  2.1300e-02	  1.8068e-03	  5.9409e-04	  9.5142e-04	  6.4105e+03	  0.0000e+00	  1.4998e-01	  0.0000e+00	
  7.0941e+00	  7.0683e-03	  4.7687e-04	  1.0618e-02	  2.3168e-03	  1.4184e-06	  2.1300e-02	  1.8069e-03	  5.9409e-04	  9.5146e-04	  6.4107e+03	  0.0000e+00	  1.4998e-01	  0.0000e+00	
  7.0941e+00	  7.0684e-03	  4.7688e-04	  1.0618e-02	  2.3169e-03	  1.4185e-06	  2.1301e-02	  1.8070e-03	  5.9410e-04	  9.5151e-04	  6.4108e+03	  0.0000e+00	  1.4998e-01	  0.0000e+00	
  7.0941e+00	  7.0686e-03	  4.7688e-04	  1.0619e-02	  2.3170e-03	  1.4185e-06	  2.1302e-02	  1.8071e-03	  5.9411e-04	  9.5155e-04	  6.4110e+03	  0.0000e+00	  1.4998e-01	  0.0000e+00	
  7.0940e+00	  7.0687e-03	  4.7689e-04	  1.0619e-02	  2.3170e-03	  1.4186e-06	  2.1302e-02	  1.8071e-03	  5.9411e-04	  9.5159e-04	  6.4112e+03	  0.0000e+00	  1.4998e-01	  0.0000e+00	
  7.0940e+00	  7.0689e-03	  4.7689e-04	  1.0619e-02	  2.3171e-03	  1.4187e-06	  2.1303e-02	  1.8072e-03	  5.9412e-04	  9.5163e-04	  6.4113e+03	  0.0000e+00	  1.4998e-01	  0.0000e+00	
  7.0940e+00	  7.0690e-03	  4.7690e-04	  1.0619e-02	  2.3171e-03	  1.4188e-06	  2.1304e-02	  1.8073e-03	  5.9413e-04	  9.5167e-04	  6.4115e+03	  0.0000e+00	  1.4998e-01	  0.0000e+00	
  7.0940e+00	  7.0691e-03	  4.7690e-04	  1.0620e-02	  2.3172e-03	  1.4188e-06	  2.1304e-02	  1.8073e-03	  5.9413e-04	  9.5170e-04	  6.4117e+03	  0.0000e+00	  1.4998e-01	  0.0000e+00	
  7.0940e+00	  7.0692e-03	  4.7691e-04	  1.0620e-02	  2.3172e-03	  1.4189e-06	  2.1305e-02	  1.8074e-03	  5.9414e-04	  9.5174e-04	  6.4118e+03	  0.0000e+00	  1.4998e-01	  0.0000e+00	
  7.0940e+00	  7.0693e-03	  4.7691e-04	  1.0620e-02	  2.3173e-03	  1.4190e-06	  2.1306e-02	  1.8075e-03	  5.9414e-04	  9.5177e-04	  6.4119e+03	  0.0000e+00	  1.4998e-01	  0.0000e+00	
  7.0939e+00	  7.0694e-03	  4.7692e-04	  1.0620e-02	  2.3173e-03	  1.4190e-06	  2.1306e-02	  1.8075e-03	  5.9415e-04	  9.5180e-04	  6.4121e+03	  0.0000e+00	  1.4998e-01	  0.0000e+00	
  7.0939e+00	  7.0695e-03	  4.7692e-04	  1.0621e-02	  2.3174e-03	  1.4191e-06	  2.1307e-02	  1.8076e-03	  5.9415e-04	  9.5183e-04	  6.4122e+03	  0.0000e+00	  1.4998e-01	  0.0000e+00	
  7.0939e+00	  7.0697e-03	  4.7693e-04	  1.0621e-02	  2.3174e-03	  1.4191e-06	  2.1307e-02	  1.8076e-03	  5.9416e-04	  9.5186e-04	  6.4123e+03	  0.0000e+00	  1.4998e-01	  0.0000e+00	
  7.0939e+00	  7.0697e-03	  4.7693e-04	  1.0621e-02	  2.3175e-03	  1.4192e-06	  2.1308e-02	  1.8077e-03	  5.9416e-04	  9.5189e-04	  6.4125e+03	  0.0000e+00	  1.4998e-01	  0.0000e+00	
  7.0939e+00	  7.0698e-03	  4.7694e-04	  1.0621e-02	  2.3175e-03	  1.4192e-06	  2.1308e-02	  1.8077e-03	  5.9417e-04	  9.5192e-04	  6.4126e+03	  0.0000e+00	  1.4998e-01	  0.0000e+00	
  7.0939e+00	  7.0699e-03	  4.7694e-04	  1.0621e-02	  2.3176e-03	  1.4193e-06	  2.1309e-02	  1.8078e-03	  5.9417e-04	  9.5195e-04	  6.4127e+03	  0.0000e+00	  1.4998e-01	  0.0000e+00	
