          pH	          Na	           K	          Ca	          Mg	         PO4	          Cl	         SO4	         NH4	        HCO3	          sc	         FeS	      Pyrite	     Calcite	       CaPO4	      Fe3PO4	     CaMgCO3	
  6.6644e+00	  4.1755e-03	  3.3043e-04	  4.8964e-03	  1.0614e-03	  4.1174e-05	  6.0679e-03	  1.8024e-04	  4.2255e-04	  9.0118e-06	  2.5751e+03	  0.0000e+00	  0.0000e+00	  0.0000e+00	  0.0000e+00	  0.0000e+00	  0.0000e+00	
  6.6644e+00	  4.1755e-03	  3.3043e-04	  4.8964e-03	  1.0614e-03	  4.1174e-05	  6.0679e-03	  1.8024e-04	  4.2255e-04	  9.0118e-06	  2.5751e+03	  0.0000e+00	  0.0000e+00	  0.0000e+00	  0.0000e+00	  0.0000e+00	  0.0000e+00	
  6.7261e+00	  1.2770e-02	  4.8382e-04	  6.6354e-03	  1.4039e-03	  1.0157e-05	  1.5775e-02	  1.1503e-03	  4.2505e-04	  1.5914e-03	  5.3032e+03	  6.7416e-02	  1.1629e-01	  0.0000e+00	  1.9642e-01	  2.0539e-01	  0.0000e+00	
  6.6947e+00	  2.1085e-02	  6.3168e-04	  7.9028e-03	  1.6858e-03	  1.0666e-05	  2.5142e-02	  2.0868e-03	  4.2617e-04	  2.0999e-03	  7.7060e+03	  7.0837e-02	  1.1458e-01	  0.0000e+00	  1.9681e-01	  2.0481e-01	  0.0000e+00	
  6.6668e+00	  2.9128e-02	  7.7471e-04	  9.1136e-03	  1.9584e-03	  1.1150e-05	  3.4187e-02	  2.9912e-03	  4.2704e-04	  2.5876e-03	  9.9668e+03	  7.4105e-02	  1.1295e-01	  0.0000e+00	  1.9717e-01	  2.0426e-01	  0.0000e+00	
  6.6419e+00	  3.6906e-02	  9.1300e-04	  1.0272e-02	  2.2224e-03	  1.1617e-05	  4.2920e-02	  3.8643e-03	  4.2775e-04	  3.0556e-03	  1.2103e+04	  7.7229e-02	  1.1138e-01	  0.0000e+00	  1.9752e-01	  2.0373e-01	  0.0000e+00	
  6.6194e+00	  4.4424e-02	  1.0467e-03	  1.1382e-02	  2.4784e-03	  1.2070e-05	  5.1353e-02	  4.7075e-03	  4.2833e-04	  3.5048e-03	  1.4129e+04	  8.0218e-02	  1.0989e-01	  0.0000e+00	  1.9786e-01	  2.0323e-01	  0.0000e+00	
  6.5989e+00	  5.1689e-02	  1.1758e-03	  1.2447e-02	  2.7267e-03	  1.2510e-05	  5.9495e-02	  5.5216e-03	  4.2882e-04	  3.9362e-03	  1.6053e+04	  8.3078e-02	  1.0846e-01	  0.0000e+00	  1.9818e-01	  2.0275e-01	  0.0000e+00	
  6.5802e+00	  5.8709e-02	  1.3006e-03	  1.3468e-02	  2.9676e-03	  1.2938e-05	  6.7357e-02	  6.3076e-03	  4.2924e-04	  4.3504e-03	  1.7885e+04	  8.5816e-02	  1.0709e-01	  0.0000e+00	  1.9849e-01	  2.0229e-01	  0.0000e+00	
  6.5630e+00	  6.5491e-02	  1.4212e-03	  1.4448e-02	  3.2014e-03	  1.3354e-05	  7.4948e-02	  7.0667e-03	  4.2961e-04	  4.7483e-03	  1.9630e+04	  8.8439e-02	  1.0578e-01	  0.0000e+00	  1.9878e-01	  2.0185e-01	  0.0000e+00	
  6.5470e+00	  7.2043e-02	  1.5377e-03	  1.5390e-02	  3.4282e-03	  1.3760e-05	  8.2278e-02	  7.7996e-03	  4.2992e-04	  5.1306e-03	  2.1296e+04	  9.0952e-02	  1.0452e-01	  0.0000e+00	  1.9906e-01	  2.0142e-01	  0.0000e+00	
  6.5322e+00	  7.8371e-02	  1.6502e-03	  1.6295e-02	  3.6484e-03	  1.4154e-05	  8.9355e-02	  8.5073e-03	  4.3020e-04	  5.4980e-03	  2.2888e+04	  9.3360e-02	  1.0332e-01	  0.0000e+00	  1.9933e-01	  2.0102e-01	  0.0000e+00	
  6.5185e+00	  8.4485e-02	  1.7589e-03	  1.7165e-02	  3.8620e-03	  1.4538e-05	  9.6189e-02	  9.1906e-03	  4.3045e-04	  5.8511e-03	  2.4409e+04	  9.5670e-02	  1.0216e-01	  0.0000e+00	  1.9959e-01	  2.0063e-01	  0.0000e+00	
  6.5056e+00	  9.0389e-02	  1.8639e-03	  1.8001e-02	  4.0692e-03	  1.4910e-05	  1.0279e-01	  9.8504e-03	  4.3068e-04	  6.1906e-03	  2.5865e+04	  9.7886e-02	  1.0106e-01	  0.0000e+00	  1.9984e-01	  2.0025e-01	  0.0000e+00	
  6.4936e+00	  9.6092e-02	  1.9653e-03	  1.8806e-02	  4.2703e-03	  1.5273e-05	  1.0916e-01	  1.0488e-02	  4.3088e-04	  6.5169e-03	  2.7258e+04	  1.0001e-01	  9.9994e-02	  0.0000e+00	  2.0008e-01	  1.9989e-01	  0.0000e+00	
  6.4823e+00	  1.0160e-01	  2.0632e-03	  1.9579e-02	  4.4654e-03	  1.5625e-05	  1.1531e-01	  1.1103e-02	  4.3106e-04	  6.8306e-03	  2.8593e+04	  1.0205e-01	  9.8974e-02	  0.0000e+00	  2.0031e-01	  1.9955e-01	  0.0000e+00	
  6.4717e+00	  1.0692e-01	  2.1578e-03	  2.0324e-02	  4.6545e-03	  1.5968e-05	  1.2125e-01	  1.1697e-02	  4.3123e-04	  7.1323e-03	  2.9872e+04	  1.0401e-01	  9.7995e-02	  0.0000e+00	  2.0053e-01	  1.9922e-01	  0.0000e+00	
  6.4617e+00	  1.1206e-01	  2.2492e-03	  2.1040e-02	  4.8380e-03	  1.6300e-05	  1.2699e-01	  1.2270e-02	  4.3138e-04	  7.4225e-03	  3.1099e+04	  1.0589e-01	  9.7055e-02	  0.0000e+00	  2.0074e-01	  1.9890e-01	  0.0000e+00	
  6.4522e+00	  1.1702e-01	  2.3374e-03	  2.1730e-02	  5.0160e-03	  1.6623e-05	  1.3253e-01	  1.2824e-02	  4.3152e-04	  7.7016e-03	  3.2275e+04	  1.0769e-01	  9.6152e-02	  0.0000e+00	  2.0094e-01	  1.9860e-01	  0.0000e+00	
  6.4433e+00	  1.2181e-01	  2.4226e-03	  2.2393e-02	  5.1885e-03	  1.6937e-05	  1.3788e-01	  1.3359e-02	  4.3164e-04	  7.9700e-03	  3.3404e+04	  1.0943e-01	  9.5285e-02	  0.0000e+00	  2.0114e-01	  1.9831e-01	  0.0000e+00	
  6.4348e+00	  1.2644e-01	  2.5049e-03	  2.3032e-02	  5.3557e-03	  1.7242e-05	  1.4304e-01	  1.3875e-02	  4.3176e-04	  8.2283e-03	  3.4488e+04	  1.1109e-01	  9.4452e-02	  0.0000e+00	  2.0133e-01	  1.9803e-01	  0.0000e+00	
  6.4268e+00	  1.3091e-01	  2.5843e-03	  2.3648e-02	  5.5179e-03	  1.7537e-05	  1.4803e-01	  1.4374e-02	  4.3187e-04	  8.4768e-03	  3.5528e+04	  1.1269e-01	  9.3652e-02	  0.0000e+00	  2.0151e-01	  1.9776e-01	  0.0000e+00	
  6.4193e+00	  1.3522e-01	  2.6611e-03	  2.4240e-02	  5.6750e-03	  1.7824e-05	  1.5284e-01	  1.4855e-02	  4.3197e-04	  8.7159e-03	  3.6528e+04	  1.1423e-01	  9.2882e-02	  0.0000e+00	  2.0168e-01	  1.9750e-01	  0.0000e+00	
  6.4121e+00	  1.3939e-01	  2.7352e-03	  2.4811e-02	  5.8272e-03	  1.8102e-05	  1.5749e-01	  1.5320e-02	  4.3206e-04	  8.9460e-03	  3.7488e+04	  1.1571e-01	  9.2143e-02	  0.0000e+00	  2.0184e-01	  1.9725e-01	  0.0000e+00	
  6.4052e+00	  1.4341e-01	  2.8067e-03	  2.5361e-02	  5.9748e-03	  1.8372e-05	  1.6198e-01	  1.5769e-02	  4.3215e-04	  9.1674e-03	  3.8410e+04	  1.1713e-01	  9.1432e-02	  0.0000e+00	  2.0200e-01	  1.9701e-01	  0.0000e+00	
  6.3987e+00	  1.4730e-01	  2.8758e-03	  2.5890e-02	  6.1177e-03	  1.8634e-05	  1.6632e-01	  1.6203e-02	  4.3223e-04	  9.3806e-03	  3.9297e+04	  1.1850e-01	  9.0748e-02	  0.0000e+00	  2.0216e-01	  1.9678e-01	  0.0000e+00	
  6.3925e+00	  1.5105e-01	  2.9426e-03	  2.6401e-02	  6.2562e-03	  1.8888e-05	  1.7050e-01	  1.6621e-02	  4.3231e-04	  9.5857e-03	  4.0150e+04	  1.1982e-01	  9.0091e-02	  0.0000e+00	  2.0231e-01	  1.9655e-01	  0.0000e+00	
  6.3866e+00	  1.5468e-01	  3.0070e-03	  2.6892e-02	  6.3903e-03	  1.9134e-05	  1.7454e-01	  1.7025e-02	  4.3238e-04	  9.7832e-03	  4.0970e+04	  1.2108e-01	  8.9458e-02	  0.0000e+00	  2.0245e-01	  1.9634e-01	  0.0000e+00	
  6.3810e+00	  1.5818e-01	  3.0693e-03	  2.7366e-02	  6.5202e-03	  1.9373e-05	  1.7845e-01	  1.7416e-02	  4.3245e-04	  9.9733e-03	  4.1758e+04	  1.2230e-01	  8.8850e-02	  0.0000e+00	  2.0258e-01	  1.9614e-01	  0.0000e+00	
  6.3756e+00	  1.6156e-01	  3.1294e-03	  2.7823e-02	  6.6460e-03	  1.9604e-05	  1.8221e-01	  1.7793e-02	  4.3251e-04	  1.0156e-02	  4.2517e+04	  1.2347e-01	  8.8264e-02	  0.0000e+00	  2.0272e-01	  1.9594e-01	  0.0000e+00	
  6.3705e+00	  1.6482e-01	  3.1874e-03	  2.8263e-02	  6.7678e-03	  1.9829e-05	  1.8585e-01	  1.8156e-02	  4.3257e-04	  1.0333e-02	  4.3247e+04	  1.2460e-01	  8.7701e-02	  0.0000e+00	  2.0284e-01	  1.9575e-01	  0.0000e+00	
  6.3656e+00	  1.6797e-01	  3.2434e-03	  2.8687e-02	  6.8857e-03	  2.0046e-05	  1.8937e-01	  1.8508e-02	  4.3263e-04	  1.0502e-02	  4.3949e+04	  1.2568e-01	  8.7159e-02	  0.0000e+00	  2.0296e-01	  1.9557e-01	  0.0000e+00	
  6.3609e+00	  1.7102e-01	  3.2976e-03	  2.9096e-02	  6.9999e-03	  2.0256e-05	  1.9276e-01	  1.8847e-02	  4.3268e-04	  1.0666e-02	  4.4625e+04	  1.2672e-01	  8.6637e-02	  0.0000e+00	  2.0308e-01	  1.9539e-01	  0.0000e+00	
  6.3564e+00	  1.7395e-01	  3.3498e-03	  2.9490e-02	  7.1104e-03	  2.0460e-05	  1.9604e-01	  1.9175e-02	  4.3273e-04	  1.0823e-02	  4.5276e+04	  1.2773e-01	  8.6135e-02	  0.0000e+00	  2.0319e-01	  1.9522e-01	  0.0000e+00	
  6.3521e+00	  1.7679e-01	  3.4003e-03	  2.9862e-02	  7.2158e-03	  2.0663e-05	  1.9920e-01	  1.9491e-02	  4.3277e-04	  1.0944e-02	  4.5901e+04	  1.2867e-01	  8.5662e-02	  3.2545e-05	  2.0330e-01	  1.9506e-01	  0.0000e+00	
  6.3480e+00	  1.7953e-01	  3.4490e-03	  3.0209e-02	  7.3155e-03	  2.0868e-05	  2.0226e-01	  1.9797e-02	  4.3282e-04	  1.1016e-02	  4.6500e+04	  1.2955e-01	  8.5224e-02	  1.1088e-04	  2.0340e-01	  1.9491e-01	  0.0000e+00	
  6.3441e+00	  1.8218e-01	  3.4961e-03	  3.0545e-02	  7.4121e-03	  2.1066e-05	  2.0521e-01	  2.0092e-02	  4.3286e-04	  1.1085e-02	  4.7077e+04	  1.3039e-01	  8.4801e-02	  1.8636e-04	  2.0349e-01	  1.9477e-01	  0.0000e+00	
  6.3403e+00	  1.8474e-01	  3.5415e-03	  3.0868e-02	  7.5056e-03	  2.1258e-05	  2.0805e-01	  2.0376e-02	  4.3290e-04	  1.1152e-02	  4.7633e+04	  1.3121e-01	  8.4395e-02	  2.5908e-04	  2.0359e-01	  1.9463e-01	  0.0000e+00	
  6.3367e+00	  1.8720e-01	  3.5854e-03	  3.1180e-02	  7.5961e-03	  2.1443e-05	  2.1080e-01	  2.0651e-02	  4.3294e-04	  1.1216e-02	  4.8168e+04	  1.3199e-01	  8.4004e-02	  3.2915e-04	  2.0367e-01	  1.9450e-01	  0.0000e+00	
  6.3333e+00	  1.8959e-01	  3.6278e-03	  3.1481e-02	  7.6837e-03	  2.1623e-05	  2.1346e-01	  2.0917e-02	  4.3297e-04	  1.1278e-02	  4.8684e+04	  1.3274e-01	  8.3628e-02	  3.9667e-04	  2.0376e-01	  1.9437e-01	  0.0000e+00	
  6.3300e+00	  1.9189e-01	  3.6687e-03	  3.1771e-02	  7.7685e-03	  2.1797e-05	  2.1603e-01	  2.1173e-02	  4.3301e-04	  1.1339e-02	  4.9181e+04	  1.3347e-01	  8.3265e-02	  4.6172e-04	  2.0384e-01	  1.9425e-01	  0.0000e+00	
  6.3268e+00	  1.9411e-01	  3.7082e-03	  3.2051e-02	  7.8506e-03	  2.1965e-05	  2.1850e-01	  2.1421e-02	  4.3304e-04	  1.1397e-02	  4.9660e+04	  1.3417e-01	  8.2916e-02	  5.2442e-04	  2.0392e-01	  1.9413e-01	  0.0000e+00	
  6.3237e+00	  1.9625e-01	  3.7463e-03	  3.2321e-02	  7.9299e-03	  2.2128e-05	  2.2089e-01	  2.1660e-02	  4.3307e-04	  1.1453e-02	  5.0121e+04	  1.3484e-01	  8.2580e-02	  5.8484e-04	  2.0399e-01	  1.9402e-01	  0.0000e+00	
  6.3208e+00	  1.9833e-01	  3.7832e-03	  3.2582e-02	  8.0068e-03	  2.2286e-05	  2.2320e-01	  2.1891e-02	  4.3310e-04	  1.1507e-02	  5.0566e+04	  1.3549e-01	  8.2256e-02	  6.4307e-04	  2.0407e-01	  1.9391e-01	  0.0000e+00	
  6.3180e+00	  2.0033e-01	  3.8188e-03	  3.2833e-02	  8.0811e-03	  2.2438e-05	  2.2543e-01	  2.2114e-02	  4.3313e-04	  1.1560e-02	  5.0995e+04	  1.3611e-01	  8.1944e-02	  6.9919e-04	  2.0414e-01	  1.9381e-01	  0.0000e+00	
  6.3153e+00	  2.0226e-01	  3.8531e-03	  3.3076e-02	  8.1530e-03	  2.2586e-05	  2.2758e-01	  2.2329e-02	  4.3316e-04	  1.1611e-02	  5.1408e+04	  1.3671e-01	  8.1644e-02	  7.5329e-04	  2.0420e-01	  1.9370e-01	  0.0000e+00	
  6.3127e+00	  2.0412e-01	  3.8863e-03	  3.3310e-02	  8.2226e-03	  2.2729e-05	  2.2966e-01	  2.2537e-02	  4.3318e-04	  1.1660e-02	  5.1806e+04	  1.3729e-01	  8.1354e-02	  8.0543e-04	  2.0427e-01	  1.9361e-01	  0.0000e+00	
  6.3102e+00	  2.0593e-01	  3.9183e-03	  3.3536e-02	  8.2898e-03	  2.2867e-05	  2.3167e-01	  2.2738e-02	  4.3321e-04	  1.1707e-02	  5.2189e+04	  1.3785e-01	  8.1076e-02	  8.5570e-04	  2.0433e-01	  1.9351e-01	  0.0000e+00	
  6.3078e+00	  2.0766e-01	  3.9493e-03	  3.3754e-02	  8.3549e-03	  2.3000e-05	  2.3361e-01	  2.2932e-02	  4.3323e-04	  1.1752e-02	  5.2559e+04	  1.3838e-01	  8.0807e-02	  9.0415e-04	  2.0439e-01	  1.9342e-01	  0.0000e+00	
  6.3055e+00	  2.0934e-01	  3.9791e-03	  3.3964e-02	  8.4179e-03	  2.3130e-05	  2.3548e-01	  2.3119e-02	  4.3325e-04	  1.1797e-02	  5.2916e+04	  1.3890e-01	  8.0548e-02	  9.5086e-04	  2.0445e-01	  1.9333e-01	  0.0000e+00	
  6.3033e+00	  2.1097e-01	  4.0080e-03	  3.4167e-02	  8.4788e-03	  2.3255e-05	  2.3729e-01	  2.3300e-02	  4.3328e-04	  1.1839e-02	  5.3260e+04	  1.3940e-01	  8.0299e-02	  9.9589e-04	  2.0451e-01	  1.9325e-01	  0.0000e+00	
  6.3012e+00	  2.1253e-01	  4.0358e-03	  3.4363e-02	  8.5376e-03	  2.3376e-05	  2.3903e-01	  2.3474e-02	  4.3330e-04	  1.1880e-02	  5.3592e+04	  1.3988e-01	  8.0058e-02	  1.0393e-03	  2.0456e-01	  1.9317e-01	  0.0000e+00	
  6.2991e+00	  2.1404e-01	  4.0627e-03	  3.4552e-02	  8.5946e-03	  2.3492e-05	  2.4072e-01	  2.3642e-02	  4.3332e-04	  1.1920e-02	  5.3911e+04	  1.4034e-01	  7.9827e-02	  1.0812e-03	  2.0461e-01	  1.9309e-01	  0.0000e+00	
  6.2972e+00	  2.1550e-01	  4.0887e-03	  3.4735e-02	  8.6496e-03	  2.3606e-05	  2.4234e-01	  2.3805e-02	  4.3333e-04	  1.1958e-02	  5.4220e+04	  1.4079e-01	  7.9604e-02	  1.1215e-03	  2.0466e-01	  1.9302e-01	  0.0000e+00	
  6.2953e+00	  2.1691e-01	  4.1138e-03	  3.4911e-02	  8.7028e-03	  2.3715e-05	  2.4391e-01	  2.3962e-02	  4.3335e-04	  1.1995e-02	  5.4517e+04	  1.4122e-01	  7.9388e-02	  1.1605e-03	  2.0471e-01	  1.9294e-01	  0.0000e+00	
  6.2934e+00	  2.1828e-01	  4.1380e-03	  3.5081e-02	  8.7543e-03	  2.3821e-05	  2.4543e-01	  2.4114e-02	  4.3337e-04	  1.2031e-02	  5.4804e+04	  1.4164e-01	  7.9181e-02	  1.1980e-03	  2.0476e-01	  1.9287e-01	  0.0000e+00	
  6.2917e+00	  2.1959e-01	  4.1614e-03	  3.5245e-02	  8.8041e-03	  2.3923e-05	  2.4690e-01	  2.4260e-02	  4.3339e-04	  1.2066e-02	  5.5080e+04	  1.4204e-01	  7.8981e-02	  1.2342e-03	  2.0480e-01	  1.9281e-01	  0.0000e+00	
  6.2900e+00	  2.2086e-01	  4.1839e-03	  3.5403e-02	  8.8522e-03	  2.4022e-05	  2.4831e-01	  2.4402e-02	  4.3340e-04	  1.2099e-02	  5.5347e+04	  1.4242e-01	  7.8788e-02	  1.2691e-03	  2.0485e-01	  1.9274e-01	  0.0000e+00	
  6.2884e+00	  2.2209e-01	  4.2057e-03	  3.5556e-02	  8.8987e-03	  2.4117e-05	  2.4968e-01	  2.4538e-02	  4.3342e-04	  1.2132e-02	  5.5604e+04	  1.4279e-01	  7.8602e-02	  1.3027e-03	  2.0489e-01	  1.9268e-01	  0.0000e+00	
  6.2868e+00	  2.2327e-01	  4.2268e-03	  3.5703e-02	  8.9436e-03	  2.4210e-05	  2.5100e-01	  2.4670e-02	  4.3343e-04	  1.2163e-02	  5.5853e+04	  1.4315e-01	  7.8423e-02	  1.3352e-03	  2.0493e-01	  1.9262e-01	  0.0000e+00	
  6.2853e+00	  2.2441e-01	  4.2471e-03	  3.5846e-02	  8.9871e-03	  2.4299e-05	  2.5227e-01	  2.4798e-02	  4.3345e-04	  1.2193e-02	  5.6092e+04	  1.4350e-01	  7.8250e-02	  1.3665e-03	  2.0497e-01	  1.9256e-01	  0.0000e+00	
  6.2839e+00	  2.2552e-01	  4.2667e-03	  3.5983e-02	  9.0291e-03	  2.4385e-05	  2.5350e-01	  2.4921e-02	  4.3346e-04	  1.2222e-02	  5.6323e+04	  1.4383e-01	  7.8083e-02	  1.3967e-03	  2.0500e-01	  1.9250e-01	  0.0000e+00	
  6.2825e+00	  2.2658e-01	  4.2857e-03	  3.6116e-02	  9.0697e-03	  2.4469e-05	  2.5469e-01	  2.5039e-02	  4.3347e-04	  1.2250e-02	  5.6546e+04	  1.4415e-01	  7.7923e-02	  1.4258e-03	  2.0504e-01	  1.9245e-01	  0.0000e+00	
  6.2811e+00	  2.2761e-01	  4.3040e-03	  3.6244e-02	  9.1089e-03	  2.4550e-05	  2.5583e-01	  2.5154e-02	  4.3348e-04	  1.2277e-02	  5.6761e+04	  1.4446e-01	  7.7768e-02	  1.4539e-03	  2.0507e-01	  1.9240e-01	  0.0000e+00	
  6.2798e+00	  2.2861e-01	  4.3217e-03	  3.6367e-02	  9.1469e-03	  2.4628e-05	  2.5694e-01	  2.5265e-02	  4.3350e-04	  1.2303e-02	  5.6968e+04	  1.4476e-01	  7.7618e-02	  1.4810e-03	  2.0511e-01	  1.9235e-01	  0.0000e+00	
  6.2786e+00	  2.2957e-01	  4.3387e-03	  3.6486e-02	  9.1835e-03	  2.4703e-05	  2.5801e-01	  2.5372e-02	  4.3351e-04	  1.2329e-02	  5.7168e+04	  1.4505e-01	  7.7474e-02	  1.5071e-03	  2.0514e-01	  1.9230e-01	  0.0000e+00	
  6.2774e+00	  2.3049e-01	  4.3552e-03	  3.6602e-02	  9.2190e-03	  2.4776e-05	  2.5904e-01	  2.5475e-02	  4.3352e-04	  1.2353e-02	  5.7361e+04	  1.4533e-01	  7.7335e-02	  1.5324e-03	  2.0517e-01	  1.9225e-01	  0.0000e+00	
  6.2762e+00	  2.3139e-01	  4.3711e-03	  3.6713e-02	  9.2532e-03	  2.4846e-05	  2.6004e-01	  2.5575e-02	  4.3353e-04	  1.2377e-02	  5.7547e+04	  1.4560e-01	  7.7201e-02	  1.5567e-03	  2.0520e-01	  1.9220e-01	  0.0000e+00	
  6.2751e+00	  2.3225e-01	  4.3865e-03	  3.6820e-02	  9.2863e-03	  2.4914e-05	  2.6100e-01	  2.5671e-02	  4.3354e-04	  1.2399e-02	  5.7727e+04	  1.4585e-01	  7.7071e-02	  1.5802e-03	  2.0523e-01	  1.9216e-01	  0.0000e+00	
  6.2740e+00	  2.3309e-01	  4.4013e-03	  3.6924e-02	  9.3183e-03	  2.4980e-05	  2.6193e-01	  2.5764e-02	  4.3355e-04	  1.2421e-02	  5.7900e+04	  1.4610e-01	  7.6947e-02	  1.6028e-03	  2.0526e-01	  1.9212e-01	  0.0000e+00	
  6.2730e+00	  2.3389e-01	  4.4157e-03	  3.7024e-02	  9.3492e-03	  2.5044e-05	  2.6283e-01	  2.5853e-02	  4.3356e-04	  1.2443e-02	  5.8067e+04	  1.4634e-01	  7.6826e-02	  1.6246e-03	  2.0529e-01	  1.9208e-01	  0.0000e+00	
  6.2720e+00	  2.3467e-01	  4.4295e-03	  3.7120e-02	  9.3790e-03	  2.5105e-05	  2.6369e-01	  2.5940e-02	  4.3357e-04	  1.2463e-02	  5.8229e+04	  1.4658e-01	  7.6710e-02	  1.6457e-03	  2.0531e-01	  1.9204e-01	  0.0000e+00	
  6.2710e+00	  2.3542e-01	  4.4429e-03	  3.7213e-02	  9.4079e-03	  2.5165e-05	  2.6453e-01	  2.6024e-02	  4.3358e-04	  1.2483e-02	  5.8385e+04	  1.4680e-01	  7.6598e-02	  1.6660e-03	  2.0534e-01	  1.9200e-01	  0.0000e+00	
  6.2701e+00	  2.3615e-01	  4.4558e-03	  3.7303e-02	  9.4358e-03	  2.5222e-05	  2.6534e-01	  2.6105e-02	  4.3358e-04	  1.2502e-02	  5.8535e+04	  1.4702e-01	  7.6490e-02	  1.6856e-03	  2.0536e-01	  1.9196e-01	  0.0000e+00	
  6.2692e+00	  2.3685e-01	  4.4682e-03	  3.7390e-02	  9.4627e-03	  2.5277e-05	  2.6612e-01	  2.6183e-02	  4.3359e-04	  1.2521e-02	  5.8680e+04	  1.4723e-01	  7.6386e-02	  1.7046e-03	  2.0539e-01	  1.9193e-01	  0.0000e+00	
  6.2683e+00	  2.3752e-01	  4.4802e-03	  3.7474e-02	  9.4887e-03	  2.5331e-05	  2.6687e-01	  2.6258e-02	  4.3360e-04	  1.2538e-02	  5.8820e+04	  1.4743e-01	  7.6285e-02	  1.7228e-03	  2.0541e-01	  1.9190e-01	  0.0000e+00	
  6.2675e+00	  2.3818e-01	  4.4918e-03	  3.7555e-02	  9.5139e-03	  2.5383e-05	  2.6760e-01	  2.6331e-02	  4.3361e-04	  1.2556e-02	  5.8955e+04	  1.4762e-01	  7.6188e-02	  1.7405e-03	  2.0543e-01	  1.9186e-01	  0.0000e+00	
  6.2667e+00	  2.3881e-01	  4.5031e-03	  3.7633e-02	  9.5382e-03	  2.5433e-05	  2.6830e-01	  2.6401e-02	  4.3361e-04	  1.2572e-02	  5.9085e+04	  1.4781e-01	  7.6095e-02	  1.7575e-03	  2.0545e-01	  1.9183e-01	  0.0000e+00	
  6.2659e+00	  2.3942e-01	  4.5139e-03	  3.7708e-02	  9.5617e-03	  2.5481e-05	  2.6898e-01	  2.6469e-02	  4.3362e-04	  1.2588e-02	  5.9211e+04	  1.4799e-01	  7.6004e-02	  1.7739e-03	  2.0547e-01	  1.9180e-01	  0.0000e+00	
  6.2652e+00	  2.4000e-01	  4.5243e-03	  3.7781e-02	  9.5844e-03	  2.5528e-05	  2.6964e-01	  2.6534e-02	  4.3363e-04	  1.2604e-02	  5.9333e+04	  1.4816e-01	  7.5917e-02	  1.7897e-03	  2.0549e-01	  1.9177e-01	  0.0000e+00	
  6.2645e+00	  2.4057e-01	  4.5344e-03	  3.7851e-02	  9.6063e-03	  2.5573e-05	  2.7027e-01	  2.6597e-02	  4.3363e-04	  1.2619e-02	  5.9450e+04	  1.4833e-01	  7.5833e-02	  1.8050e-03	  2.0551e-01	  1.9174e-01	  0.0000e+00	
  6.2638e+00	  2.4112e-01	  4.5442e-03	  3.7919e-02	  9.6274e-03	  2.5616e-05	  2.7088e-01	  2.6659e-02	  4.3364e-04	  1.2633e-02	  5.9563e+04	  1.4849e-01	  7.5752e-02	  1.8197e-03	  2.0553e-01	  1.9172e-01	  0.0000e+00	
  6.2631e+00	  2.4165e-01	  4.5536e-03	  3.7985e-02	  9.6479e-03	  2.5659e-05	  2.7147e-01	  2.6718e-02	  4.3365e-04	  1.2647e-02	  5.9672e+04	  1.4865e-01	  7.5673e-02	  1.8339e-03	  2.0555e-01	  1.9169e-01	  0.0000e+00	
  6.2625e+00	  2.4216e-01	  4.5627e-03	  3.8048e-02	  9.6676e-03	  2.5699e-05	  2.7204e-01	  2.6774e-02	  4.3365e-04	  1.2661e-02	  5.9777e+04	  1.4880e-01	  7.5598e-02	  1.8477e-03	  2.0556e-01	  1.9166e-01	  0.0000e+00	
  6.2619e+00	  2.4265e-01	  4.5715e-03	  3.8109e-02	  9.6867e-03	  2.5739e-05	  2.7259e-01	  2.6829e-02	  4.3366e-04	  1.2674e-02	  5.9879e+04	  1.4895e-01	  7.5525e-02	  1.8609e-03	  2.0558e-01	  1.9164e-01	  0.0000e+00	
  6.2613e+00	  2.4313e-01	  4.5800e-03	  3.8168e-02	  9.7052e-03	  2.5777e-05	  2.7312e-01	  2.6883e-02	  4.3366e-04	  1.2687e-02	  5.9977e+04	  1.4909e-01	  7.5454e-02	  1.8737e-03	  2.0559e-01	  1.9162e-01	  0.0000e+00	
  6.2607e+00	  2.4359e-01	  4.5881e-03	  3.8225e-02	  9.7230e-03	  2.5813e-05	  2.7363e-01	  2.6934e-02	  4.3367e-04	  1.2699e-02	  6.0072e+04	  1.4922e-01	  7.5386e-02	  1.8861e-03	  2.0561e-01	  1.9159e-01	  0.0000e+00	
  6.2601e+00	  2.4403e-01	  4.5960e-03	  3.8280e-02	  9.7402e-03	  2.5849e-05	  2.7413e-01	  2.6983e-02	  4.3367e-04	  1.2711e-02	  6.0163e+04	  1.4936e-01	  7.5321e-02	  1.8980e-03	  2.0562e-01	  1.9157e-01	  0.0000e+00	
  6.2596e+00	  2.4446e-01	  4.6037e-03	  3.8333e-02	  9.7568e-03	  2.5883e-05	  2.7460e-01	  2.7031e-02	  4.3368e-04	  1.2722e-02	  6.0252e+04	  1.4948e-01	  7.5258e-02	  1.9095e-03	  2.0564e-01	  1.9155e-01	  0.0000e+00	
  6.2591e+00	  2.4488e-01	  4.6110e-03	  3.8384e-02	  9.7729e-03	  2.5916e-05	  2.7506e-01	  2.7077e-02	  4.3368e-04	  1.2733e-02	  6.0337e+04	  1.4960e-01	  7.5196e-02	  1.9206e-03	  2.0565e-01	  1.9153e-01	  0.0000e+00	
  6.2586e+00	  2.4528e-01	  4.6182e-03	  3.8433e-02	  9.7884e-03	  2.5948e-05	  2.7551e-01	  2.7122e-02	  4.3369e-04	  1.2743e-02	  6.0419e+04	  1.4972e-01	  7.5138e-02	  1.9313e-03	  2.0567e-01	  1.9151e-01	  0.0000e+00	
  6.2581e+00	  2.4566e-01	  4.6250e-03	  3.8481e-02	  9.8033e-03	  2.5979e-05	  2.7594e-01	  2.7165e-02	  4.3369e-04	  1.2754e-02	  6.0498e+04	  1.4984e-01	  7.5081e-02	  1.9416e-03	  2.0568e-01	  1.9149e-01	  0.0000e+00	
  6.2576e+00	  2.4604e-01	  4.6317e-03	  3.8527e-02	  9.8178e-03	  2.6009e-05	  2.7636e-01	  2.7206e-02	  4.3369e-04	  1.2764e-02	  6.0575e+04	  1.4995e-01	  7.5026e-02	  1.9516e-03	  2.0569e-01	  1.9147e-01	  0.0000e+00	
  6.2572e+00	  2.4640e-01	  4.6381e-03	  3.8571e-02	  9.8318e-03	  2.6037e-05	  2.7676e-01	  2.7246e-02	  4.3370e-04	  1.2773e-02	  6.0649e+04	  1.5005e-01	  7.4973e-02	  1.9612e-03	  2.0570e-01	  1.9145e-01	  0.0000e+00	
  6.2567e+00	  2.4675e-01	  4.6443e-03	  3.8614e-02	  9.8453e-03	  2.6065e-05	  2.7714e-01	  2.7285e-02	  4.3370e-04	  1.2782e-02	  6.0720e+04	  1.5015e-01	  7.4922e-02	  1.9705e-03	  2.0571e-01	  1.9144e-01	  0.0000e+00	
  6.2563e+00	  2.4708e-01	  4.6502e-03	  3.8656e-02	  9.8583e-03	  2.6092e-05	  2.7752e-01	  2.7323e-02	  4.3371e-04	  1.2791e-02	  6.0789e+04	  1.5025e-01	  7.4872e-02	  1.9795e-03	  2.0573e-01	  1.9142e-01	  0.0000e+00	
  6.2559e+00	  2.4741e-01	  4.6560e-03	  3.8696e-02	  9.8709e-03	  2.6118e-05	  2.7788e-01	  2.7359e-02	  4.3371e-04	  1.2800e-02	  6.0856e+04	  1.5035e-01	  7.4825e-02	  1.9881e-03	  2.0574e-01	  1.9140e-01	  0.0000e+00	
  6.2555e+00	  2.4772e-01	  4.6616e-03	  3.8735e-02	  9.8831e-03	  2.6143e-05	  2.7823e-01	  2.7394e-02	  4.3371e-04	  1.2808e-02	  6.0920e+04	  1.5044e-01	  7.4779e-02	  1.9965e-03	  2.0575e-01	  1.9139e-01	  0.0000e+00	
  6.2552e+00	  2.4802e-01	  4.6669e-03	  3.8772e-02	  9.8948e-03	  2.6167e-05	  2.7857e-01	  2.7427e-02	  4.3372e-04	  1.2816e-02	  6.0982e+04	  1.5053e-01	  7.4734e-02	  2.0046e-03	  2.0576e-01	  1.9137e-01	  0.0000e+00	
  6.2548e+00	  2.4831e-01	  4.6721e-03	  3.8808e-02	  9.9062e-03	  2.6191e-05	  2.7889e-01	  2.7460e-02	  4.3372e-04	  1.2824e-02	  6.1042e+04	  1.5061e-01	  7.4691e-02	  2.0124e-03	  2.0577e-01	  1.9136e-01	  0.0000e+00	
  6.2544e+00	  2.4860e-01	  4.6771e-03	  3.8843e-02	  9.9172e-03	  2.6213e-05	  2.7920e-01	  2.7491e-02	  4.3372e-04	  1.2831e-02	  6.1100e+04	  1.5070e-01	  7.4650e-02	  2.0199e-03	  2.0578e-01	  1.9134e-01	  0.0000e+00	
  6.2541e+00	  2.4887e-01	  4.6820e-03	  3.8876e-02	  9.9277e-03	  2.6235e-05	  2.7951e-01	  2.7522e-02	  4.3372e-04	  1.2838e-02	  6.1156e+04	  1.5078e-01	  7.4610e-02	  2.0271e-03	  2.0578e-01	  1.9133e-01	  0.0000e+00	
  6.2538e+00	  2.4913e-01	  4.6867e-03	  3.8909e-02	  9.9380e-03	  2.6256e-05	  2.7980e-01	  2.7551e-02	  4.3373e-04	  1.2845e-02	  6.1210e+04	  1.5085e-01	  7.4572e-02	  2.0341e-03	  2.0579e-01	  1.9132e-01	  0.0000e+00	
  6.2535e+00	  2.4938e-01	  4.6912e-03	  3.8940e-02	  9.9478e-03	  2.6277e-05	  2.8008e-01	  2.7579e-02	  4.3373e-04	  1.2852e-02	  6.1261e+04	  1.5093e-01	  7.4534e-02	  2.0409e-03	  2.0580e-01	  1.9130e-01	  0.0000e+00	
  6.2532e+00	  2.4963e-01	  4.6955e-03	  3.8970e-02	  9.9574e-03	  2.6296e-05	  2.8036e-01	  2.7606e-02	  4.3373e-04	  1.2859e-02	  6.1312e+04	  1.5100e-01	  7.4498e-02	  2.0474e-03	  2.0581e-01	  1.9129e-01	  0.0000e+00	
  6.2529e+00	  2.4987e-01	  4.6997e-03	  3.9000e-02	  9.9666e-03	  2.6315e-05	  2.8062e-01	  2.7633e-02	  4.3373e-04	  1.2865e-02	  6.1360e+04	  1.5107e-01	  7.4464e-02	  2.0537e-03	  2.0582e-01	  1.9128e-01	  0.0000e+00	
  6.2526e+00	  2.5009e-01	  4.7038e-03	  3.9028e-02	  9.9755e-03	  2.6334e-05	  2.8087e-01	  2.7658e-02	  4.3374e-04	  1.2871e-02	  6.1407e+04	  1.5114e-01	  7.4430e-02	  2.0598e-03	  2.0583e-01	  1.9127e-01	  0.0000e+00	
  6.2523e+00	  2.5032e-01	  4.7077e-03	  3.9055e-02	  9.9841e-03	  2.6351e-05	  2.8112e-01	  2.7683e-02	  4.3374e-04	  1.2877e-02	  6.1452e+04	  1.5120e-01	  7.4398e-02	  2.0657e-03	  2.0583e-01	  1.9126e-01	  0.0000e+00	
  6.2521e+00	  2.5053e-01	  4.7115e-03	  3.9081e-02	  9.9924e-03	  2.6368e-05	  2.8136e-01	  2.7707e-02	  4.3374e-04	  1.2882e-02	  6.1496e+04	  1.5126e-01	  7.4367e-02	  2.0713e-03	  2.0584e-01	  1.9125e-01	  0.0000e+00	
  6.2518e+00	  2.5073e-01	  4.7152e-03	  3.9107e-02	  1.0000e-02	  2.6385e-05	  2.8159e-01	  2.7729e-02	  4.3374e-04	  1.2888e-02	  6.1538e+04	  1.5132e-01	  7.4337e-02	  2.0768e-03	  2.0585e-01	  1.9124e-01	  0.0000e+00	
  6.2516e+00	  2.5093e-01	  4.7187e-03	  3.9131e-02	  1.0008e-02	  2.6401e-05	  2.8181e-01	  2.7752e-02	  4.3375e-04	  1.2893e-02	  6.1578e+04	  1.5138e-01	  7.4308e-02	  2.0821e-03	  2.0585e-01	  1.9123e-01	  0.0000e+00	
  6.2513e+00	  2.5112e-01	  4.7221e-03	  3.9155e-02	  1.0016e-02	  2.6416e-05	  2.8202e-01	  2.7773e-02	  4.3375e-04	  1.2898e-02	  6.1618e+04	  1.5144e-01	  7.4280e-02	  2.0872e-03	  2.0586e-01	  1.9122e-01	  0.0000e+00	
  6.2511e+00	  2.5131e-01	  4.7254e-03	  3.9178e-02	  1.0023e-02	  2.6431e-05	  2.8223e-01	  2.7794e-02	  4.3375e-04	  1.2903e-02	  6.1656e+04	  1.5149e-01	  7.4252e-02	  2.0921e-03	  2.0587e-01	  1.9121e-01	  0.0000e+00	
  6.2509e+00	  2.5149e-01	  4.7286e-03	  3.9200e-02	  1.0030e-02	  2.6446e-05	  2.8243e-01	  2.7813e-02	  4.3375e-04	  1.2908e-02	  6.1692e+04	  1.5154e-01	  7.4226e-02	  2.0969e-03	  2.0587e-01	  1.9120e-01	  0.0000e+00	
  6.2507e+00	  2.5166e-01	  4.7317e-03	  3.9221e-02	  1.0037e-02	  2.6459e-05	  2.8262e-01	  2.7833e-02	  4.3375e-04	  1.2912e-02	  6.1727e+04	  1.5160e-01	  7.4201e-02	  2.1015e-03	  2.0588e-01	  1.9119e-01	  0.0000e+00	
  6.2505e+00	  2.5183e-01	  4.7346e-03	  3.9241e-02	  1.0043e-02	  2.6473e-05	  2.8281e-01	  2.7851e-02	  4.3376e-04	  1.2917e-02	  6.1762e+04	  1.5164e-01	  7.4177e-02	  2.1059e-03	  2.0588e-01	  1.9118e-01	  0.0000e+00	
  6.2503e+00	  2.5199e-01	  4.7375e-03	  3.9261e-02	  1.0049e-02	  2.6486e-05	  2.8299e-01	  2.7869e-02	  4.3376e-04	  1.2921e-02	  6.1794e+04	  1.5169e-01	  7.4153e-02	  2.1102e-03	  2.0589e-01	  1.9118e-01	  0.0000e+00	
  6.2501e+00	  2.5215e-01	  4.7403e-03	  3.9280e-02	  1.0055e-02	  2.6498e-05	  2.8316e-01	  2.7887e-02	  4.3376e-04	  1.2925e-02	  6.1826e+04	  1.5174e-01	  7.4130e-02	  2.1143e-03	  2.0589e-01	  1.9117e-01	  0.0000e+00	
  6.2499e+00	  2.5230e-01	  4.7429e-03	  3.9299e-02	  1.0061e-02	  2.6510e-05	  2.8333e-01	  2.7903e-02	  4.3376e-04	  1.2929e-02	  6.1857e+04	  1.5178e-01	  7.4109e-02	  2.1183e-03	  2.0590e-01	  1.9116e-01	  0.0000e+00	
  6.2497e+00	  2.5244e-01	  4.7455e-03	  3.9317e-02	  1.0067e-02	  2.6522e-05	  2.8349e-01	  2.7919e-02	  4.3376e-04	  1.2933e-02	  6.1886e+04	  1.5182e-01	  7.4087e-02	  2.1221e-03	  2.0590e-01	  1.9115e-01	  0.0000e+00	
  6.2495e+00	  2.5258e-01	  4.7480e-03	  3.9334e-02	  1.0072e-02	  2.6533e-05	  2.8364e-01	  2.7935e-02	  4.3376e-04	  1.2937e-02	  6.1915e+04	  1.5186e-01	  7.4067e-02	  2.1258e-03	  2.0591e-01	  1.9115e-01	  0.0000e+00	
  6.2494e+00	  2.5272e-01	  4.7504e-03	  3.9351e-02	  1.0078e-02	  2.6544e-05	  2.8379e-01	  2.7950e-02	  4.3376e-04	  1.2940e-02	  6.1943e+04	  1.5190e-01	  7.4047e-02	  2.1294e-03	  2.0591e-01	  1.9114e-01	  0.0000e+00	
  6.2492e+00	  2.5285e-01	  4.7527e-03	  3.9367e-02	  1.0083e-02	  2.6555e-05	  2.8394e-01	  2.7965e-02	  4.3377e-04	  1.2944e-02	  6.1969e+04	  1.5194e-01	  7.4028e-02	  2.1329e-03	  2.0592e-01	  1.9113e-01	  0.0000e+00	
  6.2490e+00	  2.5297e-01	  4.7550e-03	  3.9382e-02	  1.0088e-02	  2.6565e-05	  2.8408e-01	  2.7979e-02	  4.3377e-04	  1.2947e-02	  6.1995e+04	  1.5198e-01	  7.4010e-02	  2.1362e-03	  2.0592e-01	  1.9113e-01	  0.0000e+00	
  6.2489e+00	  2.5309e-01	  4.7571e-03	  3.9397e-02	  1.0092e-02	  2.6575e-05	  2.8421e-01	  2.7992e-02	  4.3377e-04	  1.2950e-02	  6.2020e+04	  1.5201e-01	  7.3992e-02	  2.1395e-03	  2.0592e-01	  1.9112e-01	  0.0000e+00	
  6.2488e+00	  2.5321e-01	  4.7592e-03	  3.9412e-02	  1.0097e-02	  2.6584e-05	  2.8435e-01	  2.8005e-02	  4.3377e-04	  1.2953e-02	  6.2044e+04	  1.5205e-01	  7.3975e-02	  2.1426e-03	  2.0593e-01	  1.9112e-01	  0.0000e+00	
  6.2486e+00	  2.5332e-01	  4.7613e-03	  3.9426e-02	  1.0101e-02	  2.6593e-05	  2.8447e-01	  2.8018e-02	  4.3377e-04	  1.2956e-02	  6.2067e+04	  1.5208e-01	  7.3958e-02	  2.1456e-03	  2.0593e-01	  1.9111e-01	  0.0000e+00	
  6.2485e+00	  2.5343e-01	  4.7632e-03	  3.9439e-02	  1.0106e-02	  2.6602e-05	  2.8459e-01	  2.8030e-02	  4.3377e-04	  1.2959e-02	  6.2089e+04	  1.5211e-01	  7.3942e-02	  2.1485e-03	  2.0593e-01	  1.9110e-01	  0.0000e+00	
  6.2484e+00	  2.5354e-01	  4.7651e-03	  3.9452e-02	  1.0110e-02	  2.6611e-05	  2.8471e-01	  2.8042e-02	  4.3377e-04	  1.2962e-02	  6.2111e+04	  1.5214e-01	  7.3927e-02	  2.1513e-03	  2.0594e-01	  1.9110e-01	  0.0000e+00	
  6.2482e+00	  2.5364e-01	  4.7669e-03	  3.9465e-02	  1.0114e-02	  2.6619e-05	  2.8483e-01	  2.8053e-02	  4.3377e-04	  1.2965e-02	  6.2132e+04	  1.5217e-01	  7.3912e-02	  2.1540e-03	  2.0594e-01	  1.9109e-01	  0.0000e+00	
  6.2481e+00	  2.5374e-01	  4.7687e-03	  3.9477e-02	  1.0118e-02	  2.6627e-05	  2.8494e-01	  2.8064e-02	  4.3378e-04	  1.2967e-02	  6.2152e+04	  1.5220e-01	  7.3898e-02	  2.1566e-03	  2.0594e-01	  1.9109e-01	  0.0000e+00	
  6.2480e+00	  2.5384e-01	  4.7703e-03	  3.9489e-02	  1.0121e-02	  2.6634e-05	  2.8504e-01	  2.8075e-02	  4.3378e-04	  1.2970e-02	  6.2171e+04	  1.5223e-01	  7.3884e-02	  2.1592e-03	  2.0595e-01	  1.9108e-01	  0.0000e+00	
  6.2479e+00	  2.5393e-01	  4.7720e-03	  3.9500e-02	  1.0125e-02	  2.6642e-05	  2.8514e-01	  2.8085e-02	  4.3378e-04	  1.2972e-02	  6.2190e+04	  1.5226e-01	  7.3870e-02	  2.1616e-03	  2.0595e-01	  1.9108e-01	  0.0000e+00	
  6.2478e+00	  2.5402e-01	  4.7736e-03	  3.9511e-02	  1.0128e-02	  2.6649e-05	  2.8524e-01	  2.8095e-02	  4.3378e-04	  1.2975e-02	  6.2208e+04	  1.5228e-01	  7.3857e-02	  2.1639e-03	  2.0595e-01	  1.9108e-01	  0.0000e+00	
  6.2477e+00	  2.5410e-01	  4.7751e-03	  3.9522e-02	  1.0132e-02	  2.6656e-05	  2.8534e-01	  2.8105e-02	  4.3378e-04	  1.2977e-02	  6.2226e+04	  1.5231e-01	  7.3845e-02	  2.1662e-03	  2.0596e-01	  1.9107e-01	  0.0000e+00	
  6.2476e+00	  2.5419e-01	  4.7766e-03	  3.9532e-02	  1.0135e-02	  2.6663e-05	  2.8543e-01	  2.8114e-02	  4.3378e-04	  1.2979e-02	  6.2243e+04	  1.5233e-01	  7.3833e-02	  2.1684e-03	  2.0596e-01	  1.9107e-01	  0.0000e+00	
  6.2475e+00	  2.5427e-01	  4.7780e-03	  3.9542e-02	  1.0138e-02	  2.6669e-05	  2.8552e-01	  2.8123e-02	  4.3378e-04	  1.2981e-02	  6.2259e+04	  1.5235e-01	  7.3821e-02	  2.1705e-03	  2.0596e-01	  1.9106e-01	  0.0000e+00	
  6.2474e+00	  2.5434e-01	  4.7794e-03	  3.9551e-02	  1.0141e-02	  2.6675e-05	  2.8561e-01	  2.8131e-02	  4.3378e-04	  1.2983e-02	  6.2275e+04	  1.5238e-01	  7.3810e-02	  2.1726e-03	  2.0596e-01	  1.9106e-01	  0.0000e+00	
  6.2473e+00	  2.5442e-01	  4.7807e-03	  3.9560e-02	  1.0144e-02	  2.6681e-05	  2.8569e-01	  2.8140e-02	  4.3378e-04	  1.2985e-02	  6.2290e+04	  1.5240e-01	  7.3799e-02	  2.1745e-03	  2.0597e-01	  1.9106e-01	  0.0000e+00	
  6.2472e+00	  2.5449e-01	  4.7820e-03	  3.9569e-02	  1.0147e-02	  2.6687e-05	  2.8577e-01	  2.8148e-02	  4.3378e-04	  1.2987e-02	  6.2305e+04	  1.5242e-01	  7.3789e-02	  2.1764e-03	  2.0597e-01	  1.9105e-01	  0.0000e+00	
  6.2471e+00	  2.5456e-01	  4.7832e-03	  3.9578e-02	  1.0150e-02	  2.6693e-05	  2.8585e-01	  2.8155e-02	  4.3378e-04	  1.2989e-02	  6.2319e+04	  1.5244e-01	  7.3778e-02	  2.1783e-03	  2.0597e-01	  1.9105e-01	  0.0000e+00	
  6.2470e+00	  2.5463e-01	  4.7844e-03	  3.9586e-02	  1.0152e-02	  2.6698e-05	  2.8592e-01	  2.8163e-02	  4.3378e-04	  1.2991e-02	  6.2333e+04	  1.5246e-01	  7.3769e-02	  2.1801e-03	  2.0597e-01	  1.9105e-01	  0.0000e+00	
  6.2469e+00	  2.5469e-01	  4.7855e-03	  3.9594e-02	  1.0155e-02	  2.6703e-05	  2.8599e-01	  2.8170e-02	  4.3379e-04	  1.2993e-02	  6.2346e+04	  1.5248e-01	  7.3759e-02	  2.1818e-03	  2.0598e-01	  1.9104e-01	  0.0000e+00	
  6.2469e+00	  2.5475e-01	  4.7867e-03	  3.9602e-02	  1.0157e-02	  2.6708e-05	  2.8606e-01	  2.8177e-02	  4.3379e-04	  1.2994e-02	  6.2359e+04	  1.5250e-01	  7.3750e-02	  2.1834e-03	  2.0598e-01	  1.9104e-01	  0.0000e+00	
  6.2468e+00	  2.5481e-01	  4.7877e-03	  3.9609e-02	  1.0160e-02	  2.6713e-05	  2.8613e-01	  2.8184e-02	  4.3379e-04	  1.2996e-02	  6.2371e+04	  1.5251e-01	  7.3741e-02	  2.1850e-03	  2.0598e-01	  1.9104e-01	  0.0000e+00	
  6.2467e+00	  2.5487e-01	  4.7888e-03	  3.9616e-02	  1.0162e-02	  2.6718e-05	  2.8620e-01	  2.8190e-02	  4.3379e-04	  1.2997e-02	  6.2383e+04	  1.5253e-01	  7.3733e-02	  2.1866e-03	  2.0598e-01	  1.9103e-01	  0.0000e+00	
  6.2467e+00	  2.5493e-01	  4.7898e-03	  3.9623e-02	  1.0164e-02	  2.6723e-05	  2.8626e-01	  2.8197e-02	  4.3379e-04	  1.2999e-02	  6.2394e+04	  1.5255e-01	  7.3725e-02	  2.1881e-03	  2.0598e-01	  1.9103e-01	  0.0000e+00	
  6.2466e+00	  2.5498e-01	  4.7907e-03	  3.9630e-02	  1.0166e-02	  2.6727e-05	  2.8632e-01	  2.8203e-02	  4.3379e-04	  1.3000e-02	  6.2405e+04	  1.5256e-01	  7.3717e-02	  2.1895e-03	  2.0599e-01	  1.9103e-01	  0.0000e+00	
  6.2465e+00	  2.5504e-01	  4.7917e-03	  3.9636e-02	  1.0168e-02	  2.6731e-05	  2.8638e-01	  2.8208e-02	  4.3379e-04	  1.3002e-02	  6.2416e+04	  1.5258e-01	  7.3709e-02	  2.1909e-03	  2.0599e-01	  1.9103e-01	  0.0000e+00	
  6.2465e+00	  2.5509e-01	  4.7926e-03	  3.9643e-02	  1.0170e-02	  2.6735e-05	  2.8643e-01	  2.8214e-02	  4.3379e-04	  1.3003e-02	  6.2426e+04	  1.5259e-01	  7.3702e-02	  2.1922e-03	  2.0599e-01	  1.9102e-01	  0.0000e+00	
  6.2464e+00	  2.5514e-01	  4.7934e-03	  3.9649e-02	  1.0172e-02	  2.6739e-05	  2.8649e-01	  2.8220e-02	  4.3379e-04	  1.3004e-02	  6.2436e+04	  1.5261e-01	  7.3695e-02	  2.1935e-03	  2.0599e-01	  1.9102e-01	  0.0000e+00	
  6.2463e+00	  2.5518e-01	  4.7943e-03	  3.9655e-02	  1.0174e-02	  2.6743e-05	  2.8654e-01	  2.8225e-02	  4.3379e-04	  1.3006e-02	  6.2446e+04	  1.5262e-01	  7.3688e-02	  2.1948e-03	  2.0599e-01	  1.9102e-01	  0.0000e+00	
  6.2463e+00	  2.5523e-01	  4.7951e-03	  3.9660e-02	  1.0176e-02	  2.6747e-05	  2.8659e-01	  2.8230e-02	  4.3379e-04	  1.3007e-02	  6.2455e+04	  1.5264e-01	  7.3681e-02	  2.1960e-03	  2.0599e-01	  1.9102e-01	  0.0000e+00	
  6.2462e+00	  2.5527e-01	  4.7959e-03	  3.9666e-02	  1.0178e-02	  2.6750e-05	  2.8664e-01	  2.8235e-02	  4.3379e-04	  1.3008e-02	  6.2464e+04	  1.5265e-01	  7.3675e-02	  2.1972e-03	  2.0600e-01	  1.9101e-01	  0.0000e+00	
  6.2462e+00	  2.5531e-01	  4.7966e-03	  3.9671e-02	  1.0179e-02	  2.6754e-05	  2.8669e-01	  2.8240e-02	  4.3379e-04	  1.3009e-02	  6.2473e+04	  1.5266e-01	  7.3668e-02	  2.1983e-03	  2.0600e-01	  1.9101e-01	  0.0000e+00	
  6.2461e+00	  2.5536e-01	  4.7974e-03	  3.9676e-02	  1.0181e-02	  2.6757e-05	  2.8673e-01	  2.8244e-02	  4.3379e-04	  1.3010e-02	  6.2481e+04	  1.5267e-01	  7.3662e-02	  2.1994e-03	  2.0600e-01	  1.9101e-01	  0.0000e+00	
  6.2461e+00	  2.5540e-01	  4.7981e-03	  3.9681e-02	  1.0182e-02	  2.6760e-05	  2.8678e-01	  2.8249e-02	  4.3379e-04	  1.3011e-02	  6.2489e+04	  1.5268e-01	  7.3657e-02	  2.2004e-03	  2.0600e-01	  1.9101e-01	  0.0000e+00	
  6.2460e+00	  2.5543e-01	  4.7988e-03	  3.9685e-02	  1.0184e-02	  2.6763e-05	  2.8682e-01	  2.8253e-02	  4.3379e-04	  1.3012e-02	  6.2497e+04	  1.5269e-01	  7.3651e-02	  2.2014e-03	  2.0600e-01	  1.9101e-01	  0.0000e+00	
  6.2460e+00	  2.5547e-01	  4.7994e-03	  3.9690e-02	  1.0185e-02	  2.6766e-05	  2.8686e-01	  2.8257e-02	  4.3379e-04	  1.3013e-02	  6.2505e+04	  1.5271e-01	  7.3646e-02	  2.2024e-03	  2.0600e-01	  1.9100e-01	  0.0000e+00	
  6.2459e+00	  2.5551e-01	  4.8001e-03	  3.9694e-02	  1.0187e-02	  2.6769e-05	  2.8690e-01	  2.8261e-02	  4.3379e-04	  1.3014e-02	  6.2512e+04	  1.5272e-01	  7.3641e-02	  2.2034e-03	  2.0600e-01	  1.9100e-01	  0.0000e+00	
  6.2459e+00	  2.5554e-01	  4.8007e-03	  3.9699e-02	  1.0188e-02	  2.6772e-05	  2.8694e-01	  2.8265e-02	  4.3379e-04	  1.3015e-02	  6.2519e+04	  1.5273e-01	  7.3635e-02	  2.2043e-03	  2.0600e-01	  1.9100e-01	  0.0000e+00	
  6.2459e+00	  2.5557e-01	  4.8013e-03	  3.9703e-02	  1.0189e-02	  2.6775e-05	  2.8698e-01	  2.8268e-02	  4.3379e-04	  1.3016e-02	  6.2526e+04	  1.5274e-01	  7.3631e-02	  2.2052e-03	  2.0600e-01	  1.9100e-01	  0.0000e+00	
  6.2458e+00	  2.5561e-01	  4.8018e-03	  3.9707e-02	  1.0191e-02	  2.6777e-05	  2.8701e-01	  2.8272e-02	  4.3380e-04	  1.3017e-02	  6.2532e+04	  1.5275e-01	  7.3626e-02	  2.2060e-03	  2.0601e-01	  1.9100e-01	  0.0000e+00	
  6.2458e+00	  2.5564e-01	  4.8024e-03	  3.9711e-02	  1.0192e-02	  2.6780e-05	  2.8705e-01	  2.8275e-02	  4.3380e-04	  1.3018e-02	  6.2539e+04	  1.5275e-01	  7.3621e-02	  2.2068e-03	  2.0601e-01	  1.9100e-01	  0.0000e+00	
  6.2458e+00	  2.5567e-01	  4.8029e-03	  3.9714e-02	  1.0193e-02	  2.6782e-05	  2.8708e-01	  2.8279e-02	  4.3380e-04	  1.3018e-02	  6.2545e+04	  1.5276e-01	  7.3617e-02	  2.2076e-03	  2.0601e-01	  1.9099e-01	  0.0000e+00	
  6.2457e+00	  2.5570e-01	  4.8034e-03	  3.9718e-02	  1.0194e-02	  2.6785e-05	  2.8711e-01	  2.8282e-02	  4.3380e-04	  1.3019e-02	  6.2551e+04	  1.5277e-01	  7.3613e-02	  2.2084e-03	  2.0601e-01	  1.9099e-01	  0.0000e+00	
  6.2457e+00	  2.5572e-01	  4.8039e-03	  3.9721e-02	  1.0195e-02	  2.6787e-05	  2.8714e-01	  2.8285e-02	  4.3380e-04	  1.3020e-02	  6.2556e+04	  1.5278e-01	  7.3609e-02	  2.2091e-03	  2.0601e-01	  1.9099e-01	  0.0000e+00	
  6.2456e+00	  2.5575e-01	  4.8044e-03	  3.9725e-02	  1.0196e-02	  2.6789e-05	  2.8717e-01	  2.8288e-02	  4.3380e-04	  1.3021e-02	  6.2562e+04	  1.5279e-01	  7.3605e-02	  2.2098e-03	  2.0601e-01	  1.9099e-01	  0.0000e+00	
  6.2456e+00	  2.5578e-01	  4.8049e-03	  3.9728e-02	  1.0197e-02	  2.6791e-05	  2.8720e-01	  2.8291e-02	  4.3380e-04	  1.3021e-02	  6.2567e+04	  1.5279e-01	  7.3601e-02	  2.2105e-03	  2.0601e-01	  1.9099e-01	  0.0000e+00	
  6.2456e+00	  2.5580e-01	  4.8053e-03	  3.9731e-02	  1.0198e-02	  2.6793e-05	  2.8723e-01	  2.8294e-02	  4.3380e-04	  1.3022e-02	  6.2572e+04	  1.5280e-01	  7.3597e-02	  2.2112e-03	  2.0601e-01	  1.9099e-01	  0.0000e+00	
  6.2456e+00	  2.5583e-01	  4.8058e-03	  3.9734e-02	  1.0199e-02	  2.6795e-05	  2.8726e-01	  2.8297e-02	  4.3380e-04	  1.3023e-02	  6.2577e+04	  1.5281e-01	  7.3594e-02	  2.2118e-03	  2.0601e-01	  1.9099e-01	  0.0000e+00	
  6.2455e+00	  2.5585e-01	  4.8062e-03	  3.9737e-02	  1.0200e-02	  2.6797e-05	  2.8728e-01	  2.8299e-02	  4.3380e-04	  1.3023e-02	  6.2582e+04	  1.5282e-01	  7.3590e-02	  2.2125e-03	  2.0601e-01	  1.9099e-01	  0.0000e+00	
  6.2455e+00	  2.5587e-01	  4.8066e-03	  3.9740e-02	  1.0201e-02	  2.6799e-05	  2.8731e-01	  2.8302e-02	  4.3380e-04	  1.3024e-02	  6.2587e+04	  1.5282e-01	  7.3587e-02	  2.2131e-03	  2.0601e-01	  1.9098e-01	  0.0000e+00	
  6.2455e+00	  2.5590e-01	  4.8070e-03	  3.9742e-02	  1.0202e-02	  2.6801e-05	  2.8733e-01	  2.8304e-02	  4.3380e-04	  1.3024e-02	  6.2591e+04	  1.5283e-01	  7.3584e-02	  2.2136e-03	  2.0602e-01	  1.9098e-01	  0.0000e+00	
  6.2454e+00	  2.5592e-01	  4.8073e-03	  3.9745e-02	  1.0203e-02	  2.6802e-05	  2.8736e-01	  2.8307e-02	  4.3380e-04	  1.3025e-02	  6.2595e+04	  1.5284e-01	  7.3581e-02	  2.2142e-03	  2.0602e-01	  1.9098e-01	  0.0000e+00	
  6.2454e+00	  2.5594e-01	  4.8077e-03	  3.9747e-02	  1.0204e-02	  2.6804e-05	  2.8738e-01	  2.8309e-02	  4.3380e-04	  1.3026e-02	  6.2600e+04	  1.5284e-01	  7.3578e-02	  2.2147e-03	  2.0602e-01	  1.9098e-01	  0.0000e+00	
  6.2454e+00	  2.5596e-01	  4.8081e-03	  3.9750e-02	  1.0204e-02	  2.6805e-05	  2.8740e-01	  2.8311e-02	  4.3380e-04	  1.3026e-02	  6.2604e+04	  1.5285e-01	  7.3575e-02	  2.2153e-03	  2.0602e-01	  1.9098e-01	  0.0000e+00	
  6.2454e+00	  2.5598e-01	  4.8084e-03	  3.9752e-02	  1.0205e-02	  2.6807e-05	  2.8742e-01	  2.8313e-02	  4.3380e-04	  1.3027e-02	  6.2608e+04	  1.5285e-01	  7.3572e-02	  2.2158e-03	  2.0602e-01	  1.9098e-01	  0.0000e+00	
  6.2454e+00	  2.5599e-01	  4.8087e-03	  3.9754e-02	  1.0206e-02	  2.6808e-05	  2.8744e-01	  2.8315e-02	  4.3380e-04	  1.3027e-02	  6.2611e+04	  1.5286e-01	  7.3570e-02	  2.2162e-03	  2.0602e-01	  1.9098e-01	  0.0000e+00	
  6.2453e+00	  2.5601e-01	  4.8090e-03	  3.9757e-02	  1.0206e-02	  2.6810e-05	  2.8746e-01	  2.8317e-02	  4.3380e-04	  1.3028e-02	  6.2615e+04	  1.5286e-01	  7.3567e-02	  2.2167e-03	  2.0602e-01	  1.9098e-01	  0.0000e+00	
  6.2453e+00	  2.5603e-01	  4.8093e-03	  3.9759e-02	  1.0207e-02	  2.6811e-05	  2.8748e-01	  2.8319e-02	  4.3380e-04	  1.3028e-02	  6.2618e+04	  1.5287e-01	  7.3565e-02	  2.2172e-03	  2.0602e-01	  1.9098e-01	  0.0000e+00	
  6.2453e+00	  2.5605e-01	  4.8096e-03	  3.9761e-02	  1.0208e-02	  2.6813e-05	  2.8750e-01	  2.8321e-02	  4.3380e-04	  1.3028e-02	  6.2622e+04	  1.5287e-01	  7.3562e-02	  2.2176e-03	  2.0602e-01	  1.9098e-01	  0.0000e+00	
  6.2453e+00	  2.5606e-01	  4.8099e-03	  3.9763e-02	  1.0208e-02	  2.6814e-05	  2.8752e-01	  2.8323e-02	  4.3380e-04	  1.3029e-02	  6.2625e+04	  1.5288e-01	  7.3560e-02	  2.2180e-03	  2.0602e-01	  1.9098e-01	  0.0000e+00	
  6.2453e+00	  2.5608e-01	  4.8102e-03	  3.9765e-02	  1.0209e-02	  2.6815e-05	  2.8754e-01	  2.8324e-02	  4.3380e-04	  1.3029e-02	  6.2628e+04	  1.5288e-01	  7.3558e-02	  2.2184e-03	  2.0602e-01	  1.9097e-01	  0.0000e+00	
  6.2452e+00	  2.5609e-01	  4.8105e-03	  3.9766e-02	  1.0210e-02	  2.6816e-05	  2.8755e-01	  2.8326e-02	  4.3380e-04	  1.3030e-02	  6.2631e+04	  1.5289e-01	  7.3555e-02	  2.2188e-03	  2.0602e-01	  1.9097e-01	  0.0000e+00	
  6.2452e+00	  2.5611e-01	  4.8107e-03	  3.9768e-02	  1.0210e-02	  2.6818e-05	  2.8757e-01	  2.8328e-02	  4.3380e-04	  1.3030e-02	  6.2634e+04	  1.5289e-01	  7.3553e-02	  2.2192e-03	  2.0602e-01	  1.9097e-01	  0.0000e+00	
  6.2452e+00	  2.5612e-01	  4.8110e-03	  3.9770e-02	  1.0211e-02	  2.6819e-05	  2.8758e-01	  2.8329e-02	  4.3380e-04	  1.3030e-02	  6.2637e+04	  1.5289e-01	  7.3551e-02	  2.2196e-03	  2.0602e-01	  1.9097e-01	  0.0000e+00	
  6.2452e+00	  2.5613e-01	  4.8112e-03	  3.9772e-02	  1.0211e-02	  2.6820e-05	  2.8760e-01	  2.8331e-02	  4.3380e-04	  1.3031e-02	  6.2640e+04	  1.5290e-01	  7.3549e-02	  2.2199e-03	  2.0602e-01	  1.9097e-01	  0.0000e+00	
  6.2452e+00	  2.5615e-01	  4.8114e-03	  3.9773e-02	  1.0212e-02	  2.6821e-05	  2.8761e-01	  2.8332e-02	  4.3380e-04	  1.3031e-02	  6.2642e+04	  1.5290e-01	  7.3548e-02	  2.2203e-03	  2.0602e-01	  1.9097e-01	  0.0000e+00	
  6.2452e+00	  2.5616e-01	  4.8116e-03	  3.9775e-02	  1.0212e-02	  2.6822e-05	  2.8763e-01	  2.8333e-02	  4.3380e-04	  1.3031e-02	  6.2645e+04	  1.5291e-01	  7.3546e-02	  2.2206e-03	  2.0602e-01	  1.9097e-01	  0.0000e+00	
  6.2451e+00	  2.5617e-01	  4.8119e-03	  3.9776e-02	  1.0213e-02	  2.6823e-05	  2.8764e-01	  2.8335e-02	  4.3380e-04	  1.3032e-02	  6.2647e+04	  1.5291e-01	  7.3544e-02	  2.2209e-03	  2.0602e-01	  1.9097e-01	  0.0000e+00	
  6.2451e+00	  2.5618e-01	  4.8121e-03	  3.9778e-02	  1.0213e-02	  2.6824e-05	  2.8765e-01	  2.8336e-02	  4.3380e-04	  1.3032e-02	  6.2650e+04	  1.5291e-01	  7.3542e-02	  2.2212e-03	  2.0602e-01	  1.9097e-01	  0.0000e+00	
  6.2451e+00	  2.5619e-01	  4.8123e-03	  3.9779e-02	  1.0214e-02	  2.6825e-05	  2.8767e-01	  2.8337e-02	  4.3380e-04	  1.3032e-02	  6.2652e+04	  1.5292e-01	  7.3541e-02	  2.2215e-03	  2.0603e-01	  1.9097e-01	  0.0000e+00	
  6.2451e+00	  2.5620e-01	  4.8125e-03	  3.9780e-02	  1.0214e-02	  2.6825e-05	  2.8768e-01	  2.8339e-02	  4.3380e-04	  1.3033e-02	  6.2654e+04	  1.5292e-01	  7.3539e-02	  2.2218e-03	  2.0603e-01	  1.9097e-01	  0.0000e+00	
  6.2451e+00	  2.5621e-01	  4.8126e-03	  3.9782e-02	  1.0214e-02	  2.6826e-05	  2.8769e-01	  2.8340e-02	  4.3380e-04	  1.3033e-02	  6.2656e+04	  1.5292e-01	  7.3538e-02	  2.2221e-03	  2.0603e-01	  1.9097e-01	  0.0000e+00	
  6.2451e+00	  2.5622e-01	  4.8128e-03	  3.9783e-02	  1.0215e-02	  2.6827e-05	  2.8770e-01	  2.8341e-02	  4.3380e-04	  1.3033e-02	  6.2658e+04	  1.5292e-01	  7.3536e-02	  2.2224e-03	  2.0603e-01	  1.9097e-01	  0.0000e+00	
  6.2451e+00	  2.5623e-01	  4.8130e-03	  3.9784e-02	  1.0215e-02	  2.6828e-05	  2.8771e-01	  2.8342e-02	  4.3380e-04	  1.3033e-02	  6.2660e+04	  1.5293e-01	  7.3535e-02	  2.2226e-03	  2.0603e-01	  1.9097e-01	  0.0000e+00	
  6.2450e+00	  2.5624e-01	  4.8132e-03	  3.9785e-02	  1.0216e-02	  2.6829e-05	  2.8772e-01	  2.8343e-02	  4.3380e-04	  1.3034e-02	  6.2662e+04	  1.5293e-01	  7.3533e-02	  2.2229e-03	  2.0603e-01	  1.9097e-01	  0.0000e+00	
  6.2450e+00	  2.5625e-01	  4.8133e-03	  3.9786e-02	  1.0216e-02	  2.6829e-05	  2.8773e-01	  2.8344e-02	  4.3380e-04	  1.3034e-02	  6.2664e+04	  1.5293e-01	  7.3532e-02	  2.2231e-03	  2.0603e-01	  1.9097e-01	  0.0000e+00	
  6.2450e+00	  2.5626e-01	  4.8135e-03	  3.9787e-02	  1.0216e-02	  2.6830e-05	  2.8774e-01	  2.8345e-02	  4.3380e-04	  1.3034e-02	  6.2666e+04	  1.5294e-01	  7.3531e-02	  2.2233e-03	  2.0603e-01	  1.9097e-01	  0.0000e+00	
  6.2450e+00	  2.5627e-01	  4.8136e-03	  3.9788e-02	  1.0217e-02	  2.6831e-05	  2.8775e-01	  2.8346e-02	  4.3380e-04	  1.3034e-02	  6.2668e+04	  1.5294e-01	  7.3529e-02	  2.2236e-03	  2.0603e-01	  1.9097e-01	  0.0000e+00	
  6.2450e+00	  2.5628e-01	  4.8138e-03	  3.9789e-02	  1.0217e-02	  2.6832e-05	  2.8776e-01	  2.8347e-02	  4.3380e-04	  1.3035e-02	  6.2669e+04	  1.5294e-01	  7.3528e-02	  2.2238e-03	  2.0603e-01	  1.9096e-01	  0.0000e+00	
