          pH	          Na	           K	          Ca	          Mg	         PO4	          Cl	         SO4	         NH4	        HCO3	          sc	         FeS	      Pyrite	     Calcite	
  6.6644e+00	  4.1755e-03	  3.3043e-04	  4.8964e-03	  1.0614e-03	  4.1174e-05	  6.0679e-03	  1.8024e-04	  4.2255e-04	  9.0118e-06	  2.5751e+03	  0.0000e+00	  0.0000e+00	  0.0000e+00	
  6.6644e+00	  4.1755e-03	  3.3043e-04	  4.8964e-03	  1.0614e-03	  4.1174e-05	  6.0679e-03	  1.8024e-04	  4.2255e-04	  9.0118e-06	  2.5751e+03	  0.0000e+00	  0.0000e+00	  0.0000e+00	
  7.4806e+00	  4.2879e-03	  3.3677e-04	  5.0948e-03	  1.1054e-03	  6.7671e-07	  6.3585e-03	  2.1171e-04	  4.3485e-04	  4.4007e-05	  2.6816e+03	  0.0000e+00	  1.4999e-01	  0.0000e+00	
  7.4659e+00	  4.3587e-03	  3.3968e-04	  5.1849e-03	  1.1255e-03	  7.0051e-07	  6.6317e-03	  2.4195e-04	  4.3776e-04	  6.0718e-05	  2.7529e+03	  0.0000e+00	  1.4999e-01	  0.0000e+00	
  7.4517e+00	  4.4272e-03	  3.4248e-04	  5.2720e-03	  1.1448e-03	  7.2458e-07	  6.8945e-03	  2.7093e-04	  4.4055e-04	  7.6774e-05	  2.8214e+03	  0.0000e+00	  1.4999e-01	  0.0000e+00	
  7.4380e+00	  4.4935e-03	  3.4516e-04	  5.3559e-03	  1.1634e-03	  7.4889e-07	  7.1474e-03	  2.9873e-04	  4.4321e-04	  9.2207e-05	  2.8873e+03	  0.0000e+00	  1.4999e-01	  0.0000e+00	
  7.4248e+00	  4.5578e-03	  3.4774e-04	  5.4369e-03	  1.1814e-03	  7.7341e-07	  7.3909e-03	  3.2541e-04	  4.4575e-04	  1.0704e-04	  2.9507e+03	  0.0000e+00	  1.4999e-01	  0.0000e+00	
  7.4120e+00	  4.6199e-03	  3.5021e-04	  5.5151e-03	  1.1988e-03	  7.9811e-07	  7.6254e-03	  3.5102e-04	  4.4819e-04	  1.2131e-04	  3.0116e+03	  0.0000e+00	  1.4999e-01	  0.0000e+00	
  7.3997e+00	  4.6800e-03	  3.5259e-04	  5.5905e-03	  1.2156e-03	  8.2295e-07	  7.8511e-03	  3.7562e-04	  4.5052e-04	  1.3504e-04	  3.0702e+03	  0.0000e+00	  1.4999e-01	  0.0000e+00	
  7.3878e+00	  4.7382e-03	  3.5487e-04	  5.6633e-03	  1.2318e-03	  8.4792e-07	  8.0686e-03	  3.9925e-04	  4.5276e-04	  1.4824e-04	  3.1266e+03	  0.0000e+00	  1.4999e-01	  0.0000e+00	
  7.3763e+00	  4.7945e-03	  3.5707e-04	  5.7336e-03	  1.2475e-03	  8.7298e-07	  8.2781e-03	  4.2196e-04	  4.5490e-04	  1.6095e-04	  3.1809e+03	  0.0000e+00	  1.4999e-01	  0.0000e+00	
  7.3651e+00	  4.8490e-03	  3.5918e-04	  5.8013e-03	  1.2626e-03	  8.9810e-07	  8.4799e-03	  4.4380e-04	  4.5695e-04	  1.7318e-04	  3.2331e+03	  0.0000e+00	  1.4998e-01	  0.0000e+00	
  7.3544e+00	  4.9017e-03	  3.6121e-04	  5.8667e-03	  1.2772e-03	  9.2326e-07	  8.6744e-03	  4.6480e-04	  4.5892e-04	  1.8496e-04	  3.2834e+03	  0.0000e+00	  1.4998e-01	  0.0000e+00	
  7.3440e+00	  4.9527e-03	  3.6316e-04	  5.9298e-03	  1.2912e-03	  9.4843e-07	  8.8618e-03	  4.8499e-04	  4.6080e-04	  1.9630e-04	  3.3319e+03	  0.0000e+00	  1.4998e-01	  0.0000e+00	
  7.3340e+00	  5.0020e-03	  3.6504e-04	  5.9907e-03	  1.3048e-03	  9.7358e-07	  9.0424e-03	  5.0443e-04	  4.6261e-04	  2.0722e-04	  3.3785e+03	  0.0000e+00	  1.4998e-01	  0.0000e+00	
  7.3243e+00	  5.0497e-03	  3.6684e-04	  6.0495e-03	  1.3179e-03	  9.9868e-07	  9.2166e-03	  5.2313e-04	  4.6435e-04	  2.1773e-04	  3.4235e+03	  0.0000e+00	  1.4998e-01	  0.0000e+00	
  7.3149e+00	  5.0958e-03	  3.6858e-04	  6.1062e-03	  1.3306e-03	  1.0237e-06	  9.3844e-03	  5.4112e-04	  4.6601e-04	  2.2786e-04	  3.4667e+03	  0.0000e+00	  1.4998e-01	  0.0000e+00	
  7.3059e+00	  5.1404e-03	  3.7025e-04	  6.1609e-03	  1.3428e-03	  1.0486e-06	  9.5462e-03	  5.5845e-04	  4.6761e-04	  2.3762e-04	  3.5084e+03	  0.0000e+00	  1.4998e-01	  0.0000e+00	
  7.2971e+00	  5.1835e-03	  3.7186e-04	  6.2137e-03	  1.3546e-03	  1.0735e-06	  9.7023e-03	  5.7513e-04	  4.6915e-04	  2.4702e-04	  3.5486e+03	  0.0000e+00	  1.4998e-01	  0.0000e+00	
  7.2887e+00	  5.2252e-03	  3.7341e-04	  6.2646e-03	  1.3660e-03	  1.0981e-06	  9.8527e-03	  5.9120e-04	  4.7062e-04	  2.5608e-04	  3.5873e+03	  0.0000e+00	  1.4998e-01	  0.0000e+00	
  7.2805e+00	  5.2656e-03	  3.7490e-04	  6.3138e-03	  1.3770e-03	  1.1227e-06	  9.9978e-03	  6.0667e-04	  4.7204e-04	  2.6481e-04	  3.6246e+03	  0.0000e+00	  1.4998e-01	  0.0000e+00	
  7.2727e+00	  5.3045e-03	  3.7634e-04	  6.3612e-03	  1.3876e-03	  1.1470e-06	  1.0138e-02	  6.2158e-04	  4.7340e-04	  2.7322e-04	  3.6605e+03	  0.0000e+00	  1.4998e-01	  0.0000e+00	
  7.2650e+00	  5.3422e-03	  3.7772e-04	  6.4070e-03	  1.3978e-03	  1.1711e-06	  1.0273e-02	  6.3594e-04	  4.7471e-04	  2.8133e-04	  3.6952e+03	  0.0000e+00	  1.4998e-01	  0.0000e+00	
  7.2577e+00	  5.3787e-03	  3.7906e-04	  6.4512e-03	  1.4077e-03	  1.1950e-06	  1.0403e-02	  6.4977e-04	  4.7597e-04	  2.8915e-04	  3.7286e+03	  0.0000e+00	  1.4998e-01	  0.0000e+00	
  7.2506e+00	  5.4139e-03	  3.8034e-04	  6.4938e-03	  1.4173e-03	  1.2187e-06	  1.0528e-02	  6.6310e-04	  4.7718e-04	  2.9669e-04	  3.7608e+03	  0.0000e+00	  1.4998e-01	  0.0000e+00	
  7.2437e+00	  5.4479e-03	  3.8158e-04	  6.5350e-03	  1.4265e-03	  1.2421e-06	  1.0650e-02	  6.7595e-04	  4.7834e-04	  3.0395e-04	  3.7918e+03	  0.0000e+00	  1.4998e-01	  0.0000e+00	
  7.2371e+00	  5.4808e-03	  3.8277e-04	  6.5747e-03	  1.4354e-03	  1.2652e-06	  1.0766e-02	  6.8834e-04	  4.7946e-04	  3.1096e-04	  3.8217e+03	  0.0000e+00	  1.4998e-01	  0.0000e+00	
  7.2307e+00	  5.5126e-03	  3.8392e-04	  6.6130e-03	  1.4440e-03	  1.2881e-06	  1.0879e-02	  7.0027e-04	  4.8054e-04	  3.1771e-04	  3.8506e+03	  0.0000e+00	  1.4998e-01	  0.0000e+00	
  7.2245e+00	  5.5434e-03	  3.8502e-04	  6.6500e-03	  1.4523e-03	  1.3107e-06	  1.0988e-02	  7.1178e-04	  4.8157e-04	  3.2422e-04	  3.8784e+03	  0.0000e+00	  1.4998e-01	  0.0000e+00	
  7.2185e+00	  5.5731e-03	  3.8609e-04	  6.6857e-03	  1.4603e-03	  1.3329e-06	  1.1093e-02	  7.2287e-04	  4.8257e-04	  3.3050e-04	  3.9052e+03	  0.0000e+00	  1.4998e-01	  0.0000e+00	
  7.2127e+00	  5.6018e-03	  3.8712e-04	  6.7202e-03	  1.4680e-03	  1.3548e-06	  1.1194e-02	  7.3357e-04	  4.8353e-04	  3.3656e-04	  3.9311e+03	  0.0000e+00	  1.4998e-01	  0.0000e+00	
  7.2071e+00	  5.6296e-03	  3.8811e-04	  6.7534e-03	  1.4755e-03	  1.3764e-06	  1.1292e-02	  7.4388e-04	  4.8445e-04	  3.4240e-04	  3.9561e+03	  0.0000e+00	  1.4998e-01	  0.0000e+00	
  7.2017e+00	  5.6564e-03	  3.8906e-04	  6.7855e-03	  1.4827e-03	  1.3977e-06	  1.1386e-02	  7.5382e-04	  4.8534e-04	  3.4804e-04	  3.9801e+03	  0.0000e+00	  1.4998e-01	  0.0000e+00	
  7.1965e+00	  5.6823e-03	  3.8998e-04	  6.8165e-03	  1.4896e-03	  1.4186e-06	  1.1477e-02	  7.6341e-04	  4.8619e-04	  3.5347e-04	  4.0033e+03	  0.0000e+00	  1.4998e-01	  0.0000e+00	
  7.1915e+00	  5.7074e-03	  3.9087e-04	  6.8464e-03	  1.4963e-03	  1.4392e-06	  1.1565e-02	  7.7266e-04	  4.8701e-04	  3.5871e-04	  4.0257e+03	  0.0000e+00	  1.4998e-01	  0.0000e+00	
  7.1866e+00	  5.7316e-03	  3.9172e-04	  6.8753e-03	  1.5028e-03	  1.4594e-06	  1.1649e-02	  7.8158e-04	  4.8781e-04	  3.6377e-04	  4.0473e+03	  0.0000e+00	  1.4998e-01	  0.0000e+00	
  7.1819e+00	  5.7550e-03	  3.9255e-04	  6.9031e-03	  1.5091e-03	  1.4792e-06	  1.1731e-02	  7.9018e-04	  4.8857e-04	  3.6864e-04	  4.0681e+03	  0.0000e+00	  1.4998e-01	  0.0000e+00	
  7.1774e+00	  5.7776e-03	  3.9335e-04	  6.9300e-03	  1.5151e-03	  1.4987e-06	  1.1810e-02	  7.9848e-04	  4.8930e-04	  3.7335e-04	  4.0882e+03	  0.0000e+00	  1.4998e-01	  0.0000e+00	
  7.1730e+00	  5.7994e-03	  3.9411e-04	  6.9560e-03	  1.5209e-03	  1.5178e-06	  1.1886e-02	  8.0649e-04	  4.9001e-04	  3.7789e-04	  4.1076e+03	  0.0000e+00	  1.4998e-01	  0.0000e+00	
  7.1688e+00	  5.8205e-03	  3.9485e-04	  6.9810e-03	  1.5266e-03	  1.5365e-06	  1.1960e-02	  8.1421e-04	  4.9069e-04	  3.8227e-04	  4.1263e+03	  0.0000e+00	  1.4998e-01	  0.0000e+00	
  7.1647e+00	  5.8409e-03	  3.9557e-04	  7.0052e-03	  1.5320e-03	  1.5549e-06	  1.2030e-02	  8.2166e-04	  4.9135e-04	  3.8649e-04	  4.1444e+03	  0.0000e+00	  1.4998e-01	  0.0000e+00	
  7.1607e+00	  5.8606e-03	  3.9625e-04	  7.0286e-03	  1.5372e-03	  1.5728e-06	  1.2099e-02	  8.2884e-04	  4.9198e-04	  3.9057e-04	  4.1618e+03	  0.0000e+00	  1.4998e-01	  0.0000e+00	
  7.1569e+00	  5.8796e-03	  3.9692e-04	  7.0511e-03	  1.5423e-03	  1.5904e-06	  1.2165e-02	  8.3577e-04	  4.9259e-04	  3.9450e-04	  4.1786e+03	  0.0000e+00	  1.4998e-01	  0.0000e+00	
  7.1532e+00	  5.8980e-03	  3.9756e-04	  7.0728e-03	  1.5472e-03	  1.6076e-06	  1.2229e-02	  8.4246e-04	  4.9318e-04	  3.9830e-04	  4.1948e+03	  0.0000e+00	  1.4998e-01	  0.0000e+00	
  7.1497e+00	  5.9157e-03	  3.9818e-04	  7.0938e-03	  1.5519e-03	  1.6244e-06	  1.2290e-02	  8.4892e-04	  4.9375e-04	  4.0196e-04	  4.2104e+03	  0.0000e+00	  1.4998e-01	  0.0000e+00	
  7.1462e+00	  5.9329e-03	  3.9877e-04	  7.1141e-03	  1.5565e-03	  1.6409e-06	  1.2350e-02	  8.5514e-04	  4.9429e-04	  4.0549e-04	  4.2255e+03	  0.0000e+00	  1.4998e-01	  0.0000e+00	
  7.1429e+00	  5.9495e-03	  3.9935e-04	  7.1337e-03	  1.5609e-03	  1.6570e-06	  1.2407e-02	  8.6115e-04	  4.9482e-04	  4.0890e-04	  4.2400e+03	  0.0000e+00	  1.4998e-01	  0.0000e+00	
  7.1397e+00	  5.9655e-03	  3.9990e-04	  7.1526e-03	  1.5651e-03	  1.6727e-06	  1.2462e-02	  8.6695e-04	  4.9533e-04	  4.1219e-04	  4.2541e+03	  0.0000e+00	  1.4998e-01	  0.0000e+00	
  7.1366e+00	  5.9810e-03	  4.0043e-04	  7.1708e-03	  1.5692e-03	  1.6880e-06	  1.2516e-02	  8.7254e-04	  4.9582e-04	  4.1537e-04	  4.2676e+03	  0.0000e+00	  1.4998e-01	  0.0000e+00	
  7.1336e+00	  5.9959e-03	  4.0095e-04	  7.1884e-03	  1.5732e-03	  1.7030e-06	  1.2567e-02	  8.7794e-04	  4.9629e-04	  4.1843e-04	  4.2807e+03	  0.0000e+00	  1.4998e-01	  0.0000e+00	
  7.1308e+00	  6.0103e-03	  4.0145e-04	  7.2054e-03	  1.5770e-03	  1.7176e-06	  1.2617e-02	  8.8315e-04	  4.9674e-04	  4.2139e-04	  4.2934e+03	  0.0000e+00	  1.4998e-01	  0.0000e+00	
  7.1280e+00	  6.0243e-03	  4.0193e-04	  7.2218e-03	  1.5807e-03	  1.7319e-06	  1.2665e-02	  8.8818e-04	  4.9718e-04	  4.2424e-04	  4.3055e+03	  0.0000e+00	  1.4998e-01	  0.0000e+00	
  7.1253e+00	  6.0377e-03	  4.0239e-04	  7.2376e-03	  1.5843e-03	  1.7457e-06	  1.2711e-02	  8.9303e-04	  4.9760e-04	  4.2700e-04	  4.3173e+03	  0.0000e+00	  1.4998e-01	  0.0000e+00	
  7.1227e+00	  6.0508e-03	  4.0284e-04	  7.2529e-03	  1.5877e-03	  1.7593e-06	  1.2756e-02	  8.9771e-04	  4.9801e-04	  4.2966e-04	  4.3286e+03	  0.0000e+00	  1.4998e-01	  0.0000e+00	
  7.1202e+00	  6.0633e-03	  4.0327e-04	  7.2677e-03	  1.5910e-03	  1.7725e-06	  1.2799e-02	  9.0223e-04	  4.9840e-04	  4.3222e-04	  4.3396e+03	  0.0000e+00	  1.4998e-01	  0.0000e+00	
  7.1177e+00	  6.0755e-03	  4.0369e-04	  7.2819e-03	  1.5942e-03	  1.7853e-06	  1.2841e-02	  9.0659e-04	  4.9878e-04	  4.3470e-04	  4.3502e+03	  0.0000e+00	  1.4998e-01	  0.0000e+00	
  7.1154e+00	  6.0872e-03	  4.0409e-04	  7.2957e-03	  1.5973e-03	  1.7978e-06	  1.2881e-02	  9.1080e-04	  4.9915e-04	  4.3709e-04	  4.3604e+03	  0.0000e+00	  1.4998e-01	  0.0000e+00	
  7.1131e+00	  6.0985e-03	  4.0448e-04	  7.3089e-03	  1.6003e-03	  1.8100e-06	  1.2920e-02	  9.1487e-04	  4.9950e-04	  4.3939e-04	  4.3702e+03	  0.0000e+00	  1.4998e-01	  0.0000e+00	
  7.1110e+00	  6.1095e-03	  4.0485e-04	  7.3218e-03	  1.6032e-03	  1.8219e-06	  1.2958e-02	  9.1879e-04	  4.9984e-04	  4.4162e-04	  4.3797e+03	  0.0000e+00	  1.4998e-01	  0.0000e+00	
  7.1088e+00	  6.1200e-03	  4.0521e-04	  7.3341e-03	  1.6060e-03	  1.8334e-06	  1.2994e-02	  9.2257e-04	  5.0016e-04	  4.4377e-04	  4.3889e+03	  0.0000e+00	  1.4998e-01	  0.0000e+00	
  7.1068e+00	  6.1302e-03	  4.0556e-04	  7.3461e-03	  1.6087e-03	  1.8446e-06	  1.3029e-02	  9.2622e-04	  5.0048e-04	  4.4584e-04	  4.3977e+03	  0.0000e+00	  1.4997e-01	  0.0000e+00	
  7.1048e+00	  6.1401e-03	  4.0590e-04	  7.3576e-03	  1.6113e-03	  1.8556e-06	  1.3063e-02	  9.2975e-04	  5.0079e-04	  4.4785e-04	  4.4063e+03	  0.0000e+00	  1.4997e-01	  0.0000e+00	
  7.1029e+00	  6.1496e-03	  4.0622e-04	  7.3687e-03	  1.6138e-03	  1.8662e-06	  1.3095e-02	  9.3315e-04	  5.0108e-04	  4.4978e-04	  4.4145e+03	  0.0000e+00	  1.4997e-01	  0.0000e+00	
  7.1011e+00	  6.1588e-03	  4.0653e-04	  7.3795e-03	  1.6162e-03	  1.8765e-06	  1.3127e-02	  9.3644e-04	  5.0136e-04	  4.5164e-04	  4.4225e+03	  0.0000e+00	  1.4997e-01	  0.0000e+00	
  7.0993e+00	  6.1677e-03	  4.0684e-04	  7.3899e-03	  1.6185e-03	  1.8865e-06	  1.3157e-02	  9.3961e-04	  5.0164e-04	  4.5344e-04	  4.4302e+03	  0.0000e+00	  1.4997e-01	  0.0000e+00	
  7.0976e+00	  6.1763e-03	  4.0713e-04	  7.3999e-03	  1.6208e-03	  1.8963e-06	  1.3186e-02	  9.4267e-04	  5.0190e-04	  4.5518e-04	  4.4376e+03	  0.0000e+00	  1.4997e-01	  0.0000e+00	
  7.0960e+00	  6.1846e-03	  4.0741e-04	  7.4096e-03	  1.6230e-03	  1.9057e-06	  1.3215e-02	  9.4562e-04	  5.0216e-04	  4.5686e-04	  4.4448e+03	  0.0000e+00	  1.4997e-01	  0.0000e+00	
  7.0944e+00	  6.1926e-03	  4.0768e-04	  7.4189e-03	  1.6251e-03	  1.9149e-06	  1.3242e-02	  9.4848e-04	  5.0240e-04	  4.5848e-04	  4.4517e+03	  0.0000e+00	  1.4997e-01	  0.0000e+00	
  7.0928e+00	  6.2003e-03	  4.0794e-04	  7.4279e-03	  1.6271e-03	  1.9238e-06	  1.3268e-02	  9.5123e-04	  5.0264e-04	  4.6004e-04	  4.4584e+03	  0.0000e+00	  1.4997e-01	  0.0000e+00	
  7.0914e+00	  6.2078e-03	  4.0820e-04	  7.4366e-03	  1.6291e-03	  1.9325e-06	  1.3294e-02	  9.5389e-04	  5.0287e-04	  4.6155e-04	  4.4648e+03	  0.0000e+00	  1.4997e-01	  0.0000e+00	
  7.0899e+00	  6.2150e-03	  4.0844e-04	  7.4450e-03	  1.6310e-03	  1.9409e-06	  1.3318e-02	  9.5645e-04	  5.0309e-04	  4.6301e-04	  4.4710e+03	  0.0000e+00	  1.4997e-01	  0.0000e+00	
  7.0885e+00	  6.2219e-03	  4.0868e-04	  7.4531e-03	  1.6328e-03	  1.9491e-06	  1.3342e-02	  9.5893e-04	  5.0330e-04	  4.6442e-04	  4.4770e+03	  0.0000e+00	  1.4997e-01	  0.0000e+00	
  7.0872e+00	  6.2287e-03	  4.0890e-04	  7.4610e-03	  1.6346e-03	  1.9570e-06	  1.3365e-02	  9.6132e-04	  5.0351e-04	  4.6577e-04	  4.4828e+03	  0.0000e+00	  1.4997e-01	  0.0000e+00	
  7.0859e+00	  6.2351e-03	  4.0912e-04	  7.4685e-03	  1.6363e-03	  1.9647e-06	  1.3387e-02	  9.6363e-04	  5.0370e-04	  4.6708e-04	  4.4884e+03	  0.0000e+00	  1.4997e-01	  0.0000e+00	
  7.0847e+00	  6.2414e-03	  4.0934e-04	  7.4759e-03	  1.6379e-03	  1.9721e-06	  1.3409e-02	  9.6585e-04	  5.0389e-04	  4.6835e-04	  4.4938e+03	  0.0000e+00	  1.4997e-01	  0.0000e+00	
  7.0835e+00	  6.2475e-03	  4.0954e-04	  7.4829e-03	  1.6395e-03	  1.9793e-06	  1.3429e-02	  9.6801e-04	  5.0408e-04	  4.6957e-04	  4.4990e+03	  0.0000e+00	  1.4997e-01	  0.0000e+00	
  7.0823e+00	  6.2533e-03	  4.0974e-04	  7.4897e-03	  1.6410e-03	  1.9863e-06	  1.3449e-02	  9.7008e-04	  5.0426e-04	  4.7075e-04	  4.5041e+03	  0.0000e+00	  1.4997e-01	  0.0000e+00	
  7.0812e+00	  6.2590e-03	  4.0993e-04	  7.4963e-03	  1.6425e-03	  1.9931e-06	  1.3468e-02	  9.7209e-04	  5.0443e-04	  4.7189e-04	  4.5089e+03	  0.0000e+00	  1.4997e-01	  0.0000e+00	
  7.0801e+00	  6.2644e-03	  4.1011e-04	  7.5026e-03	  1.6440e-03	  1.9997e-06	  1.3487e-02	  9.7402e-04	  5.0460e-04	  4.7299e-04	  4.5136e+03	  0.0000e+00	  1.4997e-01	  0.0000e+00	
  7.0790e+00	  6.2697e-03	  4.1029e-04	  7.5088e-03	  1.6453e-03	  2.0061e-06	  1.3505e-02	  9.7589e-04	  5.0476e-04	  4.7405e-04	  4.5181e+03	  0.0000e+00	  1.4997e-01	  0.0000e+00	
  7.0780e+00	  6.2748e-03	  4.1046e-04	  7.5147e-03	  1.6467e-03	  2.0123e-06	  1.3522e-02	  9.7769e-04	  5.0491e-04	  4.7507e-04	  4.5225e+03	  0.0000e+00	  1.4997e-01	  0.0000e+00	
  7.0770e+00	  6.2797e-03	  4.1063e-04	  7.5204e-03	  1.6480e-03	  2.0183e-06	  1.3539e-02	  9.7944e-04	  5.0506e-04	  4.7606e-04	  4.5267e+03	  0.0000e+00	  1.4997e-01	  0.0000e+00	
  7.0761e+00	  6.2845e-03	  4.1079e-04	  7.5259e-03	  1.6492e-03	  2.0241e-06	  1.3555e-02	  9.8112e-04	  5.0520e-04	  4.7702e-04	  4.5308e+03	  0.0000e+00	  1.4997e-01	  0.0000e+00	
  7.0752e+00	  6.2890e-03	  4.1094e-04	  7.5312e-03	  1.6504e-03	  2.0297e-06	  1.3571e-02	  9.8274e-04	  5.0534e-04	  4.7794e-04	  4.5347e+03	  0.0000e+00	  1.4997e-01	  0.0000e+00	
  7.0743e+00	  6.2935e-03	  4.1109e-04	  7.5364e-03	  1.6516e-03	  2.0352e-06	  1.3586e-02	  9.8431e-04	  5.0548e-04	  4.7883e-04	  4.5385e+03	  0.0000e+00	  1.4997e-01	  0.0000e+00	
  7.0735e+00	  6.2977e-03	  4.1124e-04	  7.5413e-03	  1.6527e-03	  2.0404e-06	  1.3600e-02	  9.8582e-04	  5.0561e-04	  4.7969e-04	  4.5422e+03	  0.0000e+00	  1.4997e-01	  0.0000e+00	
  7.0726e+00	  6.3019e-03	  4.1137e-04	  7.5461e-03	  1.6538e-03	  2.0456e-06	  1.3614e-02	  9.8728e-04	  5.0573e-04	  4.8052e-04	  4.5457e+03	  0.0000e+00	  1.4997e-01	  0.0000e+00	
  7.0719e+00	  6.3058e-03	  4.1151e-04	  7.5507e-03	  1.6548e-03	  2.0505e-06	  1.3628e-02	  9.8869e-04	  5.0585e-04	  4.8132e-04	  4.5492e+03	  0.0000e+00	  1.4997e-01	  0.0000e+00	
  7.0711e+00	  6.3097e-03	  4.1164e-04	  7.5552e-03	  1.6558e-03	  2.0553e-06	  1.3641e-02	  9.9005e-04	  5.0597e-04	  4.8209e-04	  4.5525e+03	  0.0000e+00	  1.4997e-01	  0.0000e+00	
  7.0703e+00	  6.3134e-03	  4.1176e-04	  7.5595e-03	  1.6568e-03	  2.0599e-06	  1.3654e-02	  9.9137e-04	  5.0608e-04	  4.8284e-04	  4.5556e+03	  0.0000e+00	  1.4997e-01	  0.0000e+00	
  7.0696e+00	  6.3170e-03	  4.1188e-04	  7.5637e-03	  1.6577e-03	  2.0644e-06	  1.3666e-02	  9.9263e-04	  5.0619e-04	  4.8356e-04	  4.5587e+03	  0.0000e+00	  1.4997e-01	  0.0000e+00	
  7.0689e+00	  6.3205e-03	  4.1200e-04	  7.5677e-03	  1.6586e-03	  2.0688e-06	  1.3678e-02	  9.9386e-04	  5.0629e-04	  4.8426e-04	  4.5617e+03	  0.0000e+00	  1.4997e-01	  0.0000e+00	
  7.0683e+00	  6.3238e-03	  4.1211e-04	  7.5716e-03	  1.6595e-03	  2.0730e-06	  1.3689e-02	  9.9504e-04	  5.0639e-04	  4.8493e-04	  4.5646e+03	  0.0000e+00	  1.4997e-01	  0.0000e+00	
  7.0676e+00	  6.3271e-03	  4.1222e-04	  7.5754e-03	  1.6604e-03	  2.0771e-06	  1.3700e-02	  9.9618e-04	  5.0649e-04	  4.8558e-04	  4.5673e+03	  0.0000e+00	  1.4997e-01	  0.0000e+00	
  7.0670e+00	  6.3302e-03	  4.1233e-04	  7.5790e-03	  1.6612e-03	  2.0810e-06	  1.3710e-02	  9.9729e-04	  5.0658e-04	  4.8620e-04	  4.5700e+03	  0.0000e+00	  1.4997e-01	  0.0000e+00	
  7.0664e+00	  6.3332e-03	  4.1243e-04	  7.5825e-03	  1.6620e-03	  2.0848e-06	  1.3721e-02	  9.9835e-04	  5.0668e-04	  4.8681e-04	  4.5726e+03	  0.0000e+00	  1.4997e-01	  0.0000e+00	
  7.0658e+00	  6.3361e-03	  4.1252e-04	  7.5858e-03	  1.6627e-03	  2.0885e-06	  1.3731e-02	  9.9938e-04	  5.0676e-04	  4.8739e-04	  4.5751e+03	  0.0000e+00	  1.4997e-01	  0.0000e+00	
  7.0653e+00	  6.3389e-03	  4.1262e-04	  7.5891e-03	  1.6635e-03	  2.0921e-06	  1.3740e-02	  1.0004e-03	  5.0685e-04	  4.8796e-04	  4.5775e+03	  0.0000e+00	  1.4997e-01	  0.0000e+00	
  7.0647e+00	  6.3416e-03	  4.1271e-04	  7.5923e-03	  1.6642e-03	  2.0956e-06	  1.3749e-02	  1.0013e-03	  5.0693e-04	  4.8850e-04	  4.5798e+03	  0.0000e+00	  1.4997e-01	  0.0000e+00	
  7.0642e+00	  6.3443e-03	  4.1280e-04	  7.5953e-03	  1.6649e-03	  2.0989e-06	  1.3758e-02	  1.0023e-03	  5.0701e-04	  4.8903e-04	  4.5820e+03	  0.0000e+00	  1.4997e-01	  0.0000e+00	
  7.0637e+00	  6.3468e-03	  4.1288e-04	  7.5982e-03	  1.6655e-03	  2.1021e-06	  1.3767e-02	  1.0031e-03	  5.0708e-04	  4.8953e-04	  4.5842e+03	  0.0000e+00	  1.4997e-01	  0.0000e+00	
  7.0632e+00	  6.3492e-03	  4.1297e-04	  7.6011e-03	  1.6662e-03	  2.1053e-06	  1.3775e-02	  1.0040e-03	  5.0716e-04	  4.9002e-04	  4.5863e+03	  0.0000e+00	  1.4997e-01	  0.0000e+00	
  7.0628e+00	  6.3516e-03	  4.1304e-04	  7.6038e-03	  1.6668e-03	  2.1083e-06	  1.3783e-02	  1.0048e-03	  5.0723e-04	  4.9050e-04	  4.5883e+03	  0.0000e+00	  1.4997e-01	  0.0000e+00	
  7.0623e+00	  6.3539e-03	  4.1312e-04	  7.6064e-03	  1.6674e-03	  2.1112e-06	  1.3791e-02	  1.0056e-03	  5.0730e-04	  4.9095e-04	  4.5903e+03	  0.0000e+00	  1.4997e-01	  0.0000e+00	
  7.0619e+00	  6.3561e-03	  4.1319e-04	  7.6090e-03	  1.6679e-03	  2.1141e-06	  1.3798e-02	  1.0064e-03	  5.0736e-04	  4.9139e-04	  4.5921e+03	  0.0000e+00	  1.4997e-01	  0.0000e+00	
  7.0615e+00	  6.3582e-03	  4.1327e-04	  7.6115e-03	  1.6685e-03	  2.1168e-06	  1.3805e-02	  1.0072e-03	  5.0743e-04	  4.9182e-04	  4.5940e+03	  0.0000e+00	  1.4997e-01	  0.0000e+00	
  7.0611e+00	  6.3603e-03	  4.1333e-04	  7.6138e-03	  1.6690e-03	  2.1194e-06	  1.3812e-02	  1.0079e-03	  5.0749e-04	  4.9223e-04	  4.5957e+03	  0.0000e+00	  1.4997e-01	  0.0000e+00	
  7.0607e+00	  6.3622e-03	  4.1340e-04	  7.6161e-03	  1.6696e-03	  2.1220e-06	  1.3819e-02	  1.0086e-03	  5.0755e-04	  4.9263e-04	  4.5974e+03	  0.0000e+00	  1.4997e-01	  0.0000e+00	
  7.0603e+00	  6.3641e-03	  4.1347e-04	  7.6183e-03	  1.6701e-03	  2.1245e-06	  1.3826e-02	  1.0093e-03	  5.0761e-04	  4.9301e-04	  4.5990e+03	  0.0000e+00	  1.4997e-01	  0.0000e+00	
  7.0599e+00	  6.3660e-03	  4.1353e-04	  7.6205e-03	  1.6705e-03	  2.1269e-06	  1.3832e-02	  1.0099e-03	  5.0766e-04	  4.9338e-04	  4.6006e+03	  0.0000e+00	  1.4997e-01	  0.0000e+00	
  7.0596e+00	  6.3678e-03	  4.1359e-04	  7.6225e-03	  1.6710e-03	  2.1292e-06	  1.3838e-02	  1.0106e-03	  5.0772e-04	  4.9374e-04	  4.6021e+03	  0.0000e+00	  1.4997e-01	  0.0000e+00	
  7.0592e+00	  6.3695e-03	  4.1364e-04	  7.6245e-03	  1.6715e-03	  2.1314e-06	  1.3844e-02	  1.0112e-03	  5.0777e-04	  4.9408e-04	  4.6036e+03	  0.0000e+00	  1.4997e-01	  0.0000e+00	
  7.0589e+00	  6.3712e-03	  4.1370e-04	  7.6265e-03	  1.6719e-03	  2.1336e-06	  1.3849e-02	  1.0117e-03	  5.0782e-04	  4.9442e-04	  4.6050e+03	  0.0000e+00	  1.4997e-01	  0.0000e+00	
  7.0586e+00	  6.3728e-03	  4.1375e-04	  7.6283e-03	  1.6723e-03	  2.1357e-06	  1.3855e-02	  1.0123e-03	  5.0787e-04	  4.9474e-04	  4.6064e+03	  0.0000e+00	  1.4997e-01	  0.0000e+00	
  7.0583e+00	  6.3743e-03	  4.1381e-04	  7.6301e-03	  1.6727e-03	  2.1377e-06	  1.3860e-02	  1.0129e-03	  5.0791e-04	  4.9505e-04	  4.6077e+03	  0.0000e+00	  1.4997e-01	  0.0000e+00	
  7.0580e+00	  6.3758e-03	  4.1386e-04	  7.6319e-03	  1.6731e-03	  2.1397e-06	  1.3865e-02	  1.0134e-03	  5.0796e-04	  4.9535e-04	  4.6090e+03	  0.0000e+00	  1.4997e-01	  0.0000e+00	
  7.0577e+00	  6.3773e-03	  4.1390e-04	  7.6335e-03	  1.6735e-03	  2.1415e-06	  1.3870e-02	  1.0139e-03	  5.0800e-04	  4.9564e-04	  4.6102e+03	  0.0000e+00	  1.4997e-01	  0.0000e+00	
  7.0574e+00	  6.3787e-03	  4.1395e-04	  7.6352e-03	  1.6739e-03	  2.1434e-06	  1.3875e-02	  1.0144e-03	  5.0804e-04	  4.9592e-04	  4.6114e+03	  0.0000e+00	  1.4997e-01	  0.0000e+00	
  7.0571e+00	  6.3800e-03	  4.1400e-04	  7.6367e-03	  1.6742e-03	  2.1451e-06	  1.3879e-02	  1.0149e-03	  5.0808e-04	  4.9619e-04	  4.6126e+03	  0.0000e+00	  1.4997e-01	  0.0000e+00	
  7.0569e+00	  6.3813e-03	  4.1404e-04	  7.6382e-03	  1.6745e-03	  2.1468e-06	  1.3884e-02	  1.0153e-03	  5.0812e-04	  4.9645e-04	  4.6137e+03	  0.0000e+00	  1.4997e-01	  0.0000e+00	
  7.0566e+00	  6.3826e-03	  4.1408e-04	  7.6397e-03	  1.6749e-03	  2.1485e-06	  1.3888e-02	  1.0158e-03	  5.0816e-04	  4.9670e-04	  4.6148e+03	  0.0000e+00	  1.4997e-01	  0.0000e+00	
  7.0564e+00	  6.3838e-03	  4.1412e-04	  7.6411e-03	  1.6752e-03	  2.1501e-06	  1.3892e-02	  1.0162e-03	  5.0820e-04	  4.9694e-04	  4.6158e+03	  0.0000e+00	  1.4997e-01	  0.0000e+00	
  7.0562e+00	  6.3850e-03	  4.1416e-04	  7.6424e-03	  1.6755e-03	  2.1516e-06	  1.3896e-02	  1.0166e-03	  5.0823e-04	  4.9718e-04	  4.6168e+03	  0.0000e+00	  1.4997e-01	  0.0000e+00	
  7.0559e+00	  6.3861e-03	  4.1420e-04	  7.6438e-03	  1.6758e-03	  2.1531e-06	  1.3900e-02	  1.0170e-03	  5.0826e-04	  4.9740e-04	  4.6178e+03	  0.0000e+00	  1.4997e-01	  0.0000e+00	
  7.0557e+00	  6.3872e-03	  4.1424e-04	  7.6450e-03	  1.6761e-03	  2.1545e-06	  1.3904e-02	  1.0174e-03	  5.0830e-04	  4.9762e-04	  4.6187e+03	  0.0000e+00	  1.4997e-01	  0.0000e+00	
  7.0555e+00	  6.3883e-03	  4.1427e-04	  7.6462e-03	  1.6764e-03	  2.1559e-06	  1.3907e-02	  1.0178e-03	  5.0833e-04	  4.9783e-04	  4.6196e+03	  0.0000e+00	  1.4997e-01	  0.0000e+00	
  7.0553e+00	  6.3893e-03	  4.1431e-04	  7.6474e-03	  1.6766e-03	  2.1573e-06	  1.3911e-02	  1.0181e-03	  5.0836e-04	  4.9804e-04	  4.6205e+03	  0.0000e+00	  1.4997e-01	  0.0000e+00	
  7.0551e+00	  6.3903e-03	  4.1434e-04	  7.6486e-03	  1.6769e-03	  2.1586e-06	  1.3914e-02	  1.0185e-03	  5.0839e-04	  4.9823e-04	  4.6213e+03	  0.0000e+00	  1.4997e-01	  0.0000e+00	
  7.0549e+00	  6.3912e-03	  4.1437e-04	  7.6497e-03	  1.6771e-03	  2.1598e-06	  1.3917e-02	  1.0188e-03	  5.0842e-04	  4.9842e-04	  4.6221e+03	  0.0000e+00	  1.4997e-01	  0.0000e+00	
  7.0547e+00	  6.3921e-03	  4.1440e-04	  7.6507e-03	  1.6774e-03	  2.1610e-06	  1.3920e-02	  1.0191e-03	  5.0844e-04	  4.9861e-04	  4.6229e+03	  0.0000e+00	  1.4997e-01	  0.0000e+00	
  7.0546e+00	  6.3930e-03	  4.1443e-04	  7.6518e-03	  1.6776e-03	  2.1622e-06	  1.3923e-02	  1.0194e-03	  5.0847e-04	  4.9878e-04	  4.6237e+03	  0.0000e+00	  1.4997e-01	  0.0000e+00	
  7.0544e+00	  6.3939e-03	  4.1446e-04	  7.6527e-03	  1.6778e-03	  2.1633e-06	  1.3926e-02	  1.0197e-03	  5.0850e-04	  4.9895e-04	  4.6244e+03	  0.0000e+00	  1.4997e-01	  0.0000e+00	
  7.0542e+00	  6.3947e-03	  4.1449e-04	  7.6537e-03	  1.6780e-03	  2.1644e-06	  1.3929e-02	  1.0200e-03	  5.0852e-04	  4.9912e-04	  4.6251e+03	  0.0000e+00	  1.4997e-01	  0.0000e+00	
  7.0541e+00	  6.3955e-03	  4.1451e-04	  7.6546e-03	  1.6782e-03	  2.1655e-06	  1.3932e-02	  1.0203e-03	  5.0855e-04	  4.9928e-04	  4.6258e+03	  0.0000e+00	  1.4997e-01	  0.0000e+00	
  7.0539e+00	  6.3963e-03	  4.1454e-04	  7.6555e-03	  1.6785e-03	  2.1665e-06	  1.3934e-02	  1.0206e-03	  5.0857e-04	  4.9943e-04	  4.6264e+03	  0.0000e+00	  1.4997e-01	  0.0000e+00	
  7.0538e+00	  6.3970e-03	  4.1456e-04	  7.6564e-03	  1.6786e-03	  2.1675e-06	  1.3937e-02	  1.0208e-03	  5.0859e-04	  4.9958e-04	  4.6271e+03	  0.0000e+00	  1.4997e-01	  0.0000e+00	
  7.0536e+00	  6.3977e-03	  4.1459e-04	  7.6572e-03	  1.6788e-03	  2.1685e-06	  1.3939e-02	  1.0211e-03	  5.0861e-04	  4.9973e-04	  4.6277e+03	  0.0000e+00	  1.4997e-01	  0.0000e+00	
  7.0535e+00	  6.3984e-03	  4.1461e-04	  7.6580e-03	  1.6790e-03	  2.1694e-06	  1.3942e-02	  1.0213e-03	  5.0863e-04	  4.9986e-04	  4.6283e+03	  0.0000e+00	  1.4997e-01	  0.0000e+00	
  7.0534e+00	  6.3991e-03	  4.1463e-04	  7.6588e-03	  1.6792e-03	  2.1703e-06	  1.3944e-02	  1.0216e-03	  5.0865e-04	  5.0000e-04	  4.6289e+03	  0.0000e+00	  1.4997e-01	  0.0000e+00	
  7.0532e+00	  6.3998e-03	  4.1466e-04	  7.6595e-03	  1.6794e-03	  2.1711e-06	  1.3946e-02	  1.0218e-03	  5.0867e-04	  5.0013e-04	  4.6294e+03	  0.0000e+00	  1.4997e-01	  0.0000e+00	
  7.0531e+00	  6.4004e-03	  4.1468e-04	  7.6603e-03	  1.6795e-03	  2.1719e-06	  1.3948e-02	  1.0220e-03	  5.0869e-04	  5.0025e-04	  4.6299e+03	  0.0000e+00	  1.4997e-01	  0.0000e+00	
  7.0530e+00	  6.4010e-03	  4.1470e-04	  7.6610e-03	  1.6797e-03	  2.1727e-06	  1.3950e-02	  1.0222e-03	  5.0871e-04	  5.0037e-04	  4.6305e+03	  0.0000e+00	  1.4997e-01	  0.0000e+00	
  7.0529e+00	  6.4016e-03	  4.1472e-04	  7.6616e-03	  1.6798e-03	  2.1735e-06	  1.3952e-02	  1.0224e-03	  5.0873e-04	  5.0049e-04	  4.6310e+03	  0.0000e+00	  1.4997e-01	  0.0000e+00	
  7.0528e+00	  6.4021e-03	  4.1474e-04	  7.6623e-03	  1.6800e-03	  2.1743e-06	  1.3954e-02	  1.0226e-03	  5.0874e-04	  5.0060e-04	  4.6314e+03	  0.0000e+00	  1.4997e-01	  0.0000e+00	
  7.0526e+00	  6.4027e-03	  4.1475e-04	  7.6629e-03	  1.6801e-03	  2.1750e-06	  1.3956e-02	  1.0228e-03	  5.0876e-04	  5.0071e-04	  4.6319e+03	  0.0000e+00	  1.4997e-01	  0.0000e+00	
  7.0525e+00	  6.4032e-03	  4.1477e-04	  7.6635e-03	  1.6803e-03	  2.1757e-06	  1.3958e-02	  1.0230e-03	  5.0877e-04	  5.0082e-04	  4.6323e+03	  0.0000e+00	  1.4997e-01	  0.0000e+00	
  7.0524e+00	  6.4037e-03	  4.1479e-04	  7.6641e-03	  1.6804e-03	  2.1764e-06	  1.3959e-02	  1.0232e-03	  5.0879e-04	  5.0092e-04	  4.6328e+03	  0.0000e+00	  1.4997e-01	  0.0000e+00	
  7.0523e+00	  6.4042e-03	  4.1480e-04	  7.6647e-03	  1.6805e-03	  2.1770e-06	  1.3961e-02	  1.0234e-03	  5.0880e-04	  5.0101e-04	  4.6332e+03	  0.0000e+00	  1.4997e-01	  0.0000e+00	
  7.0522e+00	  6.4047e-03	  4.1482e-04	  7.6652e-03	  1.6806e-03	  2.1776e-06	  1.3963e-02	  1.0235e-03	  5.0882e-04	  5.0111e-04	  4.6336e+03	  0.0000e+00	  1.4997e-01	  0.0000e+00	
  7.0522e+00	  6.4051e-03	  4.1483e-04	  7.6657e-03	  1.6808e-03	  2.1782e-06	  1.3964e-02	  1.0237e-03	  5.0883e-04	  5.0120e-04	  4.6340e+03	  0.0000e+00	  1.4997e-01	  0.0000e+00	
  7.0521e+00	  6.4056e-03	  4.1485e-04	  7.6662e-03	  1.6809e-03	  2.1788e-06	  1.3966e-02	  1.0238e-03	  5.0885e-04	  5.0129e-04	  4.6344e+03	  0.0000e+00	  1.4997e-01	  0.0000e+00	
  7.0520e+00	  6.4060e-03	  4.1486e-04	  7.6667e-03	  1.6810e-03	  2.1794e-06	  1.3967e-02	  1.0240e-03	  5.0886e-04	  5.0137e-04	  4.6347e+03	  0.0000e+00	  1.4997e-01	  0.0000e+00	
  7.0519e+00	  6.4064e-03	  4.1488e-04	  7.6672e-03	  1.6811e-03	  2.1799e-06	  1.3969e-02	  1.0241e-03	  5.0887e-04	  5.0145e-04	  4.6351e+03	  0.0000e+00	  1.4997e-01	  0.0000e+00	
  7.0518e+00	  6.4068e-03	  4.1489e-04	  7.6677e-03	  1.6812e-03	  2.1805e-06	  1.3970e-02	  1.0243e-03	  5.0888e-04	  5.0153e-04	  4.6354e+03	  0.0000e+00	  1.4997e-01	  0.0000e+00	
  7.0518e+00	  6.4072e-03	  4.1490e-04	  7.6681e-03	  1.6813e-03	  2.1810e-06	  1.3971e-02	  1.0244e-03	  5.0889e-04	  5.0161e-04	  4.6357e+03	  0.0000e+00	  1.4997e-01	  0.0000e+00	
  7.0517e+00	  6.4075e-03	  4.1492e-04	  7.6685e-03	  1.6814e-03	  2.1815e-06	  1.3972e-02	  1.0245e-03	  5.0890e-04	  5.0168e-04	  4.6361e+03	  0.0000e+00	  1.4997e-01	  0.0000e+00	
  7.0516e+00	  6.4079e-03	  4.1493e-04	  7.6690e-03	  1.6815e-03	  2.1820e-06	  1.3974e-02	  1.0247e-03	  5.0892e-04	  5.0176e-04	  4.6364e+03	  0.0000e+00	  1.4997e-01	  0.0000e+00	
  7.0515e+00	  6.4082e-03	  4.1494e-04	  7.6694e-03	  1.6816e-03	  2.1824e-06	  1.3975e-02	  1.0248e-03	  5.0893e-04	  5.0182e-04	  4.6366e+03	  0.0000e+00	  1.4997e-01	  0.0000e+00	
  7.0515e+00	  6.4086e-03	  4.1495e-04	  7.6697e-03	  1.6817e-03	  2.1829e-06	  1.3976e-02	  1.0249e-03	  5.0894e-04	  5.0189e-04	  4.6369e+03	  0.0000e+00	  1.4997e-01	  0.0000e+00	
  7.0514e+00	  6.4089e-03	  4.1496e-04	  7.6701e-03	  1.6817e-03	  2.1833e-06	  1.3977e-02	  1.0250e-03	  5.0895e-04	  5.0196e-04	  4.6372e+03	  0.0000e+00	  1.4997e-01	  0.0000e+00	
  7.0513e+00	  6.4092e-03	  4.1497e-04	  7.6705e-03	  1.6818e-03	  2.1837e-06	  1.3978e-02	  1.0251e-03	  5.0895e-04	  5.0202e-04	  4.6375e+03	  0.0000e+00	  1.4997e-01	  0.0000e+00	
  7.0513e+00	  6.4095e-03	  4.1498e-04	  7.6708e-03	  1.6819e-03	  2.1841e-06	  1.3979e-02	  1.0252e-03	  5.0896e-04	  5.0208e-04	  4.6377e+03	  0.0000e+00	  1.4997e-01	  0.0000e+00	
  7.0512e+00	  6.4098e-03	  4.1499e-04	  7.6711e-03	  1.6820e-03	  2.1845e-06	  1.3980e-02	  1.0253e-03	  5.0897e-04	  5.0213e-04	  4.6380e+03	  0.0000e+00	  1.4997e-01	  0.0000e+00	
  7.0512e+00	  6.4101e-03	  4.1500e-04	  7.6715e-03	  1.6821e-03	  2.1849e-06	  1.3981e-02	  1.0254e-03	  5.0898e-04	  5.0219e-04	  4.6382e+03	  0.0000e+00	  1.4997e-01	  0.0000e+00	
  7.0511e+00	  6.4104e-03	  4.1501e-04	  7.6718e-03	  1.6821e-03	  2.1852e-06	  1.3982e-02	  1.0255e-03	  5.0899e-04	  5.0224e-04	  4.6384e+03	  0.0000e+00	  1.4997e-01	  0.0000e+00	
  7.0511e+00	  6.4106e-03	  4.1502e-04	  7.6721e-03	  1.6822e-03	  2.1856e-06	  1.3983e-02	  1.0256e-03	  5.0900e-04	  5.0230e-04	  4.6387e+03	  0.0000e+00	  1.4997e-01	  0.0000e+00	
  7.0510e+00	  6.4109e-03	  4.1503e-04	  7.6724e-03	  1.6823e-03	  2.1859e-06	  1.3984e-02	  1.0257e-03	  5.0900e-04	  5.0235e-04	  4.6389e+03	  0.0000e+00	  1.4997e-01	  0.0000e+00	
  7.0510e+00	  6.4111e-03	  4.1503e-04	  7.6727e-03	  1.6823e-03	  2.1862e-06	  1.3985e-02	  1.0258e-03	  5.0901e-04	  5.0240e-04	  4.6391e+03	  0.0000e+00	  1.4997e-01	  0.0000e+00	
  7.0509e+00	  6.4113e-03	  4.1504e-04	  7.6729e-03	  1.6824e-03	  2.1865e-06	  1.3985e-02	  1.0259e-03	  5.0902e-04	  5.0244e-04	  4.6393e+03	  0.0000e+00	  1.4997e-01	  0.0000e+00	
  7.0509e+00	  6.4116e-03	  4.1505e-04	  7.6732e-03	  1.6824e-03	  2.1868e-06	  1.3986e-02	  1.0260e-03	  5.0902e-04	  5.0249e-04	  4.6395e+03	  0.0000e+00	  1.4997e-01	  0.0000e+00	
  7.0508e+00	  6.4118e-03	  4.1506e-04	  7.6734e-03	  1.6825e-03	  2.1871e-06	  1.3987e-02	  1.0260e-03	  5.0903e-04	  5.0253e-04	  4.6397e+03	  0.0000e+00	  1.4997e-01	  0.0000e+00	
  7.0508e+00	  6.4120e-03	  4.1506e-04	  7.6737e-03	  1.6826e-03	  2.1874e-06	  1.3988e-02	  1.0261e-03	  5.0904e-04	  5.0257e-04	  4.6398e+03	  0.0000e+00	  1.4997e-01	  0.0000e+00	
  7.0508e+00	  6.4122e-03	  4.1507e-04	  7.6739e-03	  1.6826e-03	  2.1877e-06	  1.3988e-02	  1.0262e-03	  5.0904e-04	  5.0261e-04	  4.6400e+03	  0.0000e+00	  1.4997e-01	  0.0000e+00	
  7.0507e+00	  6.4124e-03	  4.1508e-04	  7.6742e-03	  1.6827e-03	  2.1880e-06	  1.3989e-02	  1.0262e-03	  5.0905e-04	  5.0265e-04	  4.6402e+03	  0.0000e+00	  1.4997e-01	  0.0000e+00	
  7.0507e+00	  6.4126e-03	  4.1508e-04	  7.6744e-03	  1.6827e-03	  2.1882e-06	  1.3990e-02	  1.0263e-03	  5.0906e-04	  5.0269e-04	  4.6403e+03	  0.0000e+00	  1.4997e-01	  0.0000e+00	
  7.0506e+00	  6.4128e-03	  4.1509e-04	  7.6746e-03	  1.6828e-03	  2.1885e-06	  1.3990e-02	  1.0264e-03	  5.0906e-04	  5.0273e-04	  4.6405e+03	  0.0000e+00	  1.4997e-01	  0.0000e+00	
  7.0506e+00	  6.4130e-03	  4.1510e-04	  7.6748e-03	  1.6828e-03	  2.1887e-06	  1.3991e-02	  1.0264e-03	  5.0907e-04	  5.0276e-04	  4.6407e+03	  0.0000e+00	  1.4997e-01	  0.0000e+00	
  7.0506e+00	  6.4131e-03	  4.1510e-04	  7.6750e-03	  1.6828e-03	  2.1889e-06	  1.3991e-02	  1.0265e-03	  5.0907e-04	  5.0280e-04	  4.6408e+03	  0.0000e+00	  1.4997e-01	  0.0000e+00	
  7.0505e+00	  6.4133e-03	  4.1511e-04	  7.6752e-03	  1.6829e-03	  2.1891e-06	  1.3992e-02	  1.0266e-03	  5.0908e-04	  5.0283e-04	  4.6409e+03	  0.0000e+00	  1.4997e-01	  0.0000e+00	
  7.0505e+00	  6.4134e-03	  4.1511e-04	  7.6754e-03	  1.6829e-03	  2.1894e-06	  1.3992e-02	  1.0266e-03	  5.0908e-04	  5.0286e-04	  4.6411e+03	  0.0000e+00	  1.4997e-01	  0.0000e+00	
  7.0505e+00	  6.4136e-03	  4.1512e-04	  7.6755e-03	  1.6830e-03	  2.1896e-06	  1.3993e-02	  1.0267e-03	  5.0909e-04	  5.0289e-04	  4.6412e+03	  0.0000e+00	  1.4997e-01	  0.0000e+00	
  7.0504e+00	  6.4138e-03	  4.1512e-04	  7.6757e-03	  1.6830e-03	  2.1898e-06	  1.3993e-02	  1.0267e-03	  5.0909e-04	  5.0292e-04	  4.6413e+03	  0.0000e+00	  1.4997e-01	  0.0000e+00	
  7.0504e+00	  6.4139e-03	  4.1513e-04	  7.6759e-03	  1.6830e-03	  2.1900e-06	  1.3994e-02	  1.0268e-03	  5.0909e-04	  5.0295e-04	  4.6415e+03	  0.0000e+00	  1.4997e-01	  0.0000e+00	
  7.0504e+00	  6.4140e-03	  4.1513e-04	  7.6760e-03	  1.6831e-03	  2.1901e-06	  1.3994e-02	  1.0268e-03	  5.0910e-04	  5.0298e-04	  4.6416e+03	  0.0000e+00	  1.4997e-01	  0.0000e+00	
  7.0504e+00	  6.4142e-03	  4.1514e-04	  7.6762e-03	  1.6831e-03	  2.1903e-06	  1.3995e-02	  1.0269e-03	  5.0910e-04	  5.0301e-04	  4.6417e+03	  0.0000e+00	  1.4997e-01	  0.0000e+00	
  7.0503e+00	  6.4143e-03	  4.1514e-04	  7.6763e-03	  1.6832e-03	  2.1905e-06	  1.3995e-02	  1.0269e-03	  5.0911e-04	  5.0303e-04	  4.6418e+03	  0.0000e+00	  1.4997e-01	  0.0000e+00	
  7.0503e+00	  6.4144e-03	  4.1515e-04	  7.6765e-03	  1.6832e-03	  2.1907e-06	  1.3996e-02	  1.0270e-03	  5.0911e-04	  5.0306e-04	  4.6419e+03	  0.0000e+00	  1.4997e-01	  0.0000e+00	
  7.0503e+00	  6.4145e-03	  4.1515e-04	  7.6766e-03	  1.6832e-03	  2.1908e-06	  1.3996e-02	  1.0270e-03	  5.0911e-04	  5.0308e-04	  4.6420e+03	  0.0000e+00	  1.4997e-01	  0.0000e+00	
  7.0503e+00	  6.4147e-03	  4.1515e-04	  7.6768e-03	  1.6832e-03	  2.1910e-06	  1.3997e-02	  1.0270e-03	  5.0912e-04	  5.0310e-04	  4.6421e+03	  0.0000e+00	  1.4997e-01	  0.0000e+00	
  7.0502e+00	  6.4148e-03	  4.1516e-04	  7.6769e-03	  1.6833e-03	  2.1911e-06	  1.3997e-02	  1.0271e-03	  5.0912e-04	  5.0313e-04	  4.6422e+03	  0.0000e+00	  1.4997e-01	  0.0000e+00	
  7.0502e+00	  6.4149e-03	  4.1516e-04	  7.6770e-03	  1.6833e-03	  2.1913e-06	  1.3997e-02	  1.0271e-03	  5.0912e-04	  5.0315e-04	  4.6423e+03	  0.0000e+00	  1.4997e-01	  0.0000e+00	
  7.0502e+00	  6.4150e-03	  4.1516e-04	  7.6771e-03	  1.6833e-03	  2.1914e-06	  1.3998e-02	  1.0272e-03	  5.0913e-04	  5.0317e-04	  4.6424e+03	  0.0000e+00	  1.4997e-01	  0.0000e+00	
  7.0502e+00	  6.4151e-03	  4.1517e-04	  7.6773e-03	  1.6834e-03	  2.1916e-06	  1.3998e-02	  1.0272e-03	  5.0913e-04	  5.0319e-04	  4.6425e+03	  0.0000e+00	  1.4997e-01	  0.0000e+00	
  7.0502e+00	  6.4152e-03	  4.1517e-04	  7.6774e-03	  1.6834e-03	  2.1917e-06	  1.3998e-02	  1.0272e-03	  5.0913e-04	  5.0321e-04	  4.6426e+03	  0.0000e+00	  1.4997e-01	  0.0000e+00	
  7.0501e+00	  6.4153e-03	  4.1517e-04	  7.6775e-03	  1.6834e-03	  2.1918e-06	  1.3999e-02	  1.0273e-03	  5.0914e-04	  5.0323e-04	  4.6426e+03	  0.0000e+00	  1.4997e-01	  0.0000e+00	
  7.0501e+00	  6.4154e-03	  4.1518e-04	  7.6776e-03	  1.6834e-03	  2.1919e-06	  1.3999e-02	  1.0273e-03	  5.0914e-04	  5.0325e-04	  4.6427e+03	  0.0000e+00	  1.4997e-01	  0.0000e+00	
  7.0501e+00	  6.4155e-03	  4.1518e-04	  7.6777e-03	  1.6835e-03	  2.1920e-06	  1.3999e-02	  1.0273e-03	  5.0914e-04	  5.0326e-04	  4.6428e+03	  0.0000e+00	  1.4997e-01	  0.0000e+00	
  7.0501e+00	  6.4155e-03	  4.1518e-04	  7.6778e-03	  1.6835e-03	  2.1922e-06	  1.4000e-02	  1.0274e-03	  5.0914e-04	  5.0328e-04	  4.6429e+03	  0.0000e+00	  1.4997e-01	  0.0000e+00	
  7.0501e+00	  6.4156e-03	  4.1519e-04	  7.6779e-03	  1.6835e-03	  2.1923e-06	  1.4000e-02	  1.0274e-03	  5.0915e-04	  5.0330e-04	  4.6429e+03	  0.0000e+00	  1.4997e-01	  0.0000e+00	
  7.0501e+00	  6.4157e-03	  4.1519e-04	  7.6780e-03	  1.6835e-03	  2.1924e-06	  1.4000e-02	  1.0274e-03	  5.0915e-04	  5.0331e-04	  4.6430e+03	  0.0000e+00	  1.4997e-01	  0.0000e+00	
  7.0500e+00	  6.4158e-03	  4.1519e-04	  7.6781e-03	  1.6835e-03	  2.1925e-06	  1.4000e-02	  1.0274e-03	  5.0915e-04	  5.0333e-04	  4.6431e+03	  0.0000e+00	  1.4997e-01	  0.0000e+00	
  7.0500e+00	  6.4159e-03	  4.1519e-04	  7.6781e-03	  1.6836e-03	  2.1926e-06	  1.4001e-02	  1.0275e-03	  5.0915e-04	  5.0334e-04	  4.6431e+03	  0.0000e+00	  1.4997e-01	  0.0000e+00	
