          pH	          Na	           K	          Ca	          Mg	         PO4	          Cl	         SO4	         NH4	        HCO3	          sc	         FeS	      Pyrite	     Calcite	       CaPO4	      Fe3PO4	     CaMgCO3	
  6.8627e+00	  2.2824e-03	  2.8029e-04	  3.8340e-03	  7.9083e-04	  4.9892e-05	  1.3314e-03	  2.0021e-05	  3.8070e-04	  9.0095e-06	  1.4414e+03	  0.0000e+00	  0.0000e+00	  0.0000e+00	  0.0000e+00	  0.0000e+00	  0.0000e+00	
  6.8627e+00	  2.2824e-03	  2.8029e-04	  3.8340e-03	  7.9083e-04	  4.9892e-05	  1.3314e-03	  2.0021e-05	  3.8070e-04	  9.0095e-06	  1.4414e+03	  0.0000e+00	  0.0000e+00	  0.0000e+00	  0.0000e+00	  0.0000e+00	  0.0000e+00	
  7.0010e+00	  2.3232e-03	  2.8475e-04	  3.8273e-03	  8.1438e-04	  1.0948e-05	  1.4256e-03	  4.4896e-05	  3.8724e-04	  1.6963e-04	  1.4930e+03	  0.0000e+00	  1.4999e-01	  0.0000e+00	  2.6396e-01	  1.0427e-01	  0.0000e+00	
  6.9999e+00	  2.3391e-03	  2.8617e-04	  3.8719e-03	  8.2401e-04	  1.0880e-05	  1.5274e-03	  6.8907e-05	  3.8914e-04	  2.2134e-04	  1.5273e+03	  0.0000e+00	  1.4999e-01	  0.0000e+00	  2.6409e-01	  1.0407e-01	  0.0000e+00	
  6.9988e+00	  2.3545e-03	  2.8752e-04	  3.9148e-03	  8.3331e-04	  1.0815e-05	  1.6252e-03	  9.1875e-05	  3.9095e-04	  2.7101e-04	  1.5601e+03	  0.0000e+00	  1.4999e-01	  0.0000e+00	  2.6422e-01	  1.0388e-01	  0.0000e+00	
  6.9978e+00	  2.3692e-03	  2.8883e-04	  3.9563e-03	  8.4228e-04	  1.0753e-05	  1.7190e-03	  1.1386e-04	  3.9269e-04	  3.1875e-04	  1.5916e+03	  0.0000e+00	  1.4999e-01	  0.0000e+00	  2.6434e-01	  1.0370e-01	  0.0000e+00	
  6.9969e+00	  2.3835e-03	  2.9008e-04	  3.9962e-03	  8.5094e-04	  1.0694e-05	  1.8090e-03	  1.3490e-04	  3.9436e-04	  3.6464e-04	  1.6219e+03	  0.0000e+00	  1.4999e-01	  0.0000e+00	  2.6446e-01	  1.0352e-01	  0.0000e+00	
  6.9960e+00	  2.3972e-03	  2.9128e-04	  4.0348e-03	  8.5929e-04	  1.0638e-05	  1.8956e-03	  1.5506e-04	  3.9596e-04	  4.0876e-04	  1.6509e+03	  0.0000e+00	  1.4999e-01	  0.0000e+00	  2.6457e-01	  1.0335e-01	  0.0000e+00	
  6.9951e+00	  2.4104e-03	  2.9243e-04	  4.0720e-03	  8.6735e-04	  1.0585e-05	  1.9787e-03	  1.7438e-04	  3.9750e-04	  4.5118e-04	  1.6788e+03	  0.0000e+00	  1.4999e-01	  0.0000e+00	  2.6468e-01	  1.0319e-01	  0.0000e+00	
  6.9943e+00	  2.4232e-03	  2.9354e-04	  4.1079e-03	  8.7512e-04	  1.0534e-05	  2.0586e-03	  1.9291e-04	  3.9898e-04	  4.9200e-04	  1.7057e+03	  0.0000e+00	  1.4999e-01	  0.0000e+00	  2.6479e-01	  1.0303e-01	  0.0000e+00	
  6.9935e+00	  2.4355e-03	  2.9460e-04	  4.1426e-03	  8.8262e-04	  1.0485e-05	  2.1353e-03	  2.1067e-04	  4.0040e-04	  5.3126e-04	  1.7314e+03	  0.0000e+00	  1.4999e-01	  0.0000e+00	  2.6489e-01	  1.0287e-01	  0.0000e+00	
  6.9928e+00	  2.4473e-03	  2.9562e-04	  4.1760e-03	  8.8986e-04	  1.0438e-05	  2.2092e-03	  2.2771e-04	  4.0176e-04	  5.6904e-04	  1.7562e+03	  0.0000e+00	  1.4999e-01	  0.0000e+00	  2.6499e-01	  1.0273e-01	  0.0000e+00	
  6.9921e+00	  2.4587e-03	  2.9660e-04	  4.2083e-03	  8.9685e-04	  1.0394e-05	  2.2801e-03	  2.4406e-04	  4.0307e-04	  6.0541e-04	  1.7800e+03	  0.0000e+00	  1.4999e-01	  0.0000e+00	  2.6508e-01	  1.0258e-01	  0.0000e+00	
  6.9915e+00	  2.4697e-03	  2.9755e-04	  4.2394e-03	  9.0359e-04	  1.0351e-05	  2.3484e-03	  2.5976e-04	  4.0433e-04	  6.4041e-04	  1.8029e+03	  0.0000e+00	  1.4999e-01	  0.0000e+00	  2.6518e-01	  1.0245e-01	  0.0000e+00	
  6.9908e+00	  2.4804e-03	  2.9845e-04	  4.2694e-03	  9.1010e-04	  1.0310e-05	  2.4141e-03	  2.7483e-04	  4.0554e-04	  6.7410e-04	  1.8249e+03	  0.0000e+00	  1.4999e-01	  0.0000e+00	  2.6526e-01	  1.0231e-01	  0.0000e+00	
  6.9903e+00	  2.4906e-03	  2.9933e-04	  4.2984e-03	  9.1637e-04	  1.0271e-05	  2.4773e-03	  2.8931e-04	  4.0670e-04	  7.0655e-04	  1.8461e+03	  0.0000e+00	  1.4999e-01	  0.0000e+00	  2.6535e-01	  1.0219e-01	  0.0000e+00	
  6.9897e+00	  2.5005e-03	  3.0017e-04	  4.3264e-03	  9.2243e-04	  1.0234e-05	  2.5381e-03	  3.0321e-04	  4.0782e-04	  7.3779e-04	  1.8665e+03	  0.0000e+00	  1.4999e-01	  0.0000e+00	  2.6543e-01	  1.0206e-01	  0.0000e+00	
  6.9891e+00	  2.5100e-03	  3.0097e-04	  4.3534e-03	  9.2828e-04	  1.0198e-05	  2.5966e-03	  3.1658e-04	  4.0890e-04	  7.6788e-04	  1.8861e+03	  0.0000e+00	  1.4999e-01	  0.0000e+00	  2.6551e-01	  1.0194e-01	  0.0000e+00	
  6.9886e+00	  2.5192e-03	  3.0175e-04	  4.3794e-03	  9.3392e-04	  1.0164e-05	  2.6530e-03	  3.2942e-04	  4.0993e-04	  7.9687e-04	  1.9050e+03	  0.0000e+00	  1.4999e-01	  0.0000e+00	  2.6559e-01	  1.0183e-01	  0.0000e+00	
  6.9881e+00	  2.5281e-03	  3.0250e-04	  4.4046e-03	  9.3937e-04	  1.0131e-05	  2.7072e-03	  3.4177e-04	  4.1093e-04	  8.2479e-04	  1.9231e+03	  0.0000e+00	  1.4999e-01	  0.0000e+00	  2.6566e-01	  1.0172e-01	  0.0000e+00	
  6.9877e+00	  2.5367e-03	  3.0322e-04	  4.4289e-03	  9.4463e-04	  1.0100e-05	  2.7594e-03	  3.5364e-04	  4.1188e-04	  8.5169e-04	  1.9406e+03	  0.0000e+00	  1.4999e-01	  0.0000e+00	  2.6573e-01	  1.0161e-01	  0.0000e+00	
  6.9872e+00	  2.5449e-03	  3.0391e-04	  4.4523e-03	  9.4970e-04	  1.0069e-05	  2.8097e-03	  3.6506e-04	  4.1280e-04	  8.7761e-04	  1.9575e+03	  0.0000e+00	  1.4999e-01	  0.0000e+00	  2.6580e-01	  1.0151e-01	  0.0000e+00	
  6.9868e+00	  2.5529e-03	  3.0458e-04	  4.4749e-03	  9.5460e-04	  1.0040e-05	  2.8582e-03	  3.7604e-04	  4.1369e-04	  9.0258e-04	  1.9737e+03	  0.0000e+00	  1.4999e-01	  0.0000e+00	  2.6587e-01	  1.0141e-01	  0.0000e+00	
  6.9864e+00	  2.5606e-03	  3.0522e-04	  4.4967e-03	  9.5933e-04	  1.0013e-05	  2.9048e-03	  3.8661e-04	  4.1454e-04	  9.2665e-04	  1.9893e+03	  0.0000e+00	  1.4999e-01	  0.0000e+00	  2.6593e-01	  1.0131e-01	  0.0000e+00	
  6.9860e+00	  2.5680e-03	  3.0584e-04	  4.5178e-03	  9.6389e-04	  9.9860e-06	  2.9498e-03	  3.9677e-04	  4.1537e-04	  9.4985e-04	  2.0044e+03	  0.0000e+00	  1.4999e-01	  0.0000e+00	  2.6599e-01	  1.0122e-01	  0.0000e+00	
  6.9856e+00	  2.5751e-03	  3.0643e-04	  4.5381e-03	  9.6829e-04	  9.9604e-06	  2.9931e-03	  4.0656e-04	  4.1616e-04	  9.7221e-04	  2.0188e+03	  0.0000e+00	  1.4999e-01	  0.0000e+00	  2.6605e-01	  1.0113e-01	  0.0000e+00	
  6.9853e+00	  2.5820e-03	  3.0701e-04	  4.5577e-03	  9.7254e-04	  9.9358e-06	  3.0348e-03	  4.1597e-04	  4.1692e-04	  9.9376e-04	  2.0328e+03	  0.0000e+00	  1.4999e-01	  0.0000e+00	  2.6611e-01	  1.0104e-01	  0.0000e+00	
  6.9849e+00	  2.5887e-03	  3.0756e-04	  4.5767e-03	  9.7665e-04	  9.9122e-06	  3.0750e-03	  4.2504e-04	  4.1765e-04	  1.0145e-03	  2.0463e+03	  0.0000e+00	  1.4999e-01	  0.0000e+00	  2.6617e-01	  1.0096e-01	  0.0000e+00	
  6.9846e+00	  2.5951e-03	  3.0809e-04	  4.5950e-03	  9.8061e-04	  9.8895e-06	  3.1137e-03	  4.3376e-04	  4.1836e-04	  1.0346e-03	  2.0592e+03	  0.0000e+00	  1.4999e-01	  0.0000e+00	  2.6622e-01	  1.0088e-01	  0.0000e+00	
  6.9843e+00	  2.6013e-03	  3.0860e-04	  4.6126e-03	  9.8443e-04	  9.8678e-06	  3.1511e-03	  4.4217e-04	  4.1904e-04	  1.0539e-03	  2.0717e+03	  0.0000e+00	  1.4999e-01	  0.0000e+00	  2.6627e-01	  1.0080e-01	  0.0000e+00	
  6.9840e+00	  2.6073e-03	  3.0910e-04	  4.6296e-03	  9.8812e-04	  9.8468e-06	  3.1871e-03	  4.5026e-04	  4.1970e-04	  1.0725e-03	  2.0837e+03	  0.0000e+00	  1.4999e-01	  0.0000e+00	  2.6632e-01	  1.0073e-01	  0.0000e+00	
  6.9837e+00	  2.6131e-03	  3.0957e-04	  4.6461e-03	  9.9169e-04	  9.8267e-06	  3.2217e-03	  4.5805e-04	  4.2033e-04	  1.0905e-03	  2.0953e+03	  0.0000e+00	  1.4999e-01	  0.0000e+00	  2.6637e-01	  1.0066e-01	  0.0000e+00	
  6.9835e+00	  2.6186e-03	  3.1003e-04	  4.6620e-03	  9.9513e-04	  9.8074e-06	  3.2552e-03	  4.6555e-04	  4.2094e-04	  1.1078e-03	  2.1065e+03	  0.0000e+00	  1.4999e-01	  0.0000e+00	  2.6642e-01	  1.0059e-01	  0.0000e+00	
  6.9832e+00	  2.6240e-03	  3.1047e-04	  4.6773e-03	  9.9845e-04	  9.7888e-06	  3.2874e-03	  4.7278e-04	  4.2152e-04	  1.1245e-03	  2.1173e+03	  0.0000e+00	  1.4999e-01	  0.0000e+00	  2.6646e-01	  1.0052e-01	  0.0000e+00	
  6.9829e+00	  2.6292e-03	  3.1090e-04	  4.6921e-03	  1.0017e-03	  9.7709e-06	  3.3185e-03	  4.7975e-04	  4.2209e-04	  1.1406e-03	  2.1277e+03	  0.0000e+00	  1.4999e-01	  0.0000e+00	  2.6651e-01	  1.0046e-01	  0.0000e+00	
  6.9827e+00	  2.6342e-03	  3.1131e-04	  4.7064e-03	  1.0047e-03	  9.7537e-06	  3.3484e-03	  4.8646e-04	  4.2263e-04	  1.1561e-03	  2.1377e+03	  0.0000e+00	  1.4999e-01	  0.0000e+00	  2.6655e-01	  1.0039e-01	  0.0000e+00	
  6.9825e+00	  2.6391e-03	  3.1171e-04	  4.7201e-03	  1.0077e-03	  9.7372e-06	  3.3773e-03	  4.9293e-04	  4.2316e-04	  1.1711e-03	  2.1474e+03	  0.0000e+00	  1.4999e-01	  0.0000e+00	  2.6659e-01	  1.0033e-01	  0.0000e+00	
  6.9823e+00	  2.6437e-03	  3.1209e-04	  4.7334e-03	  1.0106e-03	  9.7213e-06	  3.4052e-03	  4.9916e-04	  4.2367e-04	  1.1855e-03	  2.1567e+03	  0.0000e+00	  1.4999e-01	  0.0000e+00	  2.6663e-01	  1.0028e-01	  0.0000e+00	
  6.9820e+00	  2.6482e-03	  3.1246e-04	  4.7463e-03	  1.0134e-03	  9.7060e-06	  3.4321e-03	  5.0516e-04	  4.2415e-04	  1.1995e-03	  2.1657e+03	  0.0000e+00	  1.4999e-01	  0.0000e+00	  2.6666e-01	  1.0022e-01	  0.0000e+00	
  6.9818e+00	  2.6526e-03	  3.1281e-04	  4.7587e-03	  1.0161e-03	  9.6913e-06	  3.4580e-03	  5.1095e-04	  4.2462e-04	  1.2129e-03	  2.1743e+03	  0.0000e+00	  1.4999e-01	  0.0000e+00	  2.6670e-01	  1.0016e-01	  0.0000e+00	
  6.9816e+00	  2.6568e-03	  3.1315e-04	  4.7707e-03	  1.0187e-03	  9.6771e-06	  3.4829e-03	  5.1653e-04	  4.2508e-04	  1.2259e-03	  2.1827e+03	  0.0000e+00	  1.4999e-01	  0.0000e+00	  2.6673e-01	  1.0011e-01	  0.0000e+00	
  6.9815e+00	  2.6608e-03	  3.1348e-04	  4.7822e-03	  1.0212e-03	  9.6634e-06	  3.5070e-03	  5.2190e-04	  4.2551e-04	  1.2384e-03	  2.1907e+03	  0.0000e+00	  1.4999e-01	  0.0000e+00	  2.6677e-01	  1.0006e-01	  0.0000e+00	
  6.9813e+00	  2.6647e-03	  3.1380e-04	  4.7934e-03	  1.0236e-03	  9.6503e-06	  3.5303e-03	  5.2709e-04	  4.2594e-04	  1.2505e-03	  2.1985e+03	  0.0000e+00	  1.4999e-01	  0.0000e+00	  2.6680e-01	  1.0001e-01	  0.0000e+00	
  6.9811e+00	  2.6685e-03	  3.1411e-04	  4.8042e-03	  1.0259e-03	  9.6377e-06	  3.5527e-03	  5.3208e-04	  4.2634e-04	  1.2621e-03	  2.2060e+03	  0.0000e+00	  1.4999e-01	  0.0000e+00	  2.6683e-01	  9.9966e-02	  0.0000e+00	
  6.9809e+00	  2.6722e-03	  3.1440e-04	  4.8145e-03	  1.0282e-03	  9.6255e-06	  3.5743e-03	  5.3690e-04	  4.2673e-04	  1.2734e-03	  2.2132e+03	  0.0000e+00	  1.4999e-01	  0.0000e+00	  2.6686e-01	  9.9921e-02	  0.0000e+00	
  6.9808e+00	  2.6757e-03	  3.1469e-04	  4.8246e-03	  1.0304e-03	  9.6138e-06	  3.5952e-03	  5.4154e-04	  4.2711e-04	  1.2842e-03	  2.2202e+03	  0.0000e+00	  1.4999e-01	  0.0000e+00	  2.6689e-01	  9.9877e-02	  0.0000e+00	
  6.9806e+00	  2.6791e-03	  3.1496e-04	  4.8343e-03	  1.0325e-03	  9.6025e-06	  3.6153e-03	  5.4602e-04	  4.2748e-04	  1.2947e-03	  2.2269e+03	  0.0000e+00	  1.4999e-01	  0.0000e+00	  2.6692e-01	  9.9835e-02	  0.0000e+00	
  6.9805e+00	  2.6824e-03	  3.1523e-04	  4.8436e-03	  1.0345e-03	  9.5916e-06	  3.6347e-03	  5.5034e-04	  4.2783e-04	  1.3048e-03	  2.2334e+03	  0.0000e+00	  1.4999e-01	  0.0000e+00	  2.6695e-01	  9.9794e-02	  0.0000e+00	
  6.9803e+00	  2.6855e-03	  3.1548e-04	  4.8527e-03	  1.0365e-03	  9.5811e-06	  3.6534e-03	  5.5450e-04	  4.2817e-04	  1.3145e-03	  2.2396e+03	  0.0000e+00	  1.4999e-01	  0.0000e+00	  2.6697e-01	  9.9755e-02	  0.0000e+00	
  6.9802e+00	  2.6886e-03	  3.1573e-04	  4.8614e-03	  1.0383e-03	  9.5711e-06	  3.6715e-03	  5.5852e-04	  4.2849e-04	  1.3239e-03	  2.2457e+03	  0.0000e+00	  1.4999e-01	  0.0000e+00	  2.6700e-01	  9.9717e-02	  0.0000e+00	
  6.9801e+00	  2.6915e-03	  3.1597e-04	  4.8698e-03	  1.0402e-03	  9.5613e-06	  3.6889e-03	  5.6239e-04	  4.2881e-04	  1.3330e-03	  2.2515e+03	  0.0000e+00	  1.4999e-01	  0.0000e+00	  2.6702e-01	  9.9680e-02	  0.0000e+00	
  6.9799e+00	  2.6944e-03	  3.1619e-04	  4.8779e-03	  1.0419e-03	  9.5520e-06	  3.7057e-03	  5.6613e-04	  4.2911e-04	  1.3417e-03	  2.2571e+03	  0.0000e+00	  1.4999e-01	  0.0000e+00	  2.6705e-01	  9.9644e-02	  0.0000e+00	
  6.9798e+00	  2.6971e-03	  3.1642e-04	  4.8858e-03	  1.0436e-03	  9.5430e-06	  3.7220e-03	  5.6973e-04	  4.2940e-04	  1.3502e-03	  2.2625e+03	  0.0000e+00	  1.4999e-01	  0.0000e+00	  2.6707e-01	  9.9610e-02	  0.0000e+00	
  6.9797e+00	  2.6998e-03	  3.1663e-04	  4.8934e-03	  1.0453e-03	  9.5343e-06	  3.7376e-03	  5.7321e-04	  4.2969e-04	  1.3583e-03	  2.2677e+03	  0.0000e+00	  1.4999e-01	  0.0000e+00	  2.6709e-01	  9.9577e-02	  0.0000e+00	
  6.9796e+00	  2.7023e-03	  3.1684e-04	  4.9007e-03	  1.0469e-03	  9.5259e-06	  3.7527e-03	  5.7656e-04	  4.2996e-04	  1.3662e-03	  2.2728e+03	  0.0000e+00	  1.4999e-01	  0.0000e+00	  2.6711e-01	  9.9545e-02	  0.0000e+00	
  6.9795e+00	  2.7048e-03	  3.1703e-04	  4.9078e-03	  1.0484e-03	  9.5178e-06	  3.7673e-03	  5.7979e-04	  4.3022e-04	  1.3738e-03	  2.2776e+03	  0.0000e+00	  1.4999e-01	  0.0000e+00	  2.6713e-01	  9.9515e-02	  0.0000e+00	
  6.9794e+00	  2.7072e-03	  3.1723e-04	  4.9146e-03	  1.0499e-03	  9.5100e-06	  3.7814e-03	  5.8291e-04	  4.3048e-04	  1.3811e-03	  2.2823e+03	  0.0000e+00	  1.4999e-01	  0.0000e+00	  2.6715e-01	  9.9485e-02	  0.0000e+00	
  6.9793e+00	  2.7095e-03	  3.1741e-04	  4.9212e-03	  1.0513e-03	  9.5025e-06	  3.7949e-03	  5.8592e-04	  4.3072e-04	  1.3882e-03	  2.2869e+03	  0.0000e+00	  1.4999e-01	  0.0000e+00	  2.6717e-01	  9.9456e-02	  0.0000e+00	
  6.9792e+00	  2.7117e-03	  3.1759e-04	  4.9275e-03	  1.0527e-03	  9.4953e-06	  3.8080e-03	  5.8882e-04	  4.3096e-04	  1.3950e-03	  2.2912e+03	  0.0000e+00	  1.4999e-01	  0.0000e+00	  2.6719e-01	  9.9429e-02	  0.0000e+00	
  6.9791e+00	  2.7139e-03	  3.1776e-04	  4.9337e-03	  1.0540e-03	  9.4883e-06	  3.8207e-03	  5.9162e-04	  4.3119e-04	  1.4016e-03	  2.2955e+03	  0.0000e+00	  1.4999e-01	  0.0000e+00	  2.6721e-01	  9.9402e-02	  0.0000e+00	
  6.9790e+00	  2.7159e-03	  3.1793e-04	  4.9396e-03	  1.0553e-03	  9.4816e-06	  3.8329e-03	  5.9433e-04	  4.3141e-04	  1.4079e-03	  2.2995e+03	  0.0000e+00	  1.4999e-01	  0.0000e+00	  2.6723e-01	  9.9376e-02	  0.0000e+00	
  6.9789e+00	  2.7179e-03	  3.1809e-04	  4.9453e-03	  1.0565e-03	  9.4751e-06	  3.8446e-03	  5.9693e-04	  4.3162e-04	  1.4141e-03	  2.3035e+03	  0.0000e+00	  1.4999e-01	  0.0000e+00	  2.6724e-01	  9.9351e-02	  0.0000e+00	
  6.9788e+00	  2.7199e-03	  3.1824e-04	  4.9508e-03	  1.0577e-03	  9.4689e-06	  3.8560e-03	  5.9945e-04	  4.3182e-04	  1.4200e-03	  2.3073e+03	  0.0000e+00	  1.4999e-01	  0.0000e+00	  2.6726e-01	  9.9327e-02	  0.0000e+00	
  6.9788e+00	  2.7217e-03	  3.1839e-04	  4.9562e-03	  1.0589e-03	  9.4629e-06	  3.8670e-03	  6.0188e-04	  4.3202e-04	  1.4257e-03	  2.3109e+03	  0.0000e+00	  1.4999e-01	  0.0000e+00	  2.6727e-01	  9.9304e-02	  0.0000e+00	
  6.9787e+00	  2.7235e-03	  3.1854e-04	  4.9613e-03	  1.0600e-03	  9.4571e-06	  3.8776e-03	  6.0422e-04	  4.3221e-04	  1.4312e-03	  2.3145e+03	  0.0000e+00	  1.4999e-01	  0.0000e+00	  2.6729e-01	  9.9282e-02	  0.0000e+00	
  6.9786e+00	  2.7253e-03	  3.1868e-04	  4.9663e-03	  1.0611e-03	  9.4515e-06	  3.8878e-03	  6.0648e-04	  4.3240e-04	  1.4365e-03	  2.3179e+03	  0.0000e+00	  1.4999e-01	  0.0000e+00	  2.6730e-01	  9.9260e-02	  0.0000e+00	
  6.9785e+00	  2.7270e-03	  3.1881e-04	  4.9711e-03	  1.0621e-03	  9.4461e-06	  3.8976e-03	  6.0866e-04	  4.3257e-04	  1.4417e-03	  2.3212e+03	  0.0000e+00	  1.4999e-01	  0.0000e+00	  2.6732e-01	  9.9239e-02	  0.0000e+00	
  6.9785e+00	  2.7286e-03	  3.1894e-04	  4.9757e-03	  1.0631e-03	  9.4408e-06	  3.9071e-03	  6.1076e-04	  4.3275e-04	  1.4466e-03	  2.3243e+03	  0.0000e+00	  1.4999e-01	  0.0000e+00	  2.6733e-01	  9.9219e-02	  0.0000e+00	
  6.9784e+00	  2.7301e-03	  3.1906e-04	  4.9802e-03	  1.0641e-03	  9.4358e-06	  3.9163e-03	  6.1279e-04	  4.3291e-04	  1.4514e-03	  2.3274e+03	  0.0000e+00	  1.4999e-01	  0.0000e+00	  2.6734e-01	  9.9200e-02	  0.0000e+00	
  6.9783e+00	  2.7317e-03	  3.1919e-04	  4.9845e-03	  1.0650e-03	  9.4310e-06	  3.9252e-03	  6.1475e-04	  4.3307e-04	  1.4560e-03	  2.3304e+03	  0.0000e+00	  1.4999e-01	  0.0000e+00	  2.6736e-01	  9.9181e-02	  0.0000e+00	
  6.9783e+00	  2.7331e-03	  3.1930e-04	  4.9887e-03	  1.0659e-03	  9.4263e-06	  3.9337e-03	  6.1664e-04	  4.3323e-04	  1.4605e-03	  2.3332e+03	  0.0000e+00	  1.4999e-01	  0.0000e+00	  2.6737e-01	  9.9163e-02	  0.0000e+00	
  6.9782e+00	  2.7345e-03	  3.1941e-04	  4.9927e-03	  1.0668e-03	  9.4218e-06	  3.9420e-03	  6.1847e-04	  4.3337e-04	  1.4648e-03	  2.3360e+03	  0.0000e+00	  1.4999e-01	  0.0000e+00	  2.6738e-01	  9.9145e-02	  0.0000e+00	
  6.9782e+00	  2.7359e-03	  3.1952e-04	  4.9966e-03	  1.0676e-03	  9.4175e-06	  3.9500e-03	  6.2023e-04	  4.3352e-04	  1.4690e-03	  2.3386e+03	  0.0000e+00	  1.4999e-01	  0.0000e+00	  2.6739e-01	  9.9128e-02	  0.0000e+00	
  6.9781e+00	  2.7372e-03	  3.1963e-04	  5.0004e-03	  1.0685e-03	  9.4133e-06	  3.9577e-03	  6.2193e-04	  4.3366e-04	  1.4730e-03	  2.3412e+03	  0.0000e+00	  1.4999e-01	  0.0000e+00	  2.6740e-01	  9.9112e-02	  0.0000e+00	
  6.9781e+00	  2.7385e-03	  3.1973e-04	  5.0040e-03	  1.0693e-03	  9.4092e-06	  3.9651e-03	  6.2357e-04	  4.3379e-04	  1.4769e-03	  2.3437e+03	  0.0000e+00	  1.4999e-01	  0.0000e+00	  2.6741e-01	  9.9096e-02	  0.0000e+00	
  6.9780e+00	  2.7397e-03	  3.1983e-04	  5.0075e-03	  1.0700e-03	  9.4053e-06	  3.9723e-03	  6.2515e-04	  4.3392e-04	  1.4806e-03	  2.3461e+03	  0.0000e+00	  1.4999e-01	  0.0000e+00	  2.6742e-01	  9.9081e-02	  0.0000e+00	
  6.9780e+00	  2.7409e-03	  3.1992e-04	  5.0109e-03	  1.0707e-03	  9.4015e-06	  3.9792e-03	  6.2668e-04	  4.3404e-04	  1.4842e-03	  2.3484e+03	  0.0000e+00	  1.4999e-01	  0.0000e+00	  2.6743e-01	  9.9066e-02	  0.0000e+00	
  6.9779e+00	  2.7420e-03	  3.2001e-04	  5.0141e-03	  1.0714e-03	  9.3979e-06	  3.9859e-03	  6.2816e-04	  4.3416e-04	  1.4877e-03	  2.3506e+03	  0.0000e+00	  1.4999e-01	  0.0000e+00	  2.6744e-01	  9.9052e-02	  0.0000e+00	
  6.9779e+00	  2.7431e-03	  3.2010e-04	  5.0173e-03	  1.0721e-03	  9.3944e-06	  3.9923e-03	  6.2958e-04	  4.3428e-04	  1.4911e-03	  2.3527e+03	  0.0000e+00	  1.4999e-01	  0.0000e+00	  2.6745e-01	  9.9039e-02	  0.0000e+00	
  6.9778e+00	  2.7442e-03	  3.2018e-04	  5.0203e-03	  1.0728e-03	  9.3910e-06	  3.9985e-03	  6.3095e-04	  4.3439e-04	  1.4943e-03	  2.3548e+03	  0.0000e+00	  1.4999e-01	  0.0000e+00	  2.6746e-01	  9.9025e-02	  0.0000e+00	
  6.9778e+00	  2.7452e-03	  3.2027e-04	  5.0233e-03	  1.0734e-03	  9.3878e-06	  4.0045e-03	  6.3228e-04	  4.3450e-04	  1.4975e-03	  2.3568e+03	  0.0000e+00	  1.4999e-01	  0.0000e+00	  2.6747e-01	  9.9013e-02	  0.0000e+00	
  6.9777e+00	  2.7462e-03	  3.2034e-04	  5.0261e-03	  1.0740e-03	  9.3846e-06	  4.0103e-03	  6.3356e-04	  4.3460e-04	  1.5005e-03	  2.3588e+03	  0.0000e+00	  1.4999e-01	  0.0000e+00	  2.6748e-01	  9.9000e-02	  0.0000e+00	
  6.9777e+00	  2.7472e-03	  3.2042e-04	  5.0289e-03	  1.0746e-03	  9.3816e-06	  4.0159e-03	  6.3479e-04	  4.3471e-04	  1.5034e-03	  2.3606e+03	  0.0000e+00	  1.4999e-01	  0.0000e+00	  2.6749e-01	  9.8988e-02	  0.0000e+00	
  6.9777e+00	  2.7481e-03	  3.2049e-04	  5.0315e-03	  1.0752e-03	  9.3786e-06	  4.0213e-03	  6.3599e-04	  4.3480e-04	  1.5062e-03	  2.3624e+03	  0.0000e+00	  1.4999e-01	  0.0000e+00	  2.6749e-01	  9.8977e-02	  0.0000e+00	
  6.9776e+00	  2.7490e-03	  3.2056e-04	  5.0341e-03	  1.0758e-03	  9.3758e-06	  4.0266e-03	  6.3714e-04	  4.3490e-04	  1.5090e-03	  2.3642e+03	  0.0000e+00	  1.4999e-01	  0.0000e+00	  2.6750e-01	  9.8966e-02	  0.0000e+00	
  6.9776e+00	  2.7498e-03	  3.2063e-04	  5.0365e-03	  1.0763e-03	  9.3731e-06	  4.0316e-03	  6.3825e-04	  4.3499e-04	  1.5116e-03	  2.3659e+03	  0.0000e+00	  1.4999e-01	  0.0000e+00	  2.6751e-01	  9.8955e-02	  0.0000e+00	
  6.9775e+00	  2.7507e-03	  3.2070e-04	  5.0389e-03	  1.0768e-03	  9.3704e-06	  4.0365e-03	  6.3932e-04	  4.3507e-04	  1.5141e-03	  2.3675e+03	  0.0000e+00	  1.4999e-01	  0.0000e+00	  2.6751e-01	  9.8945e-02	  0.0000e+00	
  6.9775e+00	  2.7515e-03	  3.2076e-04	  5.0412e-03	  1.0773e-03	  9.3679e-06	  4.0412e-03	  6.4036e-04	  4.3516e-04	  1.5166e-03	  2.3690e+03	  0.0000e+00	  1.4999e-01	  0.0000e+00	  2.6752e-01	  9.8935e-02	  0.0000e+00	
  6.9775e+00	  2.7523e-03	  3.2082e-04	  5.0434e-03	  1.0778e-03	  9.3654e-06	  4.0457e-03	  6.4136e-04	  4.3524e-04	  1.5189e-03	  2.3706e+03	  0.0000e+00	  1.4999e-01	  0.0000e+00	  2.6753e-01	  9.8925e-02	  0.0000e+00	
  6.9775e+00	  2.7530e-03	  3.2088e-04	  5.0456e-03	  1.0783e-03	  9.3631e-06	  4.0501e-03	  6.4232e-04	  4.3532e-04	  1.5212e-03	  2.3720e+03	  0.0000e+00	  1.4999e-01	  0.0000e+00	  2.6753e-01	  9.8916e-02	  0.0000e+00	
  6.9774e+00	  2.7537e-03	  3.2094e-04	  5.0477e-03	  1.0787e-03	  9.3608e-06	  4.0543e-03	  6.4325e-04	  4.3540e-04	  1.5234e-03	  2.3734e+03	  0.0000e+00	  1.4999e-01	  0.0000e+00	  2.6754e-01	  9.8907e-02	  0.0000e+00	
  6.9774e+00	  2.7544e-03	  3.2100e-04	  5.0497e-03	  1.0791e-03	  9.3586e-06	  4.0584e-03	  6.4415e-04	  4.3547e-04	  1.5256e-03	  2.3748e+03	  0.0000e+00	  1.4999e-01	  0.0000e+00	  2.6755e-01	  9.8898e-02	  0.0000e+00	
  6.9774e+00	  2.7551e-03	  3.2105e-04	  5.0516e-03	  1.0796e-03	  9.3565e-06	  4.0623e-03	  6.4502e-04	  4.3554e-04	  1.5276e-03	  2.3761e+03	  0.0000e+00	  1.4999e-01	  0.0000e+00	  2.6755e-01	  9.8890e-02	  0.0000e+00	
  6.9773e+00	  2.7558e-03	  3.2110e-04	  5.0534e-03	  1.0800e-03	  9.3544e-06	  4.0661e-03	  6.4586e-04	  4.3561e-04	  1.5296e-03	  2.3774e+03	  0.0000e+00	  1.4999e-01	  0.0000e+00	  2.6756e-01	  9.8882e-02	  0.0000e+00	
  6.9773e+00	  2.7564e-03	  3.2115e-04	  5.0552e-03	  1.0804e-03	  9.3524e-06	  4.0698e-03	  6.4667e-04	  4.3567e-04	  1.5315e-03	  2.3786e+03	  0.0000e+00	  1.4999e-01	  0.0000e+00	  2.6756e-01	  9.8874e-02	  0.0000e+00	
  6.9773e+00	  2.7570e-03	  3.2120e-04	  5.0570e-03	  1.0807e-03	  9.3505e-06	  4.0733e-03	  6.4745e-04	  4.3574e-04	  1.5334e-03	  2.3798e+03	  0.0000e+00	  1.4999e-01	  0.0000e+00	  2.6757e-01	  9.8866e-02	  0.0000e+00	
  6.9773e+00	  2.7576e-03	  3.2125e-04	  5.0587e-03	  1.0811e-03	  9.3487e-06	  4.0767e-03	  6.4820e-04	  4.3580e-04	  1.5352e-03	  2.3809e+03	  0.0000e+00	  1.4999e-01	  0.0000e+00	  2.6757e-01	  9.8859e-02	  0.0000e+00	
  6.9772e+00	  2.7581e-03	  3.2129e-04	  5.0603e-03	  1.0814e-03	  9.3469e-06	  4.0800e-03	  6.4893e-04	  4.3586e-04	  1.5369e-03	  2.3820e+03	  0.0000e+00	  1.4999e-01	  0.0000e+00	  2.6758e-01	  9.8852e-02	  0.0000e+00	
  6.9772e+00	  2.7587e-03	  3.2134e-04	  5.0618e-03	  1.0818e-03	  9.3452e-06	  4.0832e-03	  6.4963e-04	  4.3592e-04	  1.5386e-03	  2.3831e+03	  0.0000e+00	  1.4999e-01	  0.0000e+00	  2.6758e-01	  9.8845e-02	  0.0000e+00	
  6.9772e+00	  2.7592e-03	  3.2138e-04	  5.0634e-03	  1.0821e-03	  9.3435e-06	  4.0863e-03	  6.5031e-04	  4.3597e-04	  1.5402e-03	  2.3841e+03	  0.0000e+00	  1.4999e-01	  0.0000e+00	  2.6759e-01	  9.8839e-02	  0.0000e+00	
  6.9772e+00	  2.7597e-03	  3.2142e-04	  5.0648e-03	  1.0824e-03	  9.3419e-06	  4.0893e-03	  6.5097e-04	  4.3602e-04	  1.5417e-03	  2.3851e+03	  0.0000e+00	  1.4999e-01	  0.0000e+00	  2.6759e-01	  9.8832e-02	  0.0000e+00	
  6.9772e+00	  2.7602e-03	  3.2146e-04	  5.0662e-03	  1.0827e-03	  9.3404e-06	  4.0922e-03	  6.5160e-04	  4.3608e-04	  1.5432e-03	  2.3861e+03	  0.0000e+00	  1.4999e-01	  0.0000e+00	  2.6759e-01	  9.8826e-02	  0.0000e+00	
  6.9771e+00	  2.7607e-03	  3.2149e-04	  5.0676e-03	  1.0830e-03	  9.3389e-06	  4.0949e-03	  6.5221e-04	  4.3613e-04	  1.5447e-03	  2.3870e+03	  0.0000e+00	  1.4999e-01	  0.0000e+00	  2.6760e-01	  9.8821e-02	  0.0000e+00	
  6.9771e+00	  2.7611e-03	  3.2153e-04	  5.0689e-03	  1.0833e-03	  9.3374e-06	  4.0976e-03	  6.5280e-04	  4.3617e-04	  1.5461e-03	  2.3879e+03	  0.0000e+00	  1.4999e-01	  0.0000e+00	  2.6760e-01	  9.8815e-02	  0.0000e+00	
  6.9771e+00	  2.7616e-03	  3.2157e-04	  5.0702e-03	  1.0836e-03	  9.3360e-06	  4.1002e-03	  6.5337e-04	  4.3622e-04	  1.5474e-03	  2.3887e+03	  0.0000e+00	  1.4999e-01	  0.0000e+00	  2.6760e-01	  9.8809e-02	  0.0000e+00	
  6.9771e+00	  2.7620e-03	  3.2160e-04	  5.0714e-03	  1.0839e-03	  9.3347e-06	  4.1027e-03	  6.5391e-04	  4.3627e-04	  1.5487e-03	  2.3896e+03	  0.0000e+00	  1.4999e-01	  0.0000e+00	  2.6761e-01	  9.8804e-02	  0.0000e+00	
  6.9771e+00	  2.7624e-03	  3.2163e-04	  5.0726e-03	  1.0841e-03	  9.3334e-06	  4.1051e-03	  6.5444e-04	  4.3631e-04	  1.5500e-03	  2.3904e+03	  0.0000e+00	  1.4999e-01	  0.0000e+00	  2.6761e-01	  9.8799e-02	  0.0000e+00	
  6.9771e+00	  2.7628e-03	  3.2166e-04	  5.0737e-03	  1.0844e-03	  9.3321e-06	  4.1074e-03	  6.5496e-04	  4.3635e-04	  1.5512e-03	  2.3912e+03	  0.0000e+00	  1.4999e-01	  0.0000e+00	  2.6762e-01	  9.8794e-02	  0.0000e+00	
  6.9770e+00	  2.7632e-03	  3.2169e-04	  5.0748e-03	  1.0846e-03	  9.3309e-06	  4.1097e-03	  6.5545e-04	  4.3639e-04	  1.5524e-03	  2.3919e+03	  0.0000e+00	  1.4999e-01	  0.0000e+00	  2.6762e-01	  9.8789e-02	  0.0000e+00	
  6.9770e+00	  2.7636e-03	  3.2172e-04	  5.0759e-03	  1.0848e-03	  9.3298e-06	  4.1118e-03	  6.5593e-04	  4.3643e-04	  1.5535e-03	  2.3926e+03	  0.0000e+00	  1.4999e-01	  0.0000e+00	  2.6762e-01	  9.8785e-02	  0.0000e+00	
  6.9770e+00	  2.7639e-03	  3.2175e-04	  5.0769e-03	  1.0851e-03	  9.3286e-06	  4.1139e-03	  6.5639e-04	  4.3647e-04	  1.5546e-03	  2.3933e+03	  0.0000e+00	  1.4999e-01	  0.0000e+00	  2.6762e-01	  9.8780e-02	  0.0000e+00	
  6.9770e+00	  2.7643e-03	  3.2178e-04	  5.0779e-03	  1.0853e-03	  9.3275e-06	  4.1159e-03	  6.5683e-04	  4.3650e-04	  1.5556e-03	  2.3940e+03	  0.0000e+00	  1.4999e-01	  0.0000e+00	  2.6763e-01	  9.8776e-02	  0.0000e+00	
  6.9770e+00	  2.7646e-03	  3.2181e-04	  5.0789e-03	  1.0855e-03	  9.3265e-06	  4.1179e-03	  6.5726e-04	  4.3654e-04	  1.5567e-03	  2.3946e+03	  0.0000e+00	  1.4999e-01	  0.0000e+00	  2.6763e-01	  9.8772e-02	  0.0000e+00	
  6.9770e+00	  2.7650e-03	  3.2183e-04	  5.0798e-03	  1.0857e-03	  9.3255e-06	  4.1198e-03	  6.5768e-04	  4.3657e-04	  1.5576e-03	  2.3953e+03	  0.0000e+00	  1.4999e-01	  0.0000e+00	  2.6763e-01	  9.8768e-02	  0.0000e+00	
  6.9770e+00	  2.7653e-03	  3.2186e-04	  5.0807e-03	  1.0859e-03	  9.3245e-06	  4.1216e-03	  6.5808e-04	  4.3660e-04	  1.5586e-03	  2.3959e+03	  0.0000e+00	  1.4999e-01	  0.0000e+00	  2.6764e-01	  9.8764e-02	  0.0000e+00	
  6.9769e+00	  2.7656e-03	  3.2188e-04	  5.0815e-03	  1.0861e-03	  9.3236e-06	  4.1233e-03	  6.5846e-04	  4.3664e-04	  1.5595e-03	  2.3965e+03	  0.0000e+00	  1.4999e-01	  0.0000e+00	  2.6764e-01	  9.8760e-02	  0.0000e+00	
  6.9769e+00	  2.7659e-03	  3.2190e-04	  5.0824e-03	  1.0862e-03	  9.3226e-06	  4.1250e-03	  6.5884e-04	  4.3667e-04	  1.5604e-03	  2.3970e+03	  0.0000e+00	  1.4999e-01	  0.0000e+00	  2.6764e-01	  9.8756e-02	  0.0000e+00	
  6.9769e+00	  2.7661e-03	  3.2193e-04	  5.0832e-03	  1.0864e-03	  9.3218e-06	  4.1267e-03	  6.5920e-04	  4.3670e-04	  1.5613e-03	  2.3976e+03	  0.0000e+00	  1.4999e-01	  0.0000e+00	  2.6764e-01	  9.8753e-02	  0.0000e+00	
  6.9769e+00	  2.7664e-03	  3.2195e-04	  5.0840e-03	  1.0866e-03	  9.3209e-06	  4.1282e-03	  6.5954e-04	  4.3672e-04	  1.5621e-03	  2.3981e+03	  0.0000e+00	  1.4999e-01	  0.0000e+00	  2.6764e-01	  9.8750e-02	  0.0000e+00	
  6.9769e+00	  2.7667e-03	  3.2197e-04	  5.0847e-03	  1.0867e-03	  9.3201e-06	  4.1298e-03	  6.5988e-04	  4.3675e-04	  1.5629e-03	  2.3986e+03	  0.0000e+00	  1.4999e-01	  0.0000e+00	  2.6765e-01	  9.8746e-02	  0.0000e+00	
  6.9769e+00	  2.7669e-03	  3.2199e-04	  5.0854e-03	  1.0869e-03	  9.3193e-06	  4.1312e-03	  6.6020e-04	  4.3678e-04	  1.5636e-03	  2.3991e+03	  0.0000e+00	  1.4999e-01	  0.0000e+00	  2.6765e-01	  9.8743e-02	  0.0000e+00	
  6.9769e+00	  2.7672e-03	  3.2201e-04	  5.0861e-03	  1.0871e-03	  9.3185e-06	  4.1327e-03	  6.6052e-04	  4.3680e-04	  1.5644e-03	  2.3996e+03	  0.0000e+00	  1.4999e-01	  0.0000e+00	  2.6765e-01	  9.8740e-02	  0.0000e+00	
  6.9769e+00	  2.7674e-03	  3.2203e-04	  5.0868e-03	  1.0872e-03	  9.3178e-06	  4.1340e-03	  6.6082e-04	  4.3683e-04	  1.5651e-03	  2.4000e+03	  0.0000e+00	  1.4999e-01	  0.0000e+00	  2.6765e-01	  9.8737e-02	  0.0000e+00	
  6.9769e+00	  2.7676e-03	  3.2204e-04	  5.0875e-03	  1.0873e-03	  9.3171e-06	  4.1354e-03	  6.6111e-04	  4.3685e-04	  1.5658e-03	  2.4005e+03	  0.0000e+00	  1.4999e-01	  0.0000e+00	  2.6765e-01	  9.8734e-02	  0.0000e+00	
  6.9768e+00	  2.7679e-03	  3.2206e-04	  5.0881e-03	  1.0875e-03	  9.3164e-06	  4.1366e-03	  6.6139e-04	  4.3688e-04	  1.5665e-03	  2.4009e+03	  0.0000e+00	  1.4999e-01	  0.0000e+00	  2.6766e-01	  9.8732e-02	  0.0000e+00	
  6.9768e+00	  2.7681e-03	  3.2208e-04	  5.0887e-03	  1.0876e-03	  9.3157e-06	  4.1379e-03	  6.6167e-04	  4.3690e-04	  1.5671e-03	  2.4013e+03	  0.0000e+00	  1.4999e-01	  0.0000e+00	  2.6766e-01	  9.8729e-02	  0.0000e+00	
  6.9768e+00	  2.7683e-03	  3.2209e-04	  5.0893e-03	  1.0877e-03	  9.3151e-06	  4.1391e-03	  6.6193e-04	  4.3692e-04	  1.5677e-03	  2.4017e+03	  0.0000e+00	  1.4999e-01	  0.0000e+00	  2.6766e-01	  9.8727e-02	  0.0000e+00	
  6.9768e+00	  2.7685e-03	  3.2211e-04	  5.0899e-03	  1.0879e-03	  9.3145e-06	  4.1402e-03	  6.6218e-04	  4.3694e-04	  1.5683e-03	  2.4021e+03	  0.0000e+00	  1.4999e-01	  0.0000e+00	  2.6766e-01	  9.8724e-02	  0.0000e+00	
  6.9768e+00	  2.7687e-03	  3.2213e-04	  5.0904e-03	  1.0880e-03	  9.3139e-06	  4.1413e-03	  6.6243e-04	  4.3696e-04	  1.5689e-03	  2.4025e+03	  0.0000e+00	  1.4999e-01	  0.0000e+00	  2.6766e-01	  9.8722e-02	  0.0000e+00	
  6.9768e+00	  2.7688e-03	  3.2214e-04	  5.0909e-03	  1.0881e-03	  9.3133e-06	  4.1424e-03	  6.6266e-04	  4.3698e-04	  1.5695e-03	  2.4028e+03	  0.0000e+00	  1.4999e-01	  0.0000e+00	  2.6766e-01	  9.8719e-02	  0.0000e+00	
  6.9768e+00	  2.7690e-03	  3.2215e-04	  5.0914e-03	  1.0882e-03	  9.3127e-06	  4.1434e-03	  6.6289e-04	  4.3700e-04	  1.5700e-03	  2.4032e+03	  0.0000e+00	  1.4999e-01	  0.0000e+00	  2.6767e-01	  9.8717e-02	  0.0000e+00	
  6.9768e+00	  2.7692e-03	  3.2217e-04	  5.0919e-03	  1.0883e-03	  9.3122e-06	  4.1444e-03	  6.6311e-04	  4.3702e-04	  1.5705e-03	  2.4035e+03	  0.0000e+00	  1.4999e-01	  0.0000e+00	  2.6767e-01	  9.8715e-02	  0.0000e+00	
  6.9768e+00	  2.7694e-03	  3.2218e-04	  5.0924e-03	  1.0884e-03	  9.3117e-06	  4.1454e-03	  6.6332e-04	  4.3703e-04	  1.5711e-03	  2.4038e+03	  0.0000e+00	  1.4999e-01	  0.0000e+00	  2.6767e-01	  9.8713e-02	  0.0000e+00	
  6.9768e+00	  2.7695e-03	  3.2219e-04	  5.0929e-03	  1.0885e-03	  9.3112e-06	  4.1463e-03	  6.6353e-04	  4.3705e-04	  1.5715e-03	  2.4041e+03	  0.0000e+00	  1.4999e-01	  0.0000e+00	  2.6767e-01	  9.8711e-02	  0.0000e+00	
  6.9768e+00	  2.7697e-03	  3.2221e-04	  5.0933e-03	  1.0886e-03	  9.3107e-06	  4.1472e-03	  6.6373e-04	  4.3707e-04	  1.5720e-03	  2.4044e+03	  0.0000e+00	  1.4999e-01	  0.0000e+00	  2.6767e-01	  9.8709e-02	  0.0000e+00	
  6.9768e+00	  2.7698e-03	  3.2222e-04	  5.0938e-03	  1.0887e-03	  9.3102e-06	  4.1481e-03	  6.6392e-04	  4.3708e-04	  1.5725e-03	  2.4047e+03	  0.0000e+00	  1.4999e-01	  0.0000e+00	  2.6767e-01	  9.8707e-02	  0.0000e+00	
  6.9768e+00	  2.7700e-03	  3.2223e-04	  5.0942e-03	  1.0888e-03	  9.3098e-06	  4.1490e-03	  6.6410e-04	  4.3710e-04	  1.5729e-03	  2.4050e+03	  0.0000e+00	  1.4999e-01	  0.0000e+00	  2.6767e-01	  9.8705e-02	  0.0000e+00	
  6.9768e+00	  2.7701e-03	  3.2224e-04	  5.0946e-03	  1.0889e-03	  9.3093e-06	  4.1498e-03	  6.6428e-04	  4.3711e-04	  1.5733e-03	  2.4053e+03	  0.0000e+00	  1.4999e-01	  0.0000e+00	  2.6768e-01	  9.8704e-02	  0.0000e+00	
  6.9768e+00	  2.7702e-03	  3.2225e-04	  5.0950e-03	  1.0890e-03	  9.3089e-06	  4.1506e-03	  6.6445e-04	  4.3713e-04	  1.5737e-03	  2.4056e+03	  0.0000e+00	  1.4999e-01	  0.0000e+00	  2.6768e-01	  9.8702e-02	  0.0000e+00	
  6.9767e+00	  2.7704e-03	  3.2226e-04	  5.0953e-03	  1.0890e-03	  9.3085e-06	  4.1513e-03	  6.6462e-04	  4.3714e-04	  1.5741e-03	  2.4058e+03	  0.0000e+00	  1.4999e-01	  0.0000e+00	  2.6768e-01	  9.8700e-02	  0.0000e+00	
  6.9767e+00	  2.7705e-03	  3.2227e-04	  5.0957e-03	  1.0891e-03	  9.3081e-06	  4.1520e-03	  6.6478e-04	  4.3715e-04	  1.5745e-03	  2.4060e+03	  0.0000e+00	  1.4999e-01	  0.0000e+00	  2.6768e-01	  9.8699e-02	  0.0000e+00	
  6.9767e+00	  2.7706e-03	  3.2228e-04	  5.0960e-03	  1.0892e-03	  9.3077e-06	  4.1527e-03	  6.6494e-04	  4.3717e-04	  1.5749e-03	  2.4063e+03	  0.0000e+00	  1.4999e-01	  0.0000e+00	  2.6768e-01	  9.8697e-02	  0.0000e+00	
  6.9767e+00	  2.7707e-03	  3.2229e-04	  5.0964e-03	  1.0893e-03	  9.3074e-06	  4.1534e-03	  6.6509e-04	  4.3718e-04	  1.5752e-03	  2.4065e+03	  0.0000e+00	  1.4999e-01	  0.0000e+00	  2.6768e-01	  9.8696e-02	  0.0000e+00	
  6.9767e+00	  2.7709e-03	  3.2230e-04	  5.0967e-03	  1.0893e-03	  9.3070e-06	  4.1541e-03	  6.6523e-04	  4.3719e-04	  1.5756e-03	  2.4067e+03	  0.0000e+00	  1.4999e-01	  0.0000e+00	  2.6768e-01	  9.8695e-02	  0.0000e+00	
  6.9767e+00	  2.7710e-03	  3.2231e-04	  5.0970e-03	  1.0894e-03	  9.3067e-06	  4.1547e-03	  6.6537e-04	  4.3720e-04	  1.5759e-03	  2.4069e+03	  0.0000e+00	  1.4999e-01	  0.0000e+00	  2.6768e-01	  9.8693e-02	  0.0000e+00	
  6.9767e+00	  2.7711e-03	  3.2232e-04	  5.0973e-03	  1.0895e-03	  9.3064e-06	  4.1553e-03	  6.6551e-04	  4.3721e-04	  1.5762e-03	  2.4071e+03	  0.0000e+00	  1.4999e-01	  0.0000e+00	  2.6768e-01	  9.8692e-02	  0.0000e+00	
  6.9767e+00	  2.7712e-03	  3.2232e-04	  5.0976e-03	  1.0895e-03	  9.3060e-06	  4.1559e-03	  6.6564e-04	  4.3722e-04	  1.5766e-03	  2.4073e+03	  0.0000e+00	  1.4999e-01	  0.0000e+00	  2.6768e-01	  9.8691e-02	  0.0000e+00	
  6.9767e+00	  2.7713e-03	  3.2233e-04	  5.0979e-03	  1.0896e-03	  9.3057e-06	  4.1565e-03	  6.6576e-04	  4.3723e-04	  1.5768e-03	  2.4075e+03	  0.0000e+00	  1.4999e-01	  0.0000e+00	  2.6769e-01	  9.8689e-02	  0.0000e+00	
  6.9767e+00	  2.7714e-03	  3.2234e-04	  5.0982e-03	  1.0897e-03	  9.3054e-06	  4.1570e-03	  6.6588e-04	  4.3724e-04	  1.5771e-03	  2.4077e+03	  0.0000e+00	  1.4999e-01	  0.0000e+00	  2.6769e-01	  9.8688e-02	  0.0000e+00	
  6.9767e+00	  2.7715e-03	  3.2235e-04	  5.0984e-03	  1.0897e-03	  9.3052e-06	  4.1576e-03	  6.6600e-04	  4.3725e-04	  1.5774e-03	  2.4079e+03	  0.0000e+00	  1.4999e-01	  0.0000e+00	  2.6769e-01	  9.8687e-02	  0.0000e+00	
  6.9767e+00	  2.7715e-03	  3.2235e-04	  5.0987e-03	  1.0898e-03	  9.3049e-06	  4.1581e-03	  6.6611e-04	  4.3726e-04	  1.5777e-03	  2.4081e+03	  0.0000e+00	  1.4999e-01	  0.0000e+00	  2.6769e-01	  9.8686e-02	  0.0000e+00	
  6.9767e+00	  2.7716e-03	  3.2236e-04	  5.0989e-03	  1.0898e-03	  9.3046e-06	  4.1586e-03	  6.6622e-04	  4.3727e-04	  1.5779e-03	  2.4082e+03	  0.0000e+00	  1.4999e-01	  0.0000e+00	  2.6769e-01	  9.8685e-02	  0.0000e+00	
  6.9767e+00	  2.7717e-03	  3.2237e-04	  5.0992e-03	  1.0899e-03	  9.3044e-06	  4.1591e-03	  6.6633e-04	  4.3728e-04	  1.5782e-03	  2.4084e+03	  0.0000e+00	  1.4999e-01	  0.0000e+00	  2.6769e-01	  9.8684e-02	  0.0000e+00	
  6.9767e+00	  2.7718e-03	  3.2237e-04	  5.0994e-03	  1.0899e-03	  9.3041e-06	  4.1595e-03	  6.6643e-04	  4.3729e-04	  1.5784e-03	  2.4085e+03	  0.0000e+00	  1.4999e-01	  0.0000e+00	  2.6769e-01	  9.8683e-02	  0.0000e+00	
  6.9767e+00	  2.7719e-03	  3.2238e-04	  5.0996e-03	  1.0900e-03	  9.3039e-06	  4.1600e-03	  6.6653e-04	  4.3730e-04	  1.5787e-03	  2.4087e+03	  0.0000e+00	  1.4999e-01	  0.0000e+00	  2.6769e-01	  9.8682e-02	  0.0000e+00	
  6.9767e+00	  2.7719e-03	  3.2239e-04	  5.0998e-03	  1.0900e-03	  9.3036e-06	  4.1604e-03	  6.6662e-04	  4.3730e-04	  1.5789e-03	  2.4088e+03	  0.0000e+00	  1.4999e-01	  0.0000e+00	  2.6769e-01	  9.8681e-02	  0.0000e+00	
  6.9767e+00	  2.7720e-03	  3.2239e-04	  5.1000e-03	  1.0901e-03	  9.3034e-06	  4.1608e-03	  6.6671e-04	  4.3731e-04	  1.5791e-03	  2.4090e+03	  0.0000e+00	  1.4999e-01	  0.0000e+00	  2.6769e-01	  9.8680e-02	  0.0000e+00	
  6.9767e+00	  2.7721e-03	  3.2240e-04	  5.1002e-03	  1.0901e-03	  9.3032e-06	  4.1612e-03	  6.6680e-04	  4.3732e-04	  1.5793e-03	  2.4091e+03	  0.0000e+00	  1.4999e-01	  0.0000e+00	  2.6769e-01	  9.8679e-02	  0.0000e+00	
  6.9767e+00	  2.7722e-03	  3.2240e-04	  5.1004e-03	  1.0901e-03	  9.3030e-06	  4.1616e-03	  6.6689e-04	  4.3733e-04	  1.5795e-03	  2.4092e+03	  0.0000e+00	  1.4999e-01	  0.0000e+00	  2.6769e-01	  9.8678e-02	  0.0000e+00	
  6.9767e+00	  2.7722e-03	  3.2241e-04	  5.1006e-03	  1.0902e-03	  9.3028e-06	  4.1620e-03	  6.6697e-04	  4.3733e-04	  1.5797e-03	  2.4094e+03	  0.0000e+00	  1.4999e-01	  0.0000e+00	  2.6769e-01	  9.8678e-02	  0.0000e+00	
  6.9767e+00	  2.7723e-03	  3.2241e-04	  5.1008e-03	  1.0902e-03	  9.3026e-06	  4.1624e-03	  6.6705e-04	  4.3734e-04	  1.5799e-03	  2.4095e+03	  0.0000e+00	  1.4999e-01	  0.0000e+00	  2.6769e-01	  9.8677e-02	  0.0000e+00	
  6.9767e+00	  2.7723e-03	  3.2242e-04	  5.1010e-03	  1.0903e-03	  9.3024e-06	  4.1627e-03	  6.6713e-04	  4.3735e-04	  1.5801e-03	  2.4096e+03	  0.0000e+00	  1.4999e-01	  0.0000e+00	  2.6769e-01	  9.8676e-02	  0.0000e+00	
  6.9767e+00	  2.7724e-03	  3.2242e-04	  5.1011e-03	  1.0903e-03	  9.3022e-06	  4.1630e-03	  6.6720e-04	  4.3735e-04	  1.5803e-03	  2.4097e+03	  0.0000e+00	  1.4999e-01	  0.0000e+00	  2.6769e-01	  9.8675e-02	  0.0000e+00	
  6.9767e+00	  2.7725e-03	  3.2243e-04	  5.1013e-03	  1.0903e-03	  9.3020e-06	  4.1634e-03	  6.6727e-04	  4.3736e-04	  1.5804e-03	  2.4098e+03	  0.0000e+00	  1.4999e-01	  0.0000e+00	  2.6769e-01	  9.8675e-02	  0.0000e+00	
  6.9767e+00	  2.7725e-03	  3.2243e-04	  5.1014e-03	  1.0904e-03	  9.3019e-06	  4.1637e-03	  6.6734e-04	  4.3736e-04	  1.5806e-03	  2.4099e+03	  0.0000e+00	  1.4999e-01	  0.0000e+00	  2.6770e-01	  9.8674e-02	  0.0000e+00	
  6.9767e+00	  2.7726e-03	  3.2243e-04	  5.1016e-03	  1.0904e-03	  9.3017e-06	  4.1640e-03	  6.6741e-04	  4.3737e-04	  1.5808e-03	  2.4100e+03	  0.0000e+00	  1.4999e-01	  0.0000e+00	  2.6770e-01	  9.8673e-02	  0.0000e+00	
  6.9767e+00	  2.7726e-03	  3.2244e-04	  5.1017e-03	  1.0904e-03	  9.3015e-06	  4.1643e-03	  6.6747e-04	  4.3737e-04	  1.5809e-03	  2.4101e+03	  0.0000e+00	  1.4999e-01	  0.0000e+00	  2.6770e-01	  9.8673e-02	  0.0000e+00	
  6.9767e+00	  2.7727e-03	  3.2244e-04	  5.1019e-03	  1.0905e-03	  9.3014e-06	  4.1646e-03	  6.6754e-04	  4.3738e-04	  1.5811e-03	  2.4102e+03	  0.0000e+00	  1.4999e-01	  0.0000e+00	  2.6770e-01	  9.8672e-02	  0.0000e+00	
  6.9767e+00	  2.7727e-03	  3.2245e-04	  5.1020e-03	  1.0905e-03	  9.3012e-06	  4.1648e-03	  6.6760e-04	  4.3738e-04	  1.5812e-03	  2.4103e+03	  0.0000e+00	  1.4999e-01	  0.0000e+00	  2.6770e-01	  9.8672e-02	  0.0000e+00	
  6.9767e+00	  2.7728e-03	  3.2245e-04	  5.1021e-03	  1.0905e-03	  9.3011e-06	  4.1651e-03	  6.6765e-04	  4.3739e-04	  1.5814e-03	  2.4104e+03	  0.0000e+00	  1.4999e-01	  0.0000e+00	  2.6770e-01	  9.8671e-02	  0.0000e+00	
  6.9766e+00	  2.7728e-03	  3.2245e-04	  5.1023e-03	  1.0906e-03	  9.3010e-06	  4.1654e-03	  6.6771e-04	  4.3739e-04	  1.5815e-03	  2.4105e+03	  0.0000e+00	  1.4999e-01	  0.0000e+00	  2.6770e-01	  9.8671e-02	  0.0000e+00	
  6.9766e+00	  2.7728e-03	  3.2246e-04	  5.1024e-03	  1.0906e-03	  9.3008e-06	  4.1656e-03	  6.6776e-04	  4.3740e-04	  1.5816e-03	  2.4106e+03	  0.0000e+00	  1.4999e-01	  0.0000e+00	  2.6770e-01	  9.8670e-02	  0.0000e+00	
  6.9766e+00	  2.7729e-03	  3.2246e-04	  5.1025e-03	  1.0906e-03	  9.3007e-06	  4.1658e-03	  6.6782e-04	  4.3740e-04	  1.5817e-03	  2.4107e+03	  0.0000e+00	  1.4999e-01	  0.0000e+00	  2.6770e-01	  9.8669e-02	  0.0000e+00	
  6.9766e+00	  2.7729e-03	  3.2246e-04	  5.1026e-03	  1.0906e-03	  9.3006e-06	  4.1661e-03	  6.6787e-04	  4.3741e-04	  1.5819e-03	  2.4107e+03	  0.0000e+00	  1.4999e-01	  0.0000e+00	  2.6770e-01	  9.8669e-02	  0.0000e+00	
  6.9766e+00	  2.7730e-03	  3.2247e-04	  5.1027e-03	  1.0907e-03	  9.3005e-06	  4.1663e-03	  6.6792e-04	  4.3741e-04	  1.5820e-03	  2.4108e+03	  0.0000e+00	  1.4999e-01	  0.0000e+00	  2.6770e-01	  9.8669e-02	  0.0000e+00	
  6.9766e+00	  2.7730e-03	  3.2247e-04	  5.1028e-03	  1.0907e-03	  9.3003e-06	  4.1665e-03	  6.6796e-04	  4.3741e-04	  1.5821e-03	  2.4109e+03	  0.0000e+00	  1.4999e-01	  0.0000e+00	  2.6770e-01	  9.8668e-02	  0.0000e+00	
  6.9766e+00	  2.7730e-03	  3.2247e-04	  5.1030e-03	  1.0907e-03	  9.3002e-06	  4.1667e-03	  6.6801e-04	  4.3742e-04	  1.5822e-03	  2.4110e+03	  0.0000e+00	  1.4999e-01	  0.0000e+00	  2.6770e-01	  9.8668e-02	  0.0000e+00	
  6.9766e+00	  2.7731e-03	  3.2247e-04	  5.1030e-03	  1.0907e-03	  9.3001e-06	  4.1669e-03	  6.6805e-04	  4.3742e-04	  1.5823e-03	  2.4110e+03	  0.0000e+00	  1.4999e-01	  0.0000e+00	  2.6770e-01	  9.8667e-02	  0.0000e+00	
  6.9766e+00	  2.7731e-03	  3.2248e-04	  5.1031e-03	  1.0907e-03	  9.3000e-06	  4.1671e-03	  6.6809e-04	  4.3743e-04	  1.5824e-03	  2.4111e+03	  0.0000e+00	  1.4999e-01	  0.0000e+00	  2.6770e-01	  9.8667e-02	  0.0000e+00	
  6.9766e+00	  2.7731e-03	  3.2248e-04	  5.1032e-03	  1.0908e-03	  9.2999e-06	  4.1673e-03	  6.6814e-04	  4.3743e-04	  1.5825e-03	  2.4111e+03	  0.0000e+00	  1.4999e-01	  0.0000e+00	  2.6770e-01	  9.8666e-02	  0.0000e+00	
  6.9766e+00	  2.7732e-03	  3.2248e-04	  5.1033e-03	  1.0908e-03	  9.2998e-06	  4.1675e-03	  6.6817e-04	  4.3743e-04	  1.5826e-03	  2.4112e+03	  0.0000e+00	  1.4999e-01	  0.0000e+00	  2.6770e-01	  9.8666e-02	  0.0000e+00	
  6.9766e+00	  2.7732e-03	  3.2248e-04	  5.1034e-03	  1.0908e-03	  9.2997e-06	  4.1676e-03	  6.6821e-04	  4.3744e-04	  1.5827e-03	  2.4113e+03	  0.0000e+00	  1.4999e-01	  0.0000e+00	  2.6770e-01	  9.8666e-02	  0.0000e+00	
  6.9766e+00	  2.7732e-03	  3.2249e-04	  5.1035e-03	  1.0908e-03	  9.2996e-06	  4.1678e-03	  6.6825e-04	  4.3744e-04	  1.5828e-03	  2.4113e+03	  0.0000e+00	  1.4999e-01	  0.0000e+00	  2.6770e-01	  9.8665e-02	  0.0000e+00	
  6.9766e+00	  2.7733e-03	  3.2249e-04	  5.1036e-03	  1.0908e-03	  9.2996e-06	  4.1680e-03	  6.6828e-04	  4.3744e-04	  1.5829e-03	  2.4114e+03	  0.0000e+00	  1.4999e-01	  0.0000e+00	  2.6770e-01	  9.8665e-02	  0.0000e+00	
  6.9766e+00	  2.7733e-03	  3.2249e-04	  5.1037e-03	  1.0909e-03	  9.2995e-06	  4.1681e-03	  6.6832e-04	  4.3744e-04	  1.5829e-03	  2.4114e+03	  0.0000e+00	  1.4999e-01	  0.0000e+00	  2.6770e-01	  9.8665e-02	  0.0000e+00	
  6.9766e+00	  2.7733e-03	  3.2249e-04	  5.1037e-03	  1.0909e-03	  9.2994e-06	  4.1683e-03	  6.6835e-04	  4.3745e-04	  1.5830e-03	  2.4115e+03	  0.0000e+00	  1.4999e-01	  0.0000e+00	  2.6770e-01	  9.8664e-02	  0.0000e+00	
  6.9766e+00	  2.7733e-03	  3.2250e-04	  5.1038e-03	  1.0909e-03	  9.2993e-06	  4.1684e-03	  6.6838e-04	  4.3745e-04	  1.5831e-03	  2.4115e+03	  0.0000e+00	  1.4999e-01	  0.0000e+00	  2.6770e-01	  9.8664e-02	  0.0000e+00	
  6.9766e+00	  2.7734e-03	  3.2250e-04	  5.1039e-03	  1.0909e-03	  9.2992e-06	  4.1686e-03	  6.6841e-04	  4.3745e-04	  1.5832e-03	  2.4116e+03	  0.0000e+00	  1.4999e-01	  0.0000e+00	  2.6770e-01	  9.8664e-02	  0.0000e+00	
  6.9766e+00	  2.7734e-03	  3.2250e-04	  5.1039e-03	  1.0909e-03	  9.2992e-06	  4.1687e-03	  6.6844e-04	  4.3745e-04	  1.5832e-03	  2.4116e+03	  0.0000e+00	  1.4999e-01	  0.0000e+00	  2.6770e-01	  9.8663e-02	  0.0000e+00	
  6.9766e+00	  2.7734e-03	  3.2250e-04	  5.1040e-03	  1.0909e-03	  9.2991e-06	  4.1688e-03	  6.6847e-04	  4.3746e-04	  1.5833e-03	  2.4117e+03	  0.0000e+00	  1.4999e-01	  0.0000e+00	  2.6770e-01	  9.8663e-02	  0.0000e+00	
  6.9766e+00	  2.7734e-03	  3.2250e-04	  5.1041e-03	  1.0909e-03	  9.2990e-06	  4.1690e-03	  6.6850e-04	  4.3746e-04	  1.5834e-03	  2.4117e+03	  0.0000e+00	  1.4999e-01	  0.0000e+00	  2.6770e-01	  9.8663e-02	  0.0000e+00	
  6.9766e+00	  2.7735e-03	  3.2250e-04	  5.1041e-03	  1.0910e-03	  9.2990e-06	  4.1691e-03	  6.6853e-04	  4.3746e-04	  1.5834e-03	  2.4117e+03	  0.0000e+00	  1.4999e-01	  0.0000e+00	  2.6770e-01	  9.8663e-02	  0.0000e+00	
  6.9766e+00	  2.7735e-03	  3.2251e-04	  5.1042e-03	  1.0910e-03	  9.2989e-06	  4.1692e-03	  6.6855e-04	  4.3746e-04	  1.5835e-03	  2.4118e+03	  0.0000e+00	  1.4999e-01	  0.0000e+00	  2.6770e-01	  9.8662e-02	  0.0000e+00	
  6.9766e+00	  2.7735e-03	  3.2251e-04	  5.1043e-03	  1.0910e-03	  9.2988e-06	  4.1693e-03	  6.6858e-04	  4.3747e-04	  1.5836e-03	  2.4118e+03	  0.0000e+00	  1.4999e-01	  0.0000e+00	  2.6770e-01	  9.8662e-02	  0.0000e+00	
  6.9766e+00	  2.7735e-03	  3.2251e-04	  5.1043e-03	  1.0910e-03	  9.2988e-06	  4.1694e-03	  6.6860e-04	  4.3747e-04	  1.5836e-03	  2.4119e+03	  0.0000e+00	  1.4999e-01	  0.0000e+00	  2.6770e-01	  9.8662e-02	  0.0000e+00	
  6.9766e+00	  2.7735e-03	  3.2251e-04	  5.1044e-03	  1.0910e-03	  9.2987e-06	  4.1695e-03	  6.6863e-04	  4.3747e-04	  1.5837e-03	  2.4119e+03	  0.0000e+00	  1.4999e-01	  0.0000e+00	  2.6770e-01	  9.8662e-02	  0.0000e+00	
  6.9766e+00	  2.7735e-03	  3.2251e-04	  5.1044e-03	  1.0910e-03	  9.2987e-06	  4.1696e-03	  6.6865e-04	  4.3747e-04	  1.5837e-03	  2.4119e+03	  0.0000e+00	  1.4999e-01	  0.0000e+00	  2.6770e-01	  9.8661e-02	  0.0000e+00	
  6.9766e+00	  2.7736e-03	  3.2251e-04	  5.1045e-03	  1.0910e-03	  9.2986e-06	  4.1697e-03	  6.6867e-04	  4.3747e-04	  1.5838e-03	  2.4120e+03	  0.0000e+00	  1.4999e-01	  0.0000e+00	  2.6770e-01	  9.8661e-02	  0.0000e+00	
  6.9766e+00	  2.7736e-03	  3.2251e-04	  5.1045e-03	  1.0910e-03	  9.2986e-06	  4.1698e-03	  6.6869e-04	  4.3748e-04	  1.5838e-03	  2.4120e+03	  0.0000e+00	  1.4999e-01	  0.0000e+00	  2.6770e-01	  9.8661e-02	  0.0000e+00	
  6.9766e+00	  2.7736e-03	  3.2252e-04	  5.1046e-03	  1.0910e-03	  9.2985e-06	  4.1699e-03	  6.6871e-04	  4.3748e-04	  1.5839e-03	  2.4120e+03	  0.0000e+00	  1.4999e-01	  0.0000e+00	  2.6770e-01	  9.8661e-02	  0.0000e+00	
  6.9766e+00	  2.7736e-03	  3.2252e-04	  5.1046e-03	  1.0911e-03	  9.2985e-06	  4.1700e-03	  6.6873e-04	  4.3748e-04	  1.5839e-03	  2.4121e+03	  0.0000e+00	  1.4999e-01	  0.0000e+00	  2.6770e-01	  9.8661e-02	  0.0000e+00	
  6.9766e+00	  2.7736e-03	  3.2252e-04	  5.1046e-03	  1.0911e-03	  9.2984e-06	  4.1701e-03	  6.6875e-04	  4.3748e-04	  1.5840e-03	  2.4121e+03	  0.0000e+00	  1.4999e-01	  0.0000e+00	  2.6770e-01	  9.8660e-02	  0.0000e+00	
