          pH	          Na	           K	          Ca	          Mg	         PO4	          Cl	         SO4	         NH4	        HCO3	          sc	         FeS	      Pyrite	     Calcite	       CaPO4	      Fe3PO4	     CaMgCO3	
  6.8627e+00	  2.2824e-03	  2.8029e-04	  3.8340e-03	  7.9083e-04	  4.9892e-05	  1.3314e-03	  2.0021e-05	  3.8070e-04	  9.0095e-06	  1.4414e+03	  0.0000e+00	  0.0000e+00	  0.0000e+00	  0.0000e+00	  0.0000e+00	  0.0000e+00	
  6.8627e+00	  2.2824e-03	  2.8029e-04	  3.8340e-03	  7.9083e-04	  4.9892e-05	  1.3314e-03	  2.0021e-05	  3.8070e-04	  9.0095e-06	  1.4414e+03	  0.0000e+00	  0.0000e+00	  0.0000e+00	  0.0000e+00	  0.0000e+00	  0.0000e+00	
  6.8969e+00	  2.3224e-03	  2.8483e-04	  3.8399e-03	  8.1639e-04	  1.6427e-05	  1.4019e-03	  3.8236e-05	  3.8704e-04	  1.2552e-04	  1.4873e+03	  0.0000e+00	  1.4999e-01	  0.0000e+00	  2.8382e-01	  7.4497e-02	  0.0000e+00	
  6.8963e+00	  2.3339e-03	  2.8584e-04	  3.8717e-03	  8.2327e-04	  1.6340e-05	  1.4759e-03	  5.5877e-05	  3.8839e-04	  1.6321e-04	  1.5120e+03	  0.0000e+00	  1.4999e-01	  0.0000e+00	  2.8395e-01	  7.4306e-02	  0.0000e+00	
  6.8957e+00	  2.3450e-03	  2.8681e-04	  3.9024e-03	  8.2992e-04	  1.6258e-05	  1.5471e-03	  7.2795e-05	  3.8968e-04	  1.9948e-04	  1.5357e+03	  0.0000e+00	  1.4999e-01	  0.0000e+00	  2.8407e-01	  7.4122e-02	  0.0000e+00	
  6.8952e+00	  2.3557e-03	  2.8774e-04	  3.9321e-03	  8.3634e-04	  1.6179e-05	  1.6155e-03	  8.9026e-05	  3.9093e-04	  2.3439e-04	  1.5586e+03	  0.0000e+00	  1.4999e-01	  0.0000e+00	  2.8419e-01	  7.3944e-02	  0.0000e+00	
  6.8947e+00	  2.3661e-03	  2.8864e-04	  3.9607e-03	  8.4253e-04	  1.6103e-05	  1.6814e-03	  1.0460e-04	  3.9212e-04	  2.6800e-04	  1.5805e+03	  0.0000e+00	  1.4999e-01	  0.0000e+00	  2.8430e-01	  7.3772e-02	  0.0000e+00	
  6.8942e+00	  2.3760e-03	  2.8950e-04	  3.9883e-03	  8.4851e-04	  1.6031e-05	  1.7447e-03	  1.1955e-04	  3.9327e-04	  3.0036e-04	  1.6016e+03	  0.0000e+00	  1.4999e-01	  0.0000e+00	  2.8441e-01	  7.3607e-02	  0.0000e+00	
  6.8937e+00	  2.3857e-03	  2.9033e-04	  4.0149e-03	  8.5428e-04	  1.5962e-05	  1.8056e-03	  1.3391e-04	  3.9438e-04	  3.3152e-04	  1.6219e+03	  0.0000e+00	  1.4999e-01	  0.0000e+00	  2.8452e-01	  7.3447e-02	  0.0000e+00	
  6.8933e+00	  2.3949e-03	  2.9113e-04	  4.0407e-03	  8.5985e-04	  1.5896e-05	  1.8643e-03	  1.4769e-04	  3.9544e-04	  3.6153e-04	  1.6415e+03	  0.0000e+00	  1.4999e-01	  0.0000e+00	  2.8462e-01	  7.3293e-02	  0.0000e+00	
  6.8928e+00	  2.4039e-03	  2.9189e-04	  4.0655e-03	  8.6523e-04	  1.5832e-05	  1.9207e-03	  1.6094e-04	  3.9647e-04	  3.9043e-04	  1.6603e+03	  0.0000e+00	  1.4999e-01	  0.0000e+00	  2.8472e-01	  7.3144e-02	  0.0000e+00	
  6.8924e+00	  2.4125e-03	  2.9263e-04	  4.0895e-03	  8.7042e-04	  1.5772e-05	  1.9750e-03	  1.7366e-04	  3.9745e-04	  4.1827e-04	  1.6783e+03	  0.0000e+00	  1.4999e-01	  0.0000e+00	  2.8482e-01	  7.3000e-02	  0.0000e+00	
  6.8921e+00	  2.4209e-03	  2.9334e-04	  4.1126e-03	  8.7544e-04	  1.5713e-05	  2.0273e-03	  1.8590e-04	  3.9840e-04	  4.4510e-04	  1.6958e+03	  0.0000e+00	  1.4999e-01	  0.0000e+00	  2.8491e-01	  7.2861e-02	  0.0000e+00	
  6.8917e+00	  2.4289e-03	  2.9403e-04	  4.1350e-03	  8.8028e-04	  1.5658e-05	  2.0776e-03	  1.9765e-04	  3.9931e-04	  4.7094e-04	  1.7125e+03	  0.0000e+00	  1.4999e-01	  0.0000e+00	  2.8500e-01	  7.2727e-02	  0.0000e+00	
  6.8913e+00	  2.4367e-03	  2.9469e-04	  4.1565e-03	  8.8495e-04	  1.5604e-05	  2.1261e-03	  2.0896e-04	  4.0019e-04	  4.9584e-04	  1.7287e+03	  0.0000e+00	  1.4999e-01	  0.0000e+00	  2.8509e-01	  7.2598e-02	  0.0000e+00	
  6.8910e+00	  2.4442e-03	  2.9532e-04	  4.1774e-03	  8.8946e-04	  1.5553e-05	  2.1728e-03	  2.1983e-04	  4.0104e-04	  5.1984e-04	  1.7442e+03	  0.0000e+00	  1.4999e-01	  0.0000e+00	  2.8517e-01	  7.2473e-02	  0.0000e+00	
  6.8907e+00	  2.4514e-03	  2.9594e-04	  4.1975e-03	  8.9381e-04	  1.5504e-05	  2.2177e-03	  2.3029e-04	  4.0185e-04	  5.4297e-04	  1.7592e+03	  0.0000e+00	  1.4999e-01	  0.0000e+00	  2.8525e-01	  7.2353e-02	  0.0000e+00	
  6.8904e+00	  2.4584e-03	  2.9652e-04	  4.2169e-03	  8.9802e-04	  1.5456e-05	  2.2610e-03	  2.4035e-04	  4.0264e-04	  5.6526e-04	  1.7736e+03	  0.0000e+00	  1.4999e-01	  0.0000e+00	  2.8533e-01	  7.2237e-02	  0.0000e+00	
  6.8901e+00	  2.4651e-03	  2.9709e-04	  4.2356e-03	  9.0207e-04	  1.5411e-05	  2.3027e-03	  2.5002e-04	  4.0339e-04	  5.8675e-04	  1.7875e+03	  0.0000e+00	  1.4999e-01	  0.0000e+00	  2.8540e-01	  7.2125e-02	  0.0000e+00	
  6.8898e+00	  2.4716e-03	  2.9764e-04	  4.2537e-03	  9.0599e-04	  1.5367e-05	  2.3429e-03	  2.5934e-04	  4.0412e-04	  6.0747e-04	  1.8009e+03	  0.0000e+00	  1.4999e-01	  0.0000e+00	  2.8548e-01	  7.2017e-02	  0.0000e+00	
  6.8896e+00	  2.4779e-03	  2.9816e-04	  4.2712e-03	  9.0977e-04	  1.5326e-05	  2.3817e-03	  2.6830e-04	  4.0482e-04	  6.2744e-04	  1.8138e+03	  0.0000e+00	  1.4999e-01	  0.0000e+00	  2.8555e-01	  7.1912e-02	  0.0000e+00	
  6.8893e+00	  2.4839e-03	  2.9867e-04	  4.2880e-03	  9.1343e-04	  1.5285e-05	  2.4190e-03	  2.7693e-04	  4.0550e-04	  6.4669e-04	  1.8262e+03	  0.0000e+00	  1.4999e-01	  0.0000e+00	  2.8561e-01	  7.1811e-02	  0.0000e+00	
  6.8891e+00	  2.4897e-03	  2.9916e-04	  4.3043e-03	  9.1695e-04	  1.5247e-05	  2.4550e-03	  2.8524e-04	  4.0615e-04	  6.6525e-04	  1.8382e+03	  0.0000e+00	  1.4999e-01	  0.0000e+00	  2.8568e-01	  7.1714e-02	  0.0000e+00	
  6.8889e+00	  2.4954e-03	  2.9963e-04	  4.3200e-03	  9.2036e-04	  1.5210e-05	  2.4896e-03	  2.9323e-04	  4.0677e-04	  6.8315e-04	  1.8497e+03	  0.0000e+00	  1.4999e-01	  0.0000e+00	  2.8574e-01	  7.1620e-02	  0.0000e+00	
  6.8886e+00	  2.5008e-03	  3.0009e-04	  4.3352e-03	  9.2364e-04	  1.5174e-05	  2.5230e-03	  3.0093e-04	  4.0738e-04	  7.0041e-04	  1.8609e+03	  0.0000e+00	  1.4999e-01	  0.0000e+00	  2.8580e-01	  7.1529e-02	  0.0000e+00	
  6.8884e+00	  2.5061e-03	  3.0052e-04	  4.3498e-03	  9.2682e-04	  1.5140e-05	  2.5552e-03	  3.0835e-04	  4.0796e-04	  7.1706e-04	  1.8716e+03	  0.0000e+00	  1.4999e-01	  0.0000e+00	  2.8586e-01	  7.1442e-02	  0.0000e+00	
  6.8882e+00	  2.5111e-03	  3.0095e-04	  4.3640e-03	  9.2988e-04	  1.5107e-05	  2.5863e-03	  3.1549e-04	  4.0852e-04	  7.3311e-04	  1.8819e+03	  0.0000e+00	  1.4999e-01	  0.0000e+00	  2.8592e-01	  7.1357e-02	  0.0000e+00	
  6.8880e+00	  2.5160e-03	  3.0135e-04	  4.3776e-03	  9.3284e-04	  1.5075e-05	  2.6162e-03	  3.2237e-04	  4.0906e-04	  7.4860e-04	  1.8919e+03	  0.0000e+00	  1.4999e-01	  0.0000e+00	  2.8597e-01	  7.1276e-02	  0.0000e+00	
  6.8879e+00	  2.5207e-03	  3.0174e-04	  4.3908e-03	  9.3569e-04	  1.5045e-05	  2.6451e-03	  3.2900e-04	  4.0958e-04	  7.6353e-04	  1.9015e+03	  0.0000e+00	  1.4999e-01	  0.0000e+00	  2.8602e-01	  7.1197e-02	  0.0000e+00	
  6.8877e+00	  2.5253e-03	  3.0212e-04	  4.4035e-03	  9.3845e-04	  1.5015e-05	  2.6729e-03	  3.3539e-04	  4.1008e-04	  7.7793e-04	  1.9107e+03	  0.0000e+00	  1.4999e-01	  0.0000e+00	  2.8607e-01	  7.1121e-02	  0.0000e+00	
  6.8875e+00	  2.5297e-03	  3.0249e-04	  4.4158e-03	  9.4111e-04	  1.4987e-05	  2.6997e-03	  3.4154e-04	  4.1057e-04	  7.9183e-04	  1.9197e+03	  0.0000e+00	  1.4999e-01	  0.0000e+00	  2.8612e-01	  7.1048e-02	  0.0000e+00	
  6.8874e+00	  2.5339e-03	  3.0284e-04	  4.4277e-03	  9.4368e-04	  1.4960e-05	  2.7256e-03	  3.4747e-04	  4.1103e-04	  8.0523e-04	  1.9283e+03	  0.0000e+00	  1.4999e-01	  0.0000e+00	  2.8617e-01	  7.0977e-02	  0.0000e+00	
  6.8872e+00	  2.5380e-03	  3.0318e-04	  4.4391e-03	  9.4616e-04	  1.4934e-05	  2.7506e-03	  3.5318e-04	  4.1148e-04	  8.1816e-04	  1.9366e+03	  0.0000e+00	  1.4999e-01	  0.0000e+00	  2.8622e-01	  7.0909e-02	  0.0000e+00	
  6.8871e+00	  2.5420e-03	  3.0350e-04	  4.4502e-03	  9.4856e-04	  1.4909e-05	  2.7746e-03	  3.5869e-04	  4.1192e-04	  8.3063e-04	  1.9446e+03	  0.0000e+00	  1.4999e-01	  0.0000e+00	  2.8626e-01	  7.0843e-02	  0.0000e+00	
  6.8869e+00	  2.5458e-03	  3.0382e-04	  4.4609e-03	  9.5087e-04	  1.4885e-05	  2.7978e-03	  3.6399e-04	  4.1234e-04	  8.4266e-04	  1.9523e+03	  0.0000e+00	  1.4999e-01	  0.0000e+00	  2.8630e-01	  7.0779e-02	  0.0000e+00	
  6.8868e+00	  2.5495e-03	  3.0412e-04	  4.4712e-03	  9.5310e-04	  1.4861e-05	  2.8202e-03	  3.6911e-04	  4.1274e-04	  8.5427e-04	  1.9598e+03	  0.0000e+00	  1.4999e-01	  0.0000e+00	  2.8634e-01	  7.0718e-02	  0.0000e+00	
  6.8867e+00	  2.5530e-03	  3.0441e-04	  4.4811e-03	  9.5526e-04	  1.4839e-05	  2.8418e-03	  3.7404e-04	  4.1313e-04	  8.6547e-04	  1.9669e+03	  0.0000e+00	  1.4999e-01	  0.0000e+00	  2.8638e-01	  7.0659e-02	  0.0000e+00	
  6.8865e+00	  2.5565e-03	  3.0470e-04	  4.4907e-03	  9.5734e-04	  1.4817e-05	  2.8626e-03	  3.7879e-04	  4.1350e-04	  8.7627e-04	  1.9739e+03	  0.0000e+00	  1.4999e-01	  0.0000e+00	  2.8642e-01	  7.0601e-02	  0.0000e+00	
  6.8864e+00	  2.5598e-03	  3.0497e-04	  4.5000e-03	  9.5935e-04	  1.4797e-05	  2.8827e-03	  3.8337e-04	  4.1387e-04	  8.8670e-04	  1.9805e+03	  0.0000e+00	  1.4999e-01	  0.0000e+00	  2.8646e-01	  7.0546e-02	  0.0000e+00	
  6.8863e+00	  2.5630e-03	  3.0523e-04	  4.5090e-03	  9.6129e-04	  1.4777e-05	  2.9021e-03	  3.8779e-04	  4.1422e-04	  8.9676e-04	  1.9870e+03	  0.0000e+00	  1.4999e-01	  0.0000e+00	  2.8649e-01	  7.0493e-02	  0.0000e+00	
  6.8862e+00	  2.5661e-03	  3.0548e-04	  4.5176e-03	  9.6317e-04	  1.4757e-05	  2.9207e-03	  3.9205e-04	  4.1455e-04	  9.0647e-04	  1.9932e+03	  0.0000e+00	  1.4999e-01	  0.0000e+00	  2.8653e-01	  7.0441e-02	  0.0000e+00	
  6.8861e+00	  2.5691e-03	  3.0573e-04	  4.5260e-03	  9.6498e-04	  1.4739e-05	  2.9388e-03	  3.9616e-04	  4.1488e-04	  9.1583e-04	  1.9992e+03	  0.0000e+00	  1.4999e-01	  0.0000e+00	  2.8656e-01	  7.0391e-02	  0.0000e+00	
  6.8860e+00	  2.5720e-03	  3.0596e-04	  4.5340e-03	  9.6672e-04	  1.4721e-05	  2.9562e-03	  4.0012e-04	  4.1519e-04	  9.2487e-04	  2.0050e+03	  0.0000e+00	  1.4999e-01	  0.0000e+00	  2.8659e-01	  7.0343e-02	  0.0000e+00	
  6.8859e+00	  2.5747e-03	  3.0619e-04	  4.5418e-03	  9.6841e-04	  1.4704e-05	  2.9729e-03	  4.0394e-04	  4.1549e-04	  9.3359e-04	  2.0106e+03	  0.0000e+00	  1.4999e-01	  0.0000e+00	  2.8663e-01	  7.0297e-02	  0.0000e+00	
  6.8858e+00	  2.5774e-03	  3.0641e-04	  4.5493e-03	  9.7004e-04	  1.4687e-05	  2.9891e-03	  4.0762e-04	  4.1578e-04	  9.4201e-04	  2.0160e+03	  0.0000e+00	  1.4999e-01	  0.0000e+00	  2.8666e-01	  7.0252e-02	  0.0000e+00	
  6.8857e+00	  2.5800e-03	  3.0662e-04	  4.5566e-03	  9.7161e-04	  1.4671e-05	  3.0048e-03	  4.1118e-04	  4.1606e-04	  9.5013e-04	  2.0212e+03	  0.0000e+00	  1.4999e-01	  0.0000e+00	  2.8668e-01	  7.0209e-02	  0.0000e+00	
  6.8856e+00	  2.5825e-03	  3.0683e-04	  4.5636e-03	  9.7313e-04	  1.4656e-05	  3.0198e-03	  4.1460e-04	  4.1633e-04	  9.5797e-04	  2.0262e+03	  0.0000e+00	  1.4999e-01	  0.0000e+00	  2.8671e-01	  7.0167e-02	  0.0000e+00	
  6.8855e+00	  2.5849e-03	  3.0702e-04	  4.5704e-03	  9.7459e-04	  1.4641e-05	  3.0344e-03	  4.1791e-04	  4.1660e-04	  9.6553e-04	  2.0310e+03	  0.0000e+00	  1.4999e-01	  0.0000e+00	  2.8674e-01	  7.0127e-02	  0.0000e+00	
  6.8854e+00	  2.5873e-03	  3.0722e-04	  4.5769e-03	  9.7601e-04	  1.4627e-05	  3.0484e-03	  4.2110e-04	  4.1685e-04	  9.7283e-04	  2.0357e+03	  0.0000e+00	  1.4999e-01	  0.0000e+00	  2.8676e-01	  7.0088e-02	  0.0000e+00	
  6.8854e+00	  2.5895e-03	  3.0740e-04	  4.5832e-03	  9.7738e-04	  1.4613e-05	  3.0619e-03	  4.2417e-04	  4.1709e-04	  9.7988e-04	  2.0402e+03	  0.0000e+00	  1.4999e-01	  0.0000e+00	  2.8679e-01	  7.0051e-02	  0.0000e+00	
  6.8853e+00	  2.5917e-03	  3.0758e-04	  4.5893e-03	  9.7870e-04	  1.4599e-05	  3.0750e-03	  4.2714e-04	  4.1733e-04	  9.8668e-04	  2.0445e+03	  0.0000e+00	  1.4999e-01	  0.0000e+00	  2.8681e-01	  7.0015e-02	  0.0000e+00	
  6.8852e+00	  2.5938e-03	  3.0775e-04	  4.5952e-03	  9.7997e-04	  1.4587e-05	  3.0876e-03	  4.3000e-04	  4.1755e-04	  9.9324e-04	  2.0487e+03	  0.0000e+00	  1.4999e-01	  0.0000e+00	  2.8684e-01	  6.9980e-02	  0.0000e+00	
  6.8852e+00	  2.5958e-03	  3.0791e-04	  4.6008e-03	  9.8120e-04	  1.4574e-05	  3.0998e-03	  4.3276e-04	  4.1777e-04	  9.9958e-04	  2.0528e+03	  0.0000e+00	  1.4999e-01	  0.0000e+00	  2.8686e-01	  6.9946e-02	  0.0000e+00	
  6.8851e+00	  2.5978e-03	  3.0807e-04	  4.6063e-03	  9.8239e-04	  1.4562e-05	  3.1115e-03	  4.3542e-04	  4.1798e-04	  1.0057e-03	  2.0567e+03	  0.0000e+00	  1.4999e-01	  0.0000e+00	  2.8688e-01	  6.9913e-02	  0.0000e+00	
  6.8850e+00	  2.5996e-03	  3.0822e-04	  4.6116e-03	  9.8353e-04	  1.4551e-05	  3.1229e-03	  4.3799e-04	  4.1819e-04	  1.0116e-03	  2.0604e+03	  0.0000e+00	  1.4999e-01	  0.0000e+00	  2.8690e-01	  6.9882e-02	  0.0000e+00	
  6.8850e+00	  2.6015e-03	  3.0837e-04	  4.6167e-03	  9.8464e-04	  1.4540e-05	  3.1338e-03	  4.4047e-04	  4.1838e-04	  1.0173e-03	  2.0641e+03	  0.0000e+00	  1.4999e-01	  0.0000e+00	  2.8692e-01	  6.9851e-02	  0.0000e+00	
  6.8849e+00	  2.6032e-03	  3.0851e-04	  4.6217e-03	  9.8571e-04	  1.4529e-05	  3.1444e-03	  4.4286e-04	  4.1857e-04	  1.0228e-03	  2.0676e+03	  0.0000e+00	  1.4999e-01	  0.0000e+00	  2.8694e-01	  6.9822e-02	  0.0000e+00	
  6.8848e+00	  2.6049e-03	  3.0865e-04	  4.6264e-03	  9.8674e-04	  1.4519e-05	  3.1545e-03	  4.4517e-04	  4.1876e-04	  1.0281e-03	  2.0710e+03	  0.0000e+00	  1.4999e-01	  0.0000e+00	  2.8696e-01	  6.9794e-02	  0.0000e+00	
  6.8848e+00	  2.6066e-03	  3.0879e-04	  4.6310e-03	  9.8774e-04	  1.4509e-05	  3.1644e-03	  4.4740e-04	  4.1893e-04	  1.0332e-03	  2.0742e+03	  0.0000e+00	  1.4999e-01	  0.0000e+00	  2.8698e-01	  6.9766e-02	  0.0000e+00	
  6.8847e+00	  2.6082e-03	  3.0891e-04	  4.6355e-03	  9.8870e-04	  1.4499e-05	  3.1739e-03	  4.4954e-04	  4.1910e-04	  1.0382e-03	  2.0774e+03	  0.0000e+00	  1.4999e-01	  0.0000e+00	  2.8700e-01	  6.9740e-02	  0.0000e+00	
  6.8847e+00	  2.6097e-03	  3.0904e-04	  4.6397e-03	  9.8963e-04	  1.4490e-05	  3.1830e-03	  4.5162e-04	  4.1927e-04	  1.0429e-03	  2.0804e+03	  0.0000e+00	  1.4999e-01	  0.0000e+00	  2.8701e-01	  6.9715e-02	  0.0000e+00	
  6.8846e+00	  2.6112e-03	  3.0916e-04	  4.6439e-03	  9.9053e-04	  1.4481e-05	  3.1919e-03	  4.5362e-04	  4.1943e-04	  1.0475e-03	  2.0834e+03	  0.0000e+00	  1.4999e-01	  0.0000e+00	  2.8703e-01	  6.9690e-02	  0.0000e+00	
  6.8846e+00	  2.6126e-03	  3.0927e-04	  4.6479e-03	  9.9140e-04	  1.4473e-05	  3.2004e-03	  4.5555e-04	  4.1958e-04	  1.0520e-03	  2.0862e+03	  0.0000e+00	  1.4999e-01	  0.0000e+00	  2.8705e-01	  6.9666e-02	  0.0000e+00	
  6.8845e+00	  2.6140e-03	  3.0939e-04	  4.6518e-03	  9.9223e-04	  1.4464e-05	  3.2086e-03	  4.5741e-04	  4.1973e-04	  1.0563e-03	  2.0889e+03	  0.0000e+00	  1.4999e-01	  0.0000e+00	  2.8706e-01	  6.9643e-02	  0.0000e+00	
  6.8845e+00	  2.6153e-03	  3.0949e-04	  4.6555e-03	  9.9304e-04	  1.4456e-05	  3.2166e-03	  4.5921e-04	  4.1987e-04	  1.0604e-03	  2.0916e+03	  0.0000e+00	  1.4999e-01	  0.0000e+00	  2.8708e-01	  6.9621e-02	  0.0000e+00	
  6.8845e+00	  2.6166e-03	  3.0960e-04	  4.6591e-03	  9.9382e-04	  1.4449e-05	  3.2242e-03	  4.6094e-04	  4.2001e-04	  1.0644e-03	  2.0941e+03	  0.0000e+00	  1.4999e-01	  0.0000e+00	  2.8709e-01	  6.9600e-02	  0.0000e+00	
  6.8844e+00	  2.6178e-03	  3.0970e-04	  4.6626e-03	  9.9457e-04	  1.4441e-05	  3.2316e-03	  4.6262e-04	  4.2014e-04	  1.0683e-03	  2.0966e+03	  0.0000e+00	  1.4999e-01	  0.0000e+00	  2.8710e-01	  6.9579e-02	  0.0000e+00	
  6.8844e+00	  2.6190e-03	  3.0979e-04	  4.6659e-03	  9.9530e-04	  1.4434e-05	  3.2388e-03	  4.6423e-04	  4.2027e-04	  1.0720e-03	  2.0990e+03	  0.0000e+00	  1.4999e-01	  0.0000e+00	  2.8712e-01	  6.9559e-02	  0.0000e+00	
  6.8843e+00	  2.6202e-03	  3.0989e-04	  4.6691e-03	  9.9600e-04	  1.4427e-05	  3.2457e-03	  4.6579e-04	  4.2039e-04	  1.0756e-03	  2.1013e+03	  0.0000e+00	  1.4999e-01	  0.0000e+00	  2.8713e-01	  6.9540e-02	  0.0000e+00	
  6.8843e+00	  2.6213e-03	  3.0998e-04	  4.6723e-03	  9.9668e-04	  1.4421e-05	  3.2524e-03	  4.6730e-04	  4.2051e-04	  1.0791e-03	  2.1035e+03	  0.0000e+00	  1.4999e-01	  0.0000e+00	  2.8714e-01	  6.9521e-02	  0.0000e+00	
  6.8843e+00	  2.6224e-03	  3.1006e-04	  4.6753e-03	  9.9734e-04	  1.4414e-05	  3.2588e-03	  4.6875e-04	  4.2063e-04	  1.0824e-03	  2.1056e+03	  0.0000e+00	  1.4999e-01	  0.0000e+00	  2.8716e-01	  6.9503e-02	  0.0000e+00	
  6.8842e+00	  2.6234e-03	  3.1015e-04	  4.6782e-03	  9.9797e-04	  1.4408e-05	  3.2650e-03	  4.7015e-04	  4.2074e-04	  1.0857e-03	  2.1077e+03	  0.0000e+00	  1.4999e-01	  0.0000e+00	  2.8717e-01	  6.9486e-02	  0.0000e+00	
  6.8842e+00	  2.6244e-03	  3.1023e-04	  4.6810e-03	  9.9858e-04	  1.4402e-05	  3.2710e-03	  4.7151e-04	  4.2085e-04	  1.0888e-03	  2.1097e+03	  0.0000e+00	  1.4999e-01	  0.0000e+00	  2.8718e-01	  6.9469e-02	  0.0000e+00	
  6.8842e+00	  2.6254e-03	  3.1031e-04	  4.6838e-03	  9.9917e-04	  1.4396e-05	  3.2768e-03	  4.7281e-04	  4.2095e-04	  1.0918e-03	  2.1116e+03	  0.0000e+00	  1.4999e-01	  0.0000e+00	  2.8719e-01	  6.9453e-02	  0.0000e+00	
  6.8841e+00	  2.6263e-03	  3.1038e-04	  4.6864e-03	  9.9974e-04	  1.4391e-05	  3.2824e-03	  4.7407e-04	  4.2105e-04	  1.0947e-03	  2.1135e+03	  0.0000e+00	  1.4999e-01	  0.0000e+00	  2.8720e-01	  6.9438e-02	  0.0000e+00	
  6.8841e+00	  2.6272e-03	  3.1046e-04	  4.6889e-03	  1.0003e-03	  1.4385e-05	  3.2877e-03	  4.7529e-04	  4.2115e-04	  1.0976e-03	  2.1152e+03	  0.0000e+00	  1.4999e-01	  0.0000e+00	  2.8721e-01	  6.9423e-02	  0.0000e+00	
  6.8841e+00	  2.6281e-03	  3.1053e-04	  4.6914e-03	  1.0008e-03	  1.4380e-05	  3.2929e-03	  4.7646e-04	  4.2124e-04	  1.1003e-03	  2.1170e+03	  0.0000e+00	  1.4999e-01	  0.0000e+00	  2.8722e-01	  6.9408e-02	  0.0000e+00	
  6.8841e+00	  2.6289e-03	  3.1059e-04	  4.6937e-03	  1.0013e-03	  1.4375e-05	  3.2980e-03	  4.7760e-04	  4.2133e-04	  1.1029e-03	  2.1186e+03	  0.0000e+00	  1.4999e-01	  0.0000e+00	  2.8723e-01	  6.9394e-02	  0.0000e+00	
  6.8840e+00	  2.6297e-03	  3.1066e-04	  4.6960e-03	  1.0018e-03	  1.4370e-05	  3.3028e-03	  4.7869e-04	  4.2142e-04	  1.1054e-03	  2.1203e+03	  0.0000e+00	  1.4999e-01	  0.0000e+00	  2.8724e-01	  6.9380e-02	  0.0000e+00	
  6.8840e+00	  2.6305e-03	  3.1072e-04	  4.6982e-03	  1.0023e-03	  1.4365e-05	  3.3075e-03	  4.7975e-04	  4.2150e-04	  1.1079e-03	  2.1218e+03	  0.0000e+00	  1.4999e-01	  0.0000e+00	  2.8725e-01	  6.9367e-02	  0.0000e+00	
  6.8840e+00	  2.6313e-03	  3.1078e-04	  4.7003e-03	  1.0028e-03	  1.4361e-05	  3.3120e-03	  4.8077e-04	  4.2158e-04	  1.1102e-03	  2.1233e+03	  0.0000e+00	  1.4999e-01	  0.0000e+00	  2.8725e-01	  6.9355e-02	  0.0000e+00	
  6.8840e+00	  2.6320e-03	  3.1084e-04	  4.7024e-03	  1.0032e-03	  1.4357e-05	  3.3164e-03	  4.8175e-04	  4.2166e-04	  1.1125e-03	  2.1248e+03	  0.0000e+00	  1.4999e-01	  0.0000e+00	  2.8726e-01	  6.9343e-02	  0.0000e+00	
  6.8839e+00	  2.6327e-03	  3.1090e-04	  4.7044e-03	  1.0036e-03	  1.4352e-05	  3.3206e-03	  4.8270e-04	  4.2174e-04	  1.1147e-03	  2.1262e+03	  0.0000e+00	  1.4999e-01	  0.0000e+00	  2.8727e-01	  6.9331e-02	  0.0000e+00	
  6.8839e+00	  2.6334e-03	  3.1096e-04	  4.7063e-03	  1.0041e-03	  1.4348e-05	  3.3247e-03	  4.8362e-04	  4.2181e-04	  1.1168e-03	  2.1275e+03	  0.0000e+00	  1.4999e-01	  0.0000e+00	  2.8728e-01	  6.9319e-02	  0.0000e+00	
  6.8839e+00	  2.6341e-03	  3.1101e-04	  4.7082e-03	  1.0045e-03	  1.4344e-05	  3.3286e-03	  4.8450e-04	  4.2188e-04	  1.1189e-03	  2.1288e+03	  0.0000e+00	  1.4999e-01	  0.0000e+00	  2.8729e-01	  6.9308e-02	  0.0000e+00	
  6.8839e+00	  2.6347e-03	  3.1106e-04	  4.7099e-03	  1.0048e-03	  1.4341e-05	  3.3324e-03	  4.8536e-04	  4.2195e-04	  1.1209e-03	  2.1301e+03	  0.0000e+00	  1.4999e-01	  0.0000e+00	  2.8729e-01	  6.9298e-02	  0.0000e+00	
  6.8839e+00	  2.6353e-03	  3.1111e-04	  4.7117e-03	  1.0052e-03	  1.4337e-05	  3.3360e-03	  4.8618e-04	  4.2201e-04	  1.1228e-03	  2.1313e+03	  0.0000e+00	  1.4999e-01	  0.0000e+00	  2.8730e-01	  6.9288e-02	  0.0000e+00	
  6.8838e+00	  2.6359e-03	  3.1116e-04	  4.7133e-03	  1.0056e-03	  1.4334e-05	  3.3396e-03	  4.8698e-04	  4.2208e-04	  1.1246e-03	  2.1325e+03	  0.0000e+00	  1.4999e-01	  0.0000e+00	  2.8731e-01	  6.9278e-02	  0.0000e+00	
  6.8838e+00	  2.6365e-03	  3.1120e-04	  4.7149e-03	  1.0059e-03	  1.4330e-05	  3.3430e-03	  4.8775e-04	  4.2214e-04	  1.1264e-03	  2.1336e+03	  0.0000e+00	  1.4999e-01	  0.0000e+00	  2.8731e-01	  6.9268e-02	  0.0000e+00	
  6.8838e+00	  2.6370e-03	  3.1125e-04	  4.7165e-03	  1.0063e-03	  1.4327e-05	  3.3463e-03	  4.8849e-04	  4.2220e-04	  1.1281e-03	  2.1347e+03	  0.0000e+00	  1.4999e-01	  0.0000e+00	  2.8732e-01	  6.9259e-02	  0.0000e+00	
  6.8838e+00	  2.6376e-03	  3.1129e-04	  4.7180e-03	  1.0066e-03	  1.4324e-05	  3.3494e-03	  4.8921e-04	  4.2225e-04	  1.1298e-03	  2.1358e+03	  0.0000e+00	  1.4999e-01	  0.0000e+00	  2.8732e-01	  6.9250e-02	  0.0000e+00	
  6.8838e+00	  2.6381e-03	  3.1133e-04	  4.7194e-03	  1.0069e-03	  1.4321e-05	  3.3525e-03	  4.8990e-04	  4.2231e-04	  1.1314e-03	  2.1368e+03	  0.0000e+00	  1.4999e-01	  0.0000e+00	  2.8733e-01	  6.9241e-02	  0.0000e+00	
  6.8838e+00	  2.6386e-03	  3.1137e-04	  4.7208e-03	  1.0072e-03	  1.4318e-05	  3.3555e-03	  4.9057e-04	  4.2236e-04	  1.1329e-03	  2.1378e+03	  0.0000e+00	  1.4999e-01	  0.0000e+00	  2.8734e-01	  6.9233e-02	  0.0000e+00	
  6.8837e+00	  2.6391e-03	  3.1141e-04	  4.7222e-03	  1.0075e-03	  1.4315e-05	  3.3583e-03	  4.9121e-04	  4.2241e-04	  1.1344e-03	  2.1387e+03	  0.0000e+00	  1.4999e-01	  0.0000e+00	  2.8734e-01	  6.9225e-02	  0.0000e+00	
  6.8837e+00	  2.6395e-03	  3.1145e-04	  4.7235e-03	  1.0078e-03	  1.4312e-05	  3.3611e-03	  4.9183e-04	  4.2246e-04	  1.1359e-03	  2.1396e+03	  0.0000e+00	  1.4999e-01	  0.0000e+00	  2.8735e-01	  6.9217e-02	  0.0000e+00	
  6.8837e+00	  2.6400e-03	  3.1148e-04	  4.7247e-03	  1.0081e-03	  1.4310e-05	  3.3638e-03	  4.9243e-04	  4.2251e-04	  1.1372e-03	  2.1405e+03	  0.0000e+00	  1.4999e-01	  0.0000e+00	  2.8735e-01	  6.9210e-02	  0.0000e+00	
  6.8837e+00	  2.6404e-03	  3.1152e-04	  4.7260e-03	  1.0083e-03	  1.4307e-05	  3.3663e-03	  4.9301e-04	  4.2256e-04	  1.1386e-03	  2.1414e+03	  0.0000e+00	  1.4999e-01	  0.0000e+00	  2.8736e-01	  6.9203e-02	  0.0000e+00	
  6.8837e+00	  2.6408e-03	  3.1155e-04	  4.7271e-03	  1.0086e-03	  1.4304e-05	  3.3688e-03	  4.9357e-04	  4.2260e-04	  1.1399e-03	  2.1422e+03	  0.0000e+00	  1.4999e-01	  0.0000e+00	  2.8736e-01	  6.9196e-02	  0.0000e+00	
  6.8837e+00	  2.6412e-03	  3.1159e-04	  4.7283e-03	  1.0088e-03	  1.4302e-05	  3.3712e-03	  4.9411e-04	  4.2264e-04	  1.1411e-03	  2.1430e+03	  0.0000e+00	  1.4999e-01	  0.0000e+00	  2.8737e-01	  6.9189e-02	  0.0000e+00	
  6.8837e+00	  2.6416e-03	  3.1162e-04	  4.7294e-03	  1.0091e-03	  1.4300e-05	  3.3735e-03	  4.9464e-04	  4.2268e-04	  1.1424e-03	  2.1438e+03	  0.0000e+00	  1.4999e-01	  0.0000e+00	  2.8737e-01	  6.9183e-02	  0.0000e+00	
  6.8837e+00	  2.6420e-03	  3.1165e-04	  4.7304e-03	  1.0093e-03	  1.4298e-05	  3.3758e-03	  4.9514e-04	  4.2273e-04	  1.1435e-03	  2.1445e+03	  0.0000e+00	  1.4999e-01	  0.0000e+00	  2.8737e-01	  6.9176e-02	  0.0000e+00	
  6.8836e+00	  2.6424e-03	  3.1168e-04	  4.7314e-03	  1.0095e-03	  1.4295e-05	  3.3779e-03	  4.9563e-04	  4.2276e-04	  1.1447e-03	  2.1452e+03	  0.0000e+00	  1.4999e-01	  0.0000e+00	  2.8738e-01	  6.9170e-02	  0.0000e+00	
  6.8836e+00	  2.6427e-03	  3.1170e-04	  4.7324e-03	  1.0097e-03	  1.4293e-05	  3.3800e-03	  4.9610e-04	  4.2280e-04	  1.1457e-03	  2.1459e+03	  0.0000e+00	  1.4999e-01	  0.0000e+00	  2.8738e-01	  6.9164e-02	  0.0000e+00	
  6.8836e+00	  2.6430e-03	  3.1173e-04	  4.7334e-03	  1.0099e-03	  1.4291e-05	  3.3820e-03	  4.9655e-04	  4.2284e-04	  1.1468e-03	  2.1466e+03	  0.0000e+00	  1.4999e-01	  0.0000e+00	  2.8739e-01	  6.9159e-02	  0.0000e+00	
  6.8836e+00	  2.6434e-03	  3.1176e-04	  4.7343e-03	  1.0101e-03	  1.4289e-05	  3.3840e-03	  4.9699e-04	  4.2287e-04	  1.1478e-03	  2.1472e+03	  0.0000e+00	  1.4999e-01	  0.0000e+00	  2.8739e-01	  6.9153e-02	  0.0000e+00	
  6.8836e+00	  2.6437e-03	  3.1178e-04	  4.7352e-03	  1.0103e-03	  1.4288e-05	  3.3858e-03	  4.9741e-04	  4.2291e-04	  1.1488e-03	  2.1479e+03	  0.0000e+00	  1.4999e-01	  0.0000e+00	  2.8739e-01	  6.9148e-02	  0.0000e+00	
  6.8836e+00	  2.6440e-03	  3.1181e-04	  4.7360e-03	  1.0105e-03	  1.4286e-05	  3.3877e-03	  4.9782e-04	  4.2294e-04	  1.1497e-03	  2.1485e+03	  0.0000e+00	  1.4999e-01	  0.0000e+00	  2.8740e-01	  6.9143e-02	  0.0000e+00	
  6.8836e+00	  2.6443e-03	  3.1183e-04	  4.7369e-03	  1.0107e-03	  1.4284e-05	  3.3894e-03	  4.9821e-04	  4.2297e-04	  1.1507e-03	  2.1490e+03	  0.0000e+00	  1.4999e-01	  0.0000e+00	  2.8740e-01	  6.9138e-02	  0.0000e+00	
  6.8836e+00	  2.6446e-03	  3.1185e-04	  4.7377e-03	  1.0109e-03	  1.4282e-05	  3.3911e-03	  4.9859e-04	  4.2300e-04	  1.1515e-03	  2.1496e+03	  0.0000e+00	  1.4999e-01	  0.0000e+00	  2.8740e-01	  6.9133e-02	  0.0000e+00	
  6.8836e+00	  2.6449e-03	  3.1188e-04	  4.7384e-03	  1.0110e-03	  1.4281e-05	  3.3927e-03	  4.9896e-04	  4.2303e-04	  1.1524e-03	  2.1502e+03	  0.0000e+00	  1.4999e-01	  0.0000e+00	  2.8741e-01	  6.9129e-02	  0.0000e+00	
  6.8836e+00	  2.6451e-03	  3.1190e-04	  4.7392e-03	  1.0112e-03	  1.4279e-05	  3.3943e-03	  4.9931e-04	  4.2306e-04	  1.1532e-03	  2.1507e+03	  0.0000e+00	  1.4999e-01	  0.0000e+00	  2.8741e-01	  6.9124e-02	  0.0000e+00	
  6.8835e+00	  2.6454e-03	  3.1192e-04	  4.7399e-03	  1.0113e-03	  1.4278e-05	  3.3958e-03	  4.9966e-04	  4.2308e-04	  1.1540e-03	  2.1512e+03	  0.0000e+00	  1.4999e-01	  0.0000e+00	  2.8741e-01	  6.9120e-02	  0.0000e+00	
  6.8835e+00	  2.6456e-03	  3.1194e-04	  4.7406e-03	  1.0115e-03	  1.4276e-05	  3.3973e-03	  4.9999e-04	  4.2311e-04	  1.1548e-03	  2.1517e+03	  0.0000e+00	  1.4999e-01	  0.0000e+00	  2.8741e-01	  6.9116e-02	  0.0000e+00	
  6.8835e+00	  2.6459e-03	  3.1196e-04	  4.7413e-03	  1.0116e-03	  1.4275e-05	  3.3987e-03	  5.0031e-04	  4.2314e-04	  1.1555e-03	  2.1521e+03	  0.0000e+00	  1.4999e-01	  0.0000e+00	  2.8742e-01	  6.9112e-02	  0.0000e+00	
  6.8835e+00	  2.6461e-03	  3.1198e-04	  4.7419e-03	  1.0118e-03	  1.4274e-05	  3.4001e-03	  5.0062e-04	  4.2316e-04	  1.1562e-03	  2.1526e+03	  0.0000e+00	  1.4999e-01	  0.0000e+00	  2.8742e-01	  6.9108e-02	  0.0000e+00	
  6.8835e+00	  2.6463e-03	  3.1199e-04	  4.7425e-03	  1.0119e-03	  1.4272e-05	  3.4014e-03	  5.0091e-04	  4.2318e-04	  1.1569e-03	  2.1530e+03	  0.0000e+00	  1.4999e-01	  0.0000e+00	  2.8742e-01	  6.9104e-02	  0.0000e+00	
  6.8835e+00	  2.6465e-03	  3.1201e-04	  4.7431e-03	  1.0120e-03	  1.4271e-05	  3.4027e-03	  5.0120e-04	  4.2321e-04	  1.1576e-03	  2.1535e+03	  0.0000e+00	  1.4999e-01	  0.0000e+00	  2.8742e-01	  6.9101e-02	  0.0000e+00	
  6.8835e+00	  2.6467e-03	  3.1203e-04	  4.7437e-03	  1.0122e-03	  1.4270e-05	  3.4039e-03	  5.0148e-04	  4.2323e-04	  1.1582e-03	  2.1539e+03	  0.0000e+00	  1.4999e-01	  0.0000e+00	  2.8743e-01	  6.9097e-02	  0.0000e+00	
  6.8835e+00	  2.6469e-03	  3.1204e-04	  4.7443e-03	  1.0123e-03	  1.4269e-05	  3.4051e-03	  5.0174e-04	  4.2325e-04	  1.1589e-03	  2.1543e+03	  0.0000e+00	  1.4999e-01	  0.0000e+00	  2.8743e-01	  6.9094e-02	  0.0000e+00	
  6.8835e+00	  2.6471e-03	  3.1206e-04	  4.7448e-03	  1.0124e-03	  1.4267e-05	  3.4062e-03	  5.0200e-04	  4.2327e-04	  1.1595e-03	  2.1546e+03	  0.0000e+00	  1.4999e-01	  0.0000e+00	  2.8743e-01	  6.9091e-02	  0.0000e+00	
  6.8835e+00	  2.6473e-03	  3.1207e-04	  4.7454e-03	  1.0125e-03	  1.4266e-05	  3.4074e-03	  5.0225e-04	  4.2329e-04	  1.1600e-03	  2.1550e+03	  0.0000e+00	  1.4999e-01	  0.0000e+00	  2.8743e-01	  6.9088e-02	  0.0000e+00	
  6.8835e+00	  2.6475e-03	  3.1209e-04	  4.7459e-03	  1.0126e-03	  1.4265e-05	  3.4084e-03	  5.0249e-04	  4.2331e-04	  1.1606e-03	  2.1554e+03	  0.0000e+00	  1.4999e-01	  0.0000e+00	  2.8744e-01	  6.9085e-02	  0.0000e+00	
  6.8835e+00	  2.6477e-03	  3.1210e-04	  4.7464e-03	  1.0127e-03	  1.4264e-05	  3.4095e-03	  5.0273e-04	  4.2333e-04	  1.1611e-03	  2.1557e+03	  0.0000e+00	  1.4999e-01	  0.0000e+00	  2.8744e-01	  6.9082e-02	  0.0000e+00	
  6.8835e+00	  2.6478e-03	  3.1212e-04	  4.7468e-03	  1.0128e-03	  1.4263e-05	  3.4105e-03	  5.0295e-04	  4.2335e-04	  1.1617e-03	  2.1560e+03	  0.0000e+00	  1.4999e-01	  0.0000e+00	  2.8744e-01	  6.9079e-02	  0.0000e+00	
  6.8835e+00	  2.6480e-03	  3.1213e-04	  4.7473e-03	  1.0129e-03	  1.4262e-05	  3.4114e-03	  5.0317e-04	  4.2336e-04	  1.1622e-03	  2.1564e+03	  0.0000e+00	  1.4999e-01	  0.0000e+00	  2.8744e-01	  6.9076e-02	  0.0000e+00	
  6.8835e+00	  2.6482e-03	  3.1214e-04	  4.7477e-03	  1.0130e-03	  1.4261e-05	  3.4124e-03	  5.0338e-04	  4.2338e-04	  1.1626e-03	  2.1567e+03	  0.0000e+00	  1.4999e-01	  0.0000e+00	  2.8744e-01	  6.9074e-02	  0.0000e+00	
  6.8835e+00	  2.6483e-03	  3.1215e-04	  4.7482e-03	  1.0131e-03	  1.4261e-05	  3.4133e-03	  5.0358e-04	  4.2340e-04	  1.1631e-03	  2.1570e+03	  0.0000e+00	  1.4999e-01	  0.0000e+00	  2.8744e-01	  6.9071e-02	  0.0000e+00	
  6.8835e+00	  2.6485e-03	  3.1217e-04	  4.7486e-03	  1.0132e-03	  1.4260e-05	  3.4141e-03	  5.0378e-04	  4.2341e-04	  1.1636e-03	  2.1573e+03	  0.0000e+00	  1.4999e-01	  0.0000e+00	  2.8745e-01	  6.9069e-02	  0.0000e+00	
  6.8834e+00	  2.6486e-03	  3.1218e-04	  4.7490e-03	  1.0133e-03	  1.4259e-05	  3.4150e-03	  5.0396e-04	  4.2343e-04	  1.1640e-03	  2.1575e+03	  0.0000e+00	  1.4999e-01	  0.0000e+00	  2.8745e-01	  6.9066e-02	  0.0000e+00	
  6.8834e+00	  2.6487e-03	  3.1219e-04	  4.7493e-03	  1.0134e-03	  1.4258e-05	  3.4158e-03	  5.0415e-04	  4.2344e-04	  1.1644e-03	  2.1578e+03	  0.0000e+00	  1.4999e-01	  0.0000e+00	  2.8745e-01	  6.9064e-02	  0.0000e+00	
  6.8834e+00	  2.6489e-03	  3.1220e-04	  4.7497e-03	  1.0135e-03	  1.4257e-05	  3.4165e-03	  5.0432e-04	  4.2346e-04	  1.1648e-03	  2.1581e+03	  0.0000e+00	  1.4999e-01	  0.0000e+00	  2.8745e-01	  6.9062e-02	  0.0000e+00	
  6.8834e+00	  2.6490e-03	  3.1221e-04	  4.7501e-03	  1.0135e-03	  1.4257e-05	  3.4173e-03	  5.0449e-04	  4.2347e-04	  1.1652e-03	  2.1583e+03	  0.0000e+00	  1.4999e-01	  0.0000e+00	  2.8745e-01	  6.9060e-02	  0.0000e+00	
  6.8834e+00	  2.6491e-03	  3.1222e-04	  4.7504e-03	  1.0136e-03	  1.4256e-05	  3.4180e-03	  5.0465e-04	  4.2348e-04	  1.1656e-03	  2.1586e+03	  0.0000e+00	  1.4999e-01	  0.0000e+00	  2.8745e-01	  6.9058e-02	  0.0000e+00	
  6.8834e+00	  2.6492e-03	  3.1223e-04	  4.7508e-03	  1.0137e-03	  1.4255e-05	  3.4187e-03	  5.0481e-04	  4.2350e-04	  1.1660e-03	  2.1588e+03	  0.0000e+00	  1.4999e-01	  0.0000e+00	  2.8745e-01	  6.9056e-02	  0.0000e+00	
  6.8834e+00	  2.6493e-03	  3.1224e-04	  4.7511e-03	  1.0138e-03	  1.4254e-05	  3.4194e-03	  5.0497e-04	  4.2351e-04	  1.1663e-03	  2.1590e+03	  0.0000e+00	  1.4999e-01	  0.0000e+00	  2.8746e-01	  6.9054e-02	  0.0000e+00	
  6.8834e+00	  2.6495e-03	  3.1225e-04	  4.7514e-03	  1.0138e-03	  1.4254e-05	  3.4201e-03	  5.0511e-04	  4.2352e-04	  1.1667e-03	  2.1592e+03	  0.0000e+00	  1.4999e-01	  0.0000e+00	  2.8746e-01	  6.9052e-02	  0.0000e+00	
  6.8834e+00	  2.6496e-03	  3.1226e-04	  4.7517e-03	  1.0139e-03	  1.4253e-05	  3.4207e-03	  5.0526e-04	  4.2353e-04	  1.1670e-03	  2.1595e+03	  0.0000e+00	  1.4999e-01	  0.0000e+00	  2.8746e-01	  6.9050e-02	  0.0000e+00	
  6.8834e+00	  2.6497e-03	  3.1226e-04	  4.7520e-03	  1.0140e-03	  1.4253e-05	  3.4213e-03	  5.0539e-04	  4.2354e-04	  1.1673e-03	  2.1597e+03	  0.0000e+00	  1.4999e-01	  0.0000e+00	  2.8746e-01	  6.9049e-02	  0.0000e+00	
  6.8834e+00	  2.6498e-03	  3.1227e-04	  4.7523e-03	  1.0140e-03	  1.4252e-05	  3.4219e-03	  5.0553e-04	  4.2355e-04	  1.1676e-03	  2.1598e+03	  0.0000e+00	  1.4999e-01	  0.0000e+00	  2.8746e-01	  6.9047e-02	  0.0000e+00	
  6.8834e+00	  2.6499e-03	  3.1228e-04	  4.7525e-03	  1.0141e-03	  1.4251e-05	  3.4225e-03	  5.0565e-04	  4.2356e-04	  1.1679e-03	  2.1600e+03	  0.0000e+00	  1.4999e-01	  0.0000e+00	  2.8746e-01	  6.9045e-02	  0.0000e+00	
  6.8834e+00	  2.6500e-03	  3.1229e-04	  4.7528e-03	  1.0141e-03	  1.4251e-05	  3.4230e-03	  5.0578e-04	  4.2357e-04	  1.1682e-03	  2.1602e+03	  0.0000e+00	  1.4999e-01	  0.0000e+00	  2.8746e-01	  6.9044e-02	  0.0000e+00	
  6.8834e+00	  2.6500e-03	  3.1229e-04	  4.7530e-03	  1.0142e-03	  1.4250e-05	  3.4235e-03	  5.0590e-04	  4.2358e-04	  1.1685e-03	  2.1604e+03	  0.0000e+00	  1.4999e-01	  0.0000e+00	  2.8746e-01	  6.9042e-02	  0.0000e+00	
  6.8834e+00	  2.6501e-03	  3.1230e-04	  4.7533e-03	  1.0142e-03	  1.4250e-05	  3.4241e-03	  5.0601e-04	  4.2359e-04	  1.1688e-03	  2.1606e+03	  0.0000e+00	  1.4999e-01	  0.0000e+00	  2.8746e-01	  6.9041e-02	  0.0000e+00	
  6.8834e+00	  2.6502e-03	  3.1231e-04	  4.7535e-03	  1.0143e-03	  1.4249e-05	  3.4246e-03	  5.0612e-04	  4.2360e-04	  1.1690e-03	  2.1607e+03	  0.0000e+00	  1.4999e-01	  0.0000e+00	  2.8747e-01	  6.9039e-02	  0.0000e+00	
  6.8834e+00	  2.6503e-03	  3.1231e-04	  4.7537e-03	  1.0143e-03	  1.4249e-05	  3.4250e-03	  5.0623e-04	  4.2361e-04	  1.1693e-03	  2.1609e+03	  0.0000e+00	  1.4999e-01	  0.0000e+00	  2.8747e-01	  6.9038e-02	  0.0000e+00	
  6.8834e+00	  2.6504e-03	  3.1232e-04	  4.7540e-03	  1.0144e-03	  1.4248e-05	  3.4255e-03	  5.0634e-04	  4.2362e-04	  1.1695e-03	  2.1610e+03	  0.0000e+00	  1.4999e-01	  0.0000e+00	  2.8747e-01	  6.9037e-02	  0.0000e+00	
  6.8834e+00	  2.6505e-03	  3.1233e-04	  4.7542e-03	  1.0144e-03	  1.4248e-05	  3.4259e-03	  5.0644e-04	  4.2363e-04	  1.1697e-03	  2.1612e+03	  0.0000e+00	  1.4999e-01	  0.0000e+00	  2.8747e-01	  6.9036e-02	  0.0000e+00	
  6.8834e+00	  2.6505e-03	  3.1233e-04	  4.7544e-03	  1.0145e-03	  1.4248e-05	  3.4264e-03	  5.0653e-04	  4.2363e-04	  1.1700e-03	  2.1613e+03	  0.0000e+00	  1.4999e-01	  0.0000e+00	  2.8747e-01	  6.9034e-02	  0.0000e+00	
  6.8834e+00	  2.6506e-03	  3.1234e-04	  4.7546e-03	  1.0145e-03	  1.4247e-05	  3.4268e-03	  5.0663e-04	  4.2364e-04	  1.1702e-03	  2.1615e+03	  0.0000e+00	  1.4999e-01	  0.0000e+00	  2.8747e-01	  6.9033e-02	  0.0000e+00	
  6.8834e+00	  2.6507e-03	  3.1234e-04	  4.7548e-03	  1.0146e-03	  1.4247e-05	  3.4272e-03	  5.0672e-04	  4.2365e-04	  1.1704e-03	  2.1616e+03	  0.0000e+00	  1.4999e-01	  0.0000e+00	  2.8747e-01	  6.9032e-02	  0.0000e+00	
  6.8834e+00	  2.6507e-03	  3.1235e-04	  4.7550e-03	  1.0146e-03	  1.4246e-05	  3.4276e-03	  5.0680e-04	  4.2365e-04	  1.1706e-03	  2.1617e+03	  0.0000e+00	  1.4999e-01	  0.0000e+00	  2.8747e-01	  6.9031e-02	  0.0000e+00	
  6.8834e+00	  2.6508e-03	  3.1235e-04	  4.7551e-03	  1.0146e-03	  1.4246e-05	  3.4279e-03	  5.0689e-04	  4.2366e-04	  1.1708e-03	  2.1619e+03	  0.0000e+00	  1.4999e-01	  0.0000e+00	  2.8747e-01	  6.9030e-02	  0.0000e+00	
  6.8834e+00	  2.6509e-03	  3.1236e-04	  4.7553e-03	  1.0147e-03	  1.4246e-05	  3.4283e-03	  5.0697e-04	  4.2367e-04	  1.1710e-03	  2.1620e+03	  0.0000e+00	  1.4999e-01	  0.0000e+00	  2.8747e-01	  6.9029e-02	  0.0000e+00	
  6.8834e+00	  2.6509e-03	  3.1236e-04	  4.7555e-03	  1.0147e-03	  1.4245e-05	  3.4287e-03	  5.0705e-04	  4.2367e-04	  1.1712e-03	  2.1621e+03	  0.0000e+00	  1.4999e-01	  0.0000e+00	  2.8747e-01	  6.9028e-02	  0.0000e+00	
  6.8834e+00	  2.6510e-03	  3.1237e-04	  4.7556e-03	  1.0147e-03	  1.4245e-05	  3.4290e-03	  5.0712e-04	  4.2368e-04	  1.1713e-03	  2.1622e+03	  0.0000e+00	  1.4999e-01	  0.0000e+00	  2.8747e-01	  6.9027e-02	  0.0000e+00	
  6.8834e+00	  2.6510e-03	  3.1237e-04	  4.7558e-03	  1.0148e-03	  1.4245e-05	  3.4293e-03	  5.0720e-04	  4.2369e-04	  1.1715e-03	  2.1623e+03	  0.0000e+00	  1.4999e-01	  0.0000e+00	  2.8747e-01	  6.9026e-02	  0.0000e+00	
  6.8834e+00	  2.6511e-03	  3.1238e-04	  4.7559e-03	  1.0148e-03	  1.4244e-05	  3.4296e-03	  5.0727e-04	  4.2369e-04	  1.1717e-03	  2.1624e+03	  0.0000e+00	  1.4999e-01	  0.0000e+00	  2.8748e-01	  6.9025e-02	  0.0000e+00	
  6.8834e+00	  2.6511e-03	  3.1238e-04	  4.7561e-03	  1.0148e-03	  1.4244e-05	  3.4299e-03	  5.0733e-04	  4.2370e-04	  1.1718e-03	  2.1625e+03	  0.0000e+00	  1.4999e-01	  0.0000e+00	  2.8748e-01	  6.9024e-02	  0.0000e+00	
  6.8834e+00	  2.6512e-03	  3.1238e-04	  4.7562e-03	  1.0149e-03	  1.4244e-05	  3.4302e-03	  5.0740e-04	  4.2370e-04	  1.1720e-03	  2.1626e+03	  0.0000e+00	  1.4999e-01	  0.0000e+00	  2.8748e-01	  6.9024e-02	  0.0000e+00	
  6.8834e+00	  2.6512e-03	  3.1239e-04	  4.7564e-03	  1.0149e-03	  1.4243e-05	  3.4305e-03	  5.0746e-04	  4.2371e-04	  1.1721e-03	  2.1627e+03	  0.0000e+00	  1.4999e-01	  0.0000e+00	  2.8748e-01	  6.9023e-02	  0.0000e+00	
  6.8834e+00	  2.6513e-03	  3.1239e-04	  4.7565e-03	  1.0149e-03	  1.4243e-05	  3.4308e-03	  5.0753e-04	  4.2371e-04	  1.1723e-03	  2.1628e+03	  0.0000e+00	  1.4999e-01	  0.0000e+00	  2.8748e-01	  6.9022e-02	  0.0000e+00	
  6.8834e+00	  2.6513e-03	  3.1240e-04	  4.7566e-03	  1.0150e-03	  1.4243e-05	  3.4310e-03	  5.0758e-04	  4.2372e-04	  1.1724e-03	  2.1629e+03	  0.0000e+00	  1.4999e-01	  0.0000e+00	  2.8748e-01	  6.9021e-02	  0.0000e+00	
  6.8834e+00	  2.6514e-03	  3.1240e-04	  4.7567e-03	  1.0150e-03	  1.4243e-05	  3.4313e-03	  5.0764e-04	  4.2372e-04	  1.1726e-03	  2.1630e+03	  0.0000e+00	  1.4999e-01	  0.0000e+00	  2.8748e-01	  6.9021e-02	  0.0000e+00	
  6.8834e+00	  2.6514e-03	  3.1240e-04	  4.7568e-03	  1.0150e-03	  1.4242e-05	  3.4315e-03	  5.0770e-04	  4.2373e-04	  1.1727e-03	  2.1631e+03	  0.0000e+00	  1.4999e-01	  0.0000e+00	  2.8748e-01	  6.9020e-02	  0.0000e+00	
  6.8834e+00	  2.6514e-03	  3.1241e-04	  4.7570e-03	  1.0150e-03	  1.4242e-05	  3.4318e-03	  5.0775e-04	  4.2373e-04	  1.1728e-03	  2.1631e+03	  0.0000e+00	  1.4999e-01	  0.0000e+00	  2.8748e-01	  6.9019e-02	  0.0000e+00	
  6.8834e+00	  2.6515e-03	  3.1241e-04	  4.7571e-03	  1.0151e-03	  1.4242e-05	  3.4320e-03	  5.0780e-04	  4.2373e-04	  1.1729e-03	  2.1632e+03	  0.0000e+00	  1.4999e-01	  0.0000e+00	  2.8748e-01	  6.9019e-02	  0.0000e+00	
  6.8834e+00	  2.6515e-03	  3.1241e-04	  4.7572e-03	  1.0151e-03	  1.4242e-05	  3.4322e-03	  5.0785e-04	  4.2374e-04	  1.1730e-03	  2.1633e+03	  0.0000e+00	  1.4999e-01	  0.0000e+00	  2.8748e-01	  6.9018e-02	  0.0000e+00	
  6.8834e+00	  2.6516e-03	  3.1242e-04	  4.7573e-03	  1.0151e-03	  1.4242e-05	  3.4324e-03	  5.0790e-04	  4.2374e-04	  1.1732e-03	  2.1634e+03	  0.0000e+00	  1.4999e-01	  0.0000e+00	  2.8748e-01	  6.9017e-02	  0.0000e+00	
  6.8834e+00	  2.6516e-03	  3.1242e-04	  4.7574e-03	  1.0151e-03	  1.4241e-05	  3.4327e-03	  5.0795e-04	  4.2375e-04	  1.1733e-03	  2.1634e+03	  0.0000e+00	  1.4999e-01	  0.0000e+00	  2.8748e-01	  6.9017e-02	  0.0000e+00	
  6.8834e+00	  2.6516e-03	  3.1242e-04	  4.7575e-03	  1.0151e-03	  1.4241e-05	  3.4329e-03	  5.0799e-04	  4.2375e-04	  1.1734e-03	  2.1635e+03	  0.0000e+00	  1.4999e-01	  0.0000e+00	  2.8748e-01	  6.9016e-02	  0.0000e+00	
  6.8834e+00	  2.6517e-03	  3.1242e-04	  4.7576e-03	  1.0152e-03	  1.4241e-05	  3.4330e-03	  5.0803e-04	  4.2375e-04	  1.1735e-03	  2.1636e+03	  0.0000e+00	  1.4999e-01	  0.0000e+00	  2.8748e-01	  6.9016e-02	  0.0000e+00	
  6.8834e+00	  2.6517e-03	  3.1243e-04	  4.7576e-03	  1.0152e-03	  1.4241e-05	  3.4332e-03	  5.0808e-04	  4.2376e-04	  1.1736e-03	  2.1636e+03	  0.0000e+00	  1.4999e-01	  0.0000e+00	  2.8748e-01	  6.9015e-02	  0.0000e+00	
  6.8834e+00	  2.6517e-03	  3.1243e-04	  4.7577e-03	  1.0152e-03	  1.4241e-05	  3.4334e-03	  5.0812e-04	  4.2376e-04	  1.1737e-03	  2.1637e+03	  0.0000e+00	  1.4999e-01	  0.0000e+00	  2.8748e-01	  6.9015e-02	  0.0000e+00	
  6.8833e+00	  2.6517e-03	  3.1243e-04	  4.7578e-03	  1.0152e-03	  1.4240e-05	  3.4336e-03	  5.0815e-04	  4.2376e-04	  1.1737e-03	  2.1637e+03	  0.0000e+00	  1.4999e-01	  0.0000e+00	  2.8748e-01	  6.9014e-02	  0.0000e+00	
  6.8833e+00	  2.6518e-03	  3.1243e-04	  4.7579e-03	  1.0152e-03	  1.4240e-05	  3.4337e-03	  5.0819e-04	  4.2377e-04	  1.1738e-03	  2.1638e+03	  0.0000e+00	  1.4999e-01	  0.0000e+00	  2.8748e-01	  6.9014e-02	  0.0000e+00	
  6.8833e+00	  2.6518e-03	  3.1244e-04	  4.7580e-03	  1.0153e-03	  1.4240e-05	  3.4339e-03	  5.0823e-04	  4.2377e-04	  1.1739e-03	  2.1639e+03	  0.0000e+00	  1.4999e-01	  0.0000e+00	  2.8748e-01	  6.9013e-02	  0.0000e+00	
  6.8833e+00	  2.6518e-03	  3.1244e-04	  4.7580e-03	  1.0153e-03	  1.4240e-05	  3.4341e-03	  5.0826e-04	  4.2377e-04	  1.1740e-03	  2.1639e+03	  0.0000e+00	  1.4999e-01	  0.0000e+00	  2.8748e-01	  6.9013e-02	  0.0000e+00	
  6.8833e+00	  2.6519e-03	  3.1244e-04	  4.7581e-03	  1.0153e-03	  1.4240e-05	  3.4342e-03	  5.0830e-04	  4.2377e-04	  1.1741e-03	  2.1640e+03	  0.0000e+00	  1.4999e-01	  0.0000e+00	  2.8748e-01	  6.9012e-02	  0.0000e+00	
  6.8833e+00	  2.6519e-03	  3.1244e-04	  4.7582e-03	  1.0153e-03	  1.4240e-05	  3.4344e-03	  5.0833e-04	  4.2378e-04	  1.1742e-03	  2.1640e+03	  0.0000e+00	  1.4999e-01	  0.0000e+00	  2.8748e-01	  6.9012e-02	  0.0000e+00	
  6.8833e+00	  2.6519e-03	  3.1244e-04	  4.7583e-03	  1.0153e-03	  1.4239e-05	  3.4345e-03	  5.0836e-04	  4.2378e-04	  1.1742e-03	  2.1640e+03	  0.0000e+00	  1.4999e-01	  0.0000e+00	  2.8748e-01	  6.9012e-02	  0.0000e+00	
  6.8833e+00	  2.6519e-03	  3.1245e-04	  4.7583e-03	  1.0153e-03	  1.4239e-05	  3.4346e-03	  5.0839e-04	  4.2378e-04	  1.1743e-03	  2.1641e+03	  0.0000e+00	  1.4999e-01	  0.0000e+00	  2.8748e-01	  6.9011e-02	  0.0000e+00	
  6.8833e+00	  2.6519e-03	  3.1245e-04	  4.7584e-03	  1.0153e-03	  1.4239e-05	  3.4348e-03	  5.0842e-04	  4.2378e-04	  1.1744e-03	  2.1641e+03	  0.0000e+00	  1.4999e-01	  0.0000e+00	  2.8748e-01	  6.9011e-02	  0.0000e+00	
  6.8833e+00	  2.6520e-03	  3.1245e-04	  4.7584e-03	  1.0154e-03	  1.4239e-05	  3.4349e-03	  5.0845e-04	  4.2379e-04	  1.1744e-03	  2.1642e+03	  0.0000e+00	  1.4999e-01	  0.0000e+00	  2.8748e-01	  6.9010e-02	  0.0000e+00	
  6.8833e+00	  2.6520e-03	  3.1245e-04	  4.7585e-03	  1.0154e-03	  1.4239e-05	  3.4350e-03	  5.0848e-04	  4.2379e-04	  1.1745e-03	  2.1642e+03	  0.0000e+00	  1.4999e-01	  0.0000e+00	  2.8749e-01	  6.9010e-02	  0.0000e+00	
  6.8833e+00	  2.6520e-03	  3.1245e-04	  4.7586e-03	  1.0154e-03	  1.4239e-05	  3.4351e-03	  5.0850e-04	  4.2379e-04	  1.1746e-03	  2.1643e+03	  0.0000e+00	  1.4999e-01	  0.0000e+00	  2.8749e-01	  6.9010e-02	  0.0000e+00	
  6.8833e+00	  2.6520e-03	  3.1245e-04	  4.7586e-03	  1.0154e-03	  1.4239e-05	  3.4352e-03	  5.0853e-04	  4.2379e-04	  1.1746e-03	  2.1643e+03	  0.0000e+00	  1.4999e-01	  0.0000e+00	  2.8749e-01	  6.9009e-02	  0.0000e+00	
  6.8833e+00	  2.6520e-03	  3.1245e-04	  4.7587e-03	  1.0154e-03	  1.4239e-05	  3.4354e-03	  5.0855e-04	  4.2379e-04	  1.1747e-03	  2.1643e+03	  0.0000e+00	  1.4999e-01	  0.0000e+00	  2.8749e-01	  6.9009e-02	  0.0000e+00	
  6.8833e+00	  2.6521e-03	  3.1246e-04	  4.7587e-03	  1.0154e-03	  1.4239e-05	  3.4355e-03	  5.0858e-04	  4.2380e-04	  1.1747e-03	  2.1644e+03	  0.0000e+00	  1.4999e-01	  0.0000e+00	  2.8749e-01	  6.9009e-02	  0.0000e+00	
  6.8833e+00	  2.6521e-03	  3.1246e-04	  4.7588e-03	  1.0154e-03	  1.4238e-05	  3.4356e-03	  5.0860e-04	  4.2380e-04	  1.1748e-03	  2.1644e+03	  0.0000e+00	  1.4999e-01	  0.0000e+00	  2.8749e-01	  6.9009e-02	  0.0000e+00	
  6.8833e+00	  2.6521e-03	  3.1246e-04	  4.7588e-03	  1.0154e-03	  1.4238e-05	  3.4357e-03	  5.0862e-04	  4.2380e-04	  1.1748e-03	  2.1644e+03	  0.0000e+00	  1.4999e-01	  0.0000e+00	  2.8749e-01	  6.9008e-02	  0.0000e+00	
  6.8833e+00	  2.6521e-03	  3.1246e-04	  4.7589e-03	  1.0154e-03	  1.4238e-05	  3.4358e-03	  5.0864e-04	  4.2380e-04	  1.1749e-03	  2.1645e+03	  0.0000e+00	  1.4999e-01	  0.0000e+00	  2.8749e-01	  6.9008e-02	  0.0000e+00	
  6.8833e+00	  2.6521e-03	  3.1246e-04	  4.7589e-03	  1.0155e-03	  1.4238e-05	  3.4358e-03	  5.0866e-04	  4.2380e-04	  1.1749e-03	  2.1645e+03	  0.0000e+00	  1.4999e-01	  0.0000e+00	  2.8749e-01	  6.9008e-02	  0.0000e+00	
  6.8833e+00	  2.6521e-03	  3.1246e-04	  4.7589e-03	  1.0155e-03	  1.4238e-05	  3.4359e-03	  5.0868e-04	  4.2381e-04	  1.1750e-03	  2.1645e+03	  0.0000e+00	  1.4999e-01	  0.0000e+00	  2.8749e-01	  6.9008e-02	  0.0000e+00	
  6.8833e+00	  2.6522e-03	  3.1246e-04	  4.7590e-03	  1.0155e-03	  1.4238e-05	  3.4360e-03	  5.0870e-04	  4.2381e-04	  1.1750e-03	  2.1646e+03	  0.0000e+00	  1.4999e-01	  0.0000e+00	  2.8749e-01	  6.9007e-02	  0.0000e+00	
  6.8833e+00	  2.6522e-03	  3.1247e-04	  4.7590e-03	  1.0155e-03	  1.4238e-05	  3.4361e-03	  5.0872e-04	  4.2381e-04	  1.1751e-03	  2.1646e+03	  0.0000e+00	  1.4999e-01	  0.0000e+00	  2.8749e-01	  6.9007e-02	  0.0000e+00	
  6.8833e+00	  2.6522e-03	  3.1247e-04	  4.7591e-03	  1.0155e-03	  1.4238e-05	  3.4362e-03	  5.0874e-04	  4.2381e-04	  1.1751e-03	  2.1646e+03	  0.0000e+00	  1.4999e-01	  0.0000e+00	  2.8749e-01	  6.9007e-02	  0.0000e+00	
  6.8833e+00	  2.6522e-03	  3.1247e-04	  4.7591e-03	  1.0155e-03	  1.4238e-05	  3.4363e-03	  5.0876e-04	  4.2381e-04	  1.1751e-03	  2.1646e+03	  0.0000e+00	  1.4999e-01	  0.0000e+00	  2.8749e-01	  6.9007e-02	  0.0000e+00	
  6.8833e+00	  2.6522e-03	  3.1247e-04	  4.7591e-03	  1.0155e-03	  1.4238e-05	  3.4363e-03	  5.0877e-04	  4.2381e-04	  1.1752e-03	  2.1647e+03	  0.0000e+00	  1.4999e-01	  0.0000e+00	  2.8749e-01	  6.9006e-02	  0.0000e+00	
  6.8833e+00	  2.6522e-03	  3.1247e-04	  4.7592e-03	  1.0155e-03	  1.4238e-05	  3.4364e-03	  5.0879e-04	  4.2381e-04	  1.1752e-03	  2.1647e+03	  0.0000e+00	  1.4999e-01	  0.0000e+00	  2.8749e-01	  6.9006e-02	  0.0000e+00	
  6.8833e+00	  2.6522e-03	  3.1247e-04	  4.7592e-03	  1.0155e-03	  1.4238e-05	  3.4365e-03	  5.0881e-04	  4.2382e-04	  1.1753e-03	  2.1647e+03	  0.0000e+00	  1.4999e-01	  0.0000e+00	  2.8749e-01	  6.9006e-02	  0.0000e+00	
  6.8833e+00	  2.6523e-03	  3.1247e-04	  4.7592e-03	  1.0155e-03	  1.4237e-05	  3.4365e-03	  5.0882e-04	  4.2382e-04	  1.1753e-03	  2.1647e+03	  0.0000e+00	  1.4999e-01	  0.0000e+00	  2.8749e-01	  6.9006e-02	  0.0000e+00	
  6.8833e+00	  2.6523e-03	  3.1247e-04	  4.7593e-03	  1.0155e-03	  1.4237e-05	  3.4366e-03	  5.0884e-04	  4.2382e-04	  1.1753e-03	  2.1648e+03	  0.0000e+00	  1.4999e-01	  0.0000e+00	  2.8749e-01	  6.9006e-02	  0.0000e+00	
