          pH	          Na	           K	          Ca	          Mg	         PO4	          Cl	         SO4	         NH4	        HCO3	          sc	         FeS	      Pyrite	     Calcite	
  6.6644e+00	  4.1755e-03	  3.3043e-04	  4.8964e-03	  1.0614e-03	  4.1174e-05	  6.0679e-03	  1.8024e-04	  4.2255e-04	  9.0118e-06	  2.5751e+03	  0.0000e+00	  0.0000e+00	  0.0000e+00	
  6.6644e+00	  4.1755e-03	  3.3043e-04	  4.8964e-03	  1.0614e-03	  4.1174e-05	  6.0679e-03	  1.8024e-04	  4.2255e-04	  9.0118e-06	  2.5751e+03	  0.0000e+00	  0.0000e+00	  0.0000e+00	
  7.6296e+00	  4.4651e-03	  3.4768e-04	  5.4762e-03	  1.1857e-03	  3.9373e-07	  7.0560e-03	  2.9626e-04	  4.5096e-04	  7.3930e-04	  2.9428e+03	  0.0000e+00	  1.4999e-01	  7.8773e-02	
  7.5968e+00	  4.6639e-03	  3.5754e-04	  5.8157e-03	  1.2599e-03	  4.1668e-07	  8.0571e-03	  4.0771e-04	  4.6198e-04	  7.6713e-04	  3.1954e+03	  0.0000e+00	  1.4999e-01	  7.9619e-02	
  7.5658e+00	  4.8560e-03	  3.6682e-04	  6.1437e-03	  1.3317e-03	  4.4064e-07	  9.0101e-03	  5.1251e-04	  4.7229e-04	  7.9576e-04	  3.4354e+03	  0.0000e+00	  1.4999e-01	  8.0378e-02	
  7.5365e+00	  5.0417e-03	  3.7559e-04	  6.4606e-03	  1.4011e-03	  4.6553e-07	  9.9191e-03	  6.1143e-04	  4.8195e-04	  8.2504e-04	  3.6637e+03	  0.0000e+00	  1.4999e-01	  8.1056e-02	
  7.5088e+00	  5.2213e-03	  3.8388e-04	  6.7667e-03	  1.4681e-03	  4.9126e-07	  1.0788e-02	  7.0512e-04	  4.9104e-04	  8.5486e-04	  3.8815e+03	  0.0000e+00	  1.4999e-01	  8.1658e-02	
  7.4825e+00	  5.3951e-03	  3.9173e-04	  7.0623e-03	  1.5328e-03	  5.1774e-07	  1.1618e-02	  7.9407e-04	  4.9960e-04	  8.8508e-04	  4.0894e+03	  0.0000e+00	  1.4999e-01	  8.2189e-02	
  7.4576e+00	  5.5632e-03	  3.9919e-04	  7.3479e-03	  1.5953e-03	  5.4489e-07	  1.2414e-02	  8.7871e-04	  5.0768e-04	  9.1561e-04	  4.2881e+03	  0.0000e+00	  1.4999e-01	  8.2654e-02	
  7.4340e+00	  5.7258e-03	  4.0627e-04	  7.6236e-03	  1.6557e-03	  5.7263e-07	  1.3177e-02	  9.5940e-04	  5.1532e-04	  9.4634e-04	  4.4782e+03	  0.0000e+00	  1.4999e-01	  8.3058e-02	
  7.4115e+00	  5.8833e-03	  4.1302e-04	  7.8899e-03	  1.7140e-03	  6.0087e-07	  1.3909e-02	  1.0364e-03	  5.2255e-04	  9.7717e-04	  4.6603e+03	  0.0000e+00	  1.4999e-01	  8.3406e-02	
  7.3901e+00	  6.0356e-03	  4.1944e-04	  8.1470e-03	  1.7702e-03	  6.2954e-07	  1.4611e-02	  1.1101e-03	  5.2941e-04	  1.0080e-03	  4.8348e+03	  0.0000e+00	  1.4999e-01	  8.3701e-02	
  7.3698e+00	  6.1831e-03	  4.2556e-04	  8.3953e-03	  1.8246e-03	  6.5855e-07	  1.5286e-02	  1.1805e-03	  5.3591e-04	  1.0388e-03	  5.0021e+03	  0.0000e+00	  1.4999e-01	  8.3949e-02	
  7.3505e+00	  6.3258e-03	  4.3141e-04	  8.6350e-03	  1.8771e-03	  6.8783e-07	  1.5935e-02	  1.2480e-03	  5.4209e-04	  1.0695e-03	  5.1627e+03	  0.0000e+00	  1.4999e-01	  8.4154e-02	
  7.3321e+00	  6.4638e-03	  4.3699e-04	  8.8664e-03	  1.9278e-03	  7.1731e-07	  1.6558e-02	  1.3127e-03	  5.4797e-04	  1.1000e-03	  5.3168e+03	  0.0000e+00	  1.4999e-01	  8.4319e-02	
  7.3146e+00	  6.5975e-03	  4.4233e-04	  9.0899e-03	  1.9767e-03	  7.4691e-07	  1.7158e-02	  1.3748e-03	  5.5356e-04	  1.1302e-03	  5.4648e+03	  0.0000e+00	  1.4999e-01	  8.4448e-02	
  7.2979e+00	  6.7268e-03	  4.4743e-04	  9.3056e-03	  2.0239e-03	  7.7657e-07	  1.7735e-02	  1.4344e-03	  5.5889e-04	  1.1601e-03	  5.6070e+03	  0.0000e+00	  1.4999e-01	  8.4545e-02	
  7.2820e+00	  6.8519e-03	  4.5232e-04	  9.5139e-03	  2.0695e-03	  8.0622e-07	  1.8291e-02	  1.4916e-03	  5.6397e-04	  1.1897e-03	  5.7437e+03	  0.0000e+00	  1.4999e-01	  8.4612e-02	
  7.2669e+00	  6.9730e-03	  4.5700e-04	  9.7150e-03	  2.1136e-03	  8.3581e-07	  1.8826e-02	  1.5466e-03	  5.6882e-04	  1.2188e-03	  5.8751e+03	  0.0000e+00	  1.4999e-01	  8.4654e-02	
  7.2525e+00	  7.0902e-03	  4.6148e-04	  9.9091e-03	  2.1561e-03	  8.6527e-07	  1.9341e-02	  1.5995e-03	  5.7344e-04	  1.2475e-03	  6.0014e+03	  0.0000e+00	  1.4999e-01	  8.4672e-02	
  7.2387e+00	  7.2035e-03	  4.6578e-04	  1.0097e-02	  2.1971e-03	  8.9456e-07	  1.9837e-02	  1.6503e-03	  5.7786e-04	  1.2758e-03	  6.1229e+03	  0.0000e+00	  1.4999e-01	  8.4669e-02	
  7.2256e+00	  7.3132e-03	  4.6990e-04	  1.0277e-02	  2.2368e-03	  9.2362e-07	  2.0314e-02	  1.6992e-03	  5.8209e-04	  1.3035e-03	  6.2399e+03	  0.0000e+00	  1.4999e-01	  8.4647e-02	
  7.2131e+00	  7.4193e-03	  4.7386e-04	  1.0452e-02	  2.2750e-03	  9.5243e-07	  2.0775e-02	  1.7463e-03	  5.8612e-04	  1.3307e-03	  6.3524e+03	  0.0000e+00	  1.4998e-01	  8.4609e-02	
  7.2012e+00	  7.5219e-03	  4.7765e-04	  1.0621e-02	  2.3119e-03	  9.8092e-07	  2.1219e-02	  1.7916e-03	  5.8999e-04	  1.3574e-03	  6.4607e+03	  0.0000e+00	  1.4998e-01	  8.4557e-02	
  7.1898e+00	  7.6212e-03	  4.8129e-04	  1.0784e-02	  2.3476e-03	  1.0091e-06	  2.1646e-02	  1.8352e-03	  5.9368e-04	  1.3836e-03	  6.5650e+03	  0.0000e+00	  1.4998e-01	  8.4492e-02	
  7.1789e+00	  7.7172e-03	  4.8479e-04	  1.0941e-02	  2.3820e-03	  1.0369e-06	  2.2058e-02	  1.8772e-03	  5.9722e-04	  1.4091e-03	  6.6654e+03	  0.0000e+00	  1.4998e-01	  8.4416e-02	
  7.1686e+00	  7.8101e-03	  4.8815e-04	  1.1092e-02	  2.4153e-03	  1.0642e-06	  2.2456e-02	  1.9176e-03	  6.0061e-04	  1.4341e-03	  6.7621e+03	  0.0000e+00	  1.4998e-01	  8.4331e-02	
  7.1586e+00	  7.8999e-03	  4.9138e-04	  1.1239e-02	  2.4473e-03	  1.0912e-06	  2.2839e-02	  1.9566e-03	  6.0386e-04	  1.4585e-03	  6.8552e+03	  0.0000e+00	  1.4998e-01	  8.4238e-02	
  7.1492e+00	  7.9868e-03	  4.9448e-04	  1.1380e-02	  2.4783e-03	  1.1177e-06	  2.3208e-02	  1.9941e-03	  6.0698e-04	  1.4823e-03	  6.9449e+03	  0.0000e+00	  1.4998e-01	  8.4137e-02	
  7.1401e+00	  8.0708e-03	  4.9747e-04	  1.1517e-02	  2.5082e-03	  1.1438e-06	  2.3565e-02	  2.0303e-03	  6.0996e-04	  1.5056e-03	  7.0313e+03	  0.0000e+00	  1.4998e-01	  8.4031e-02	
  7.1315e+00	  8.1520e-03	  5.0034e-04	  1.1648e-02	  2.5371e-03	  1.1693e-06	  2.3908e-02	  2.0651e-03	  6.1282e-04	  1.5282e-03	  7.1145e+03	  0.0000e+00	  1.4998e-01	  8.3920e-02	
  7.1232e+00	  8.2305e-03	  5.0310e-04	  1.1776e-02	  2.5649e-03	  1.1944e-06	  2.4240e-02	  2.0987e-03	  6.1557e-04	  1.5502e-03	  7.1948e+03	  0.0000e+00	  1.4998e-01	  8.3805e-02	
  7.1153e+00	  8.3065e-03	  5.0575e-04	  1.1898e-02	  2.5918e-03	  1.2189e-06	  2.4559e-02	  2.1311e-03	  6.1821e-04	  1.5717e-03	  7.2721e+03	  0.0000e+00	  1.4998e-01	  8.3686e-02	
  7.1077e+00	  8.3799e-03	  5.0830e-04	  1.2017e-02	  2.6178e-03	  1.2430e-06	  2.4868e-02	  2.1623e-03	  6.2074e-04	  1.5926e-03	  7.3466e+03	  0.0000e+00	  1.4998e-01	  8.3566e-02	
  7.1005e+00	  8.4509e-03	  5.1076e-04	  1.2131e-02	  2.6429e-03	  1.2665e-06	  2.5165e-02	  2.1924e-03	  6.2317e-04	  1.6129e-03	  7.4184e+03	  0.0000e+00	  1.4998e-01	  8.3443e-02	
  7.0935e+00	  8.5195e-03	  5.1313e-04	  1.2242e-02	  2.6671e-03	  1.2895e-06	  2.5452e-02	  2.2215e-03	  6.2550e-04	  1.6326e-03	  7.4876e+03	  0.0000e+00	  1.4998e-01	  8.3320e-02	
  7.0869e+00	  8.5858e-03	  5.1540e-04	  1.2348e-02	  2.6904e-03	  1.3120e-06	  2.5729e-02	  2.2495e-03	  6.2775e-04	  1.6518e-03	  7.5543e+03	  0.0000e+00	  1.4998e-01	  8.3195e-02	
  7.0806e+00	  8.6499e-03	  5.1760e-04	  1.2451e-02	  2.7130e-03	  1.3340e-06	  2.5996e-02	  2.2765e-03	  6.2990e-04	  1.6705e-03	  7.6187e+03	  0.0000e+00	  1.4998e-01	  8.3071e-02	
  7.0745e+00	  8.7119e-03	  5.1971e-04	  1.2551e-02	  2.7348e-03	  1.3554e-06	  2.6253e-02	  2.3025e-03	  6.3197e-04	  1.6886e-03	  7.6807e+03	  0.0000e+00	  1.4998e-01	  8.2946e-02	
  7.0686e+00	  8.7719e-03	  5.2174e-04	  1.2646e-02	  2.7558e-03	  1.3763e-06	  2.6502e-02	  2.3276e-03	  6.3396e-04	  1.7061e-03	  7.7405e+03	  0.0000e+00	  1.4998e-01	  8.2822e-02	
  7.0630e+00	  8.8298e-03	  5.2370e-04	  1.2739e-02	  2.7761e-03	  1.3966e-06	  2.6742e-02	  2.3519e-03	  6.3588e-04	  1.7232e-03	  7.7982e+03	  0.0000e+00	  1.4998e-01	  8.2698e-02	
  7.0577e+00	  8.8857e-03	  5.2558e-04	  1.2828e-02	  2.7957e-03	  1.4165e-06	  2.6974e-02	  2.3752e-03	  6.3772e-04	  1.7397e-03	  7.8538e+03	  0.0000e+00	  1.4998e-01	  8.2576e-02	
  7.0525e+00	  8.9398e-03	  5.2740e-04	  1.2915e-02	  2.8146e-03	  1.4358e-06	  2.7197e-02	  2.3978e-03	  6.3949e-04	  1.7558e-03	  7.9074e+03	  0.0000e+00	  1.4998e-01	  8.2455e-02	
  7.0476e+00	  8.9921e-03	  5.2915e-04	  1.2998e-02	  2.8329e-03	  1.4547e-06	  2.7413e-02	  2.4195e-03	  6.4119e-04	  1.7713e-03	  7.9592e+03	  0.0000e+00	  1.4998e-01	  8.2335e-02	
  7.0429e+00	  9.0427e-03	  5.3083e-04	  1.3078e-02	  2.8505e-03	  1.4730e-06	  2.7621e-02	  2.4405e-03	  6.4283e-04	  1.7864e-03	  8.0090e+03	  0.0000e+00	  1.4998e-01	  8.2217e-02	
  7.0383e+00	  9.0915e-03	  5.3246e-04	  1.3156e-02	  2.8675e-03	  1.4908e-06	  2.7822e-02	  2.4608e-03	  6.4440e-04	  1.8010e-03	  8.0572e+03	  0.0000e+00	  1.4998e-01	  8.2101e-02	
  7.0340e+00	  9.1387e-03	  5.3402e-04	  1.3231e-02	  2.8839e-03	  1.5082e-06	  2.8015e-02	  2.4803e-03	  6.4592e-04	  1.8152e-03	  8.1036e+03	  0.0000e+00	  1.4998e-01	  8.1987e-02	
  7.0298e+00	  9.1843e-03	  5.3553e-04	  1.3303e-02	  2.8998e-03	  1.5250e-06	  2.8202e-02	  2.4991e-03	  6.4738e-04	  1.8289e-03	  8.1483e+03	  0.0000e+00	  1.4998e-01	  8.1875e-02	
  7.0258e+00	  9.2284e-03	  5.3699e-04	  1.3373e-02	  2.9151e-03	  1.5414e-06	  2.8383e-02	  2.5173e-03	  6.4878e-04	  1.8422e-03	  8.1915e+03	  0.0000e+00	  1.4998e-01	  8.1764e-02	
  7.0219e+00	  9.2710e-03	  5.3839e-04	  1.3441e-02	  2.9299e-03	  1.5573e-06	  2.8557e-02	  2.5349e-03	  6.5013e-04	  1.8550e-03	  8.2332e+03	  0.0000e+00	  1.4998e-01	  8.1656e-02	
  7.0182e+00	  9.3121e-03	  5.3974e-04	  1.3506e-02	  2.9442e-03	  1.5728e-06	  2.8725e-02	  2.5518e-03	  6.5143e-04	  1.8675e-03	  8.2734e+03	  0.0000e+00	  1.4998e-01	  8.1551e-02	
  7.0147e+00	  9.3519e-03	  5.4104e-04	  1.3569e-02	  2.9580e-03	  1.5878e-06	  2.8888e-02	  2.5682e-03	  6.5269e-04	  1.8796e-03	  8.3122e+03	  0.0000e+00	  1.4998e-01	  8.1447e-02	
  7.0113e+00	  9.3903e-03	  5.4230e-04	  1.3629e-02	  2.9713e-03	  1.6024e-06	  2.9044e-02	  2.5840e-03	  6.5390e-04	  1.8913e-03	  8.3496e+03	  0.0000e+00	  1.4998e-01	  8.1346e-02	
  7.0080e+00	  9.4274e-03	  5.4351e-04	  1.3688e-02	  2.9841e-03	  1.6165e-06	  2.9196e-02	  2.5992e-03	  6.5506e-04	  1.9026e-03	  8.3857e+03	  0.0000e+00	  1.4998e-01	  8.1247e-02	
  7.0048e+00	  9.4633e-03	  5.4468e-04	  1.3744e-02	  2.9965e-03	  1.6303e-06	  2.9342e-02	  2.6139e-03	  6.5618e-04	  1.9135e-03	  8.4205e+03	  0.0000e+00	  1.4998e-01	  8.1150e-02	
  7.0018e+00	  9.4979e-03	  5.4581e-04	  1.3799e-02	  3.0085e-03	  1.6436e-06	  2.9483e-02	  2.6281e-03	  6.5726e-04	  1.9241e-03	  8.4541e+03	  0.0000e+00	  1.4998e-01	  8.1056e-02	
  6.9989e+00	  9.5314e-03	  5.4689e-04	  1.3852e-02	  3.0201e-03	  1.6565e-06	  2.9619e-02	  2.6417e-03	  6.5830e-04	  1.9343e-03	  8.4865e+03	  0.0000e+00	  1.4998e-01	  8.0964e-02	
  6.9961e+00	  9.5637e-03	  5.4794e-04	  1.3903e-02	  3.0312e-03	  1.6691e-06	  2.9750e-02	  2.6550e-03	  6.5930e-04	  1.9442e-03	  8.5178e+03	  0.0000e+00	  1.4998e-01	  8.0875e-02	
  6.9934e+00	  9.5950e-03	  5.4895e-04	  1.3952e-02	  3.0420e-03	  1.6812e-06	  2.9877e-02	  2.6677e-03	  6.6026e-04	  1.9538e-03	  8.5480e+03	  0.0000e+00	  1.4998e-01	  8.0787e-02	
  6.9908e+00	  9.6252e-03	  5.4992e-04	  1.3999e-02	  3.0524e-03	  1.6930e-06	  2.9999e-02	  2.6800e-03	  6.6119e-04	  1.9631e-03	  8.5772e+03	  0.0000e+00	  1.4998e-01	  8.0702e-02	
  6.9883e+00	  9.6543e-03	  5.5086e-04	  1.4045e-02	  3.0624e-03	  1.7044e-06	  3.0117e-02	  2.6919e-03	  6.6209e-04	  1.9721e-03	  8.6053e+03	  0.0000e+00	  1.4998e-01	  8.0620e-02	
  6.9859e+00	  9.6825e-03	  5.5177e-04	  1.4089e-02	  3.0721e-03	  1.7155e-06	  3.0231e-02	  2.7034e-03	  6.6295e-04	  1.9808e-03	  8.6324e+03	  0.0000e+00	  1.4998e-01	  8.0539e-02	
  6.9836e+00	  9.7097e-03	  5.5264e-04	  1.4132e-02	  3.0815e-03	  1.7262e-06	  3.0341e-02	  2.7144e-03	  6.6378e-04	  1.9892e-03	  8.6586e+03	  0.0000e+00	  1.4998e-01	  8.0461e-02	
  6.9813e+00	  9.7360e-03	  5.5349e-04	  1.4173e-02	  3.0905e-03	  1.7366e-06	  3.0448e-02	  2.7251e-03	  6.6458e-04	  1.9973e-03	  8.6839e+03	  0.0000e+00	  1.4998e-01	  8.0385e-02	
  6.9792e+00	  9.7614e-03	  5.5430e-04	  1.4213e-02	  3.0993e-03	  1.7467e-06	  3.0550e-02	  2.7354e-03	  6.6536e-04	  2.0051e-03	  8.7082e+03	  0.0000e+00	  1.4998e-01	  8.0311e-02	
  6.9771e+00	  9.7859e-03	  5.5509e-04	  1.4251e-02	  3.1077e-03	  1.7564e-06	  3.0649e-02	  2.7454e-03	  6.6610e-04	  2.0127e-03	  8.7318e+03	  0.0000e+00	  1.4998e-01	  8.0239e-02	
  6.9752e+00	  9.8096e-03	  5.5584e-04	  1.4288e-02	  3.1158e-03	  1.7658e-06	  3.0745e-02	  2.7550e-03	  6.6682e-04	  2.0201e-03	  8.7545e+03	  0.0000e+00	  1.4998e-01	  8.0169e-02	
  6.9733e+00	  9.8325e-03	  5.5657e-04	  1.4324e-02	  3.1237e-03	  1.7750e-06	  3.0837e-02	  2.7643e-03	  6.6751e-04	  2.0271e-03	  8.7764e+03	  0.0000e+00	  1.4998e-01	  8.0101e-02	
  6.9714e+00	  9.8546e-03	  5.5728e-04	  1.4359e-02	  3.1313e-03	  1.7838e-06	  3.0926e-02	  2.7732e-03	  6.6818e-04	  2.0340e-03	  8.7976e+03	  0.0000e+00	  1.4998e-01	  8.0036e-02	
  6.9697e+00	  9.8760e-03	  5.5796e-04	  1.4392e-02	  3.1386e-03	  1.7924e-06	  3.1012e-02	  2.7819e-03	  6.6883e-04	  2.0406e-03	  8.8180e+03	  0.0000e+00	  1.4998e-01	  7.9972e-02	
  6.9680e+00	  9.8966e-03	  5.5862e-04	  1.4424e-02	  3.1457e-03	  1.8007e-06	  3.1095e-02	  2.7902e-03	  6.6945e-04	  2.0470e-03	  8.8377e+03	  0.0000e+00	  1.4998e-01	  7.9910e-02	
  6.9663e+00	  9.9166e-03	  5.5925e-04	  1.4456e-02	  3.1525e-03	  1.8087e-06	  3.1176e-02	  2.7983e-03	  6.7005e-04	  2.0532e-03	  8.8568e+03	  0.0000e+00	  1.4998e-01	  7.9850e-02	
  6.9647e+00	  9.9358e-03	  5.5986e-04	  1.4486e-02	  3.1591e-03	  1.8165e-06	  3.1253e-02	  2.8061e-03	  6.7062e-04	  2.0592e-03	  8.8751e+03	  0.0000e+00	  1.4998e-01	  7.9791e-02	
  6.9632e+00	  9.9544e-03	  5.6045e-04	  1.4515e-02	  3.1655e-03	  1.8240e-06	  3.1328e-02	  2.8136e-03	  6.7118e-04	  2.0650e-03	  8.8929e+03	  0.0000e+00	  1.4998e-01	  7.9735e-02	
  6.9617e+00	  9.9724e-03	  5.6102e-04	  1.4543e-02	  3.1716e-03	  1.8313e-06	  3.1400e-02	  2.8208e-03	  6.7172e-04	  2.0706e-03	  8.9100e+03	  0.0000e+00	  1.4998e-01	  7.9680e-02	
  6.9603e+00	  9.9897e-03	  5.6157e-04	  1.4570e-02	  3.1775e-03	  1.8384e-06	  3.1470e-02	  2.8278e-03	  6.7224e-04	  2.0760e-03	  8.9265e+03	  0.0000e+00	  1.4998e-01	  7.9627e-02	
  6.9590e+00	  1.0006e-02	  5.6210e-04	  1.4596e-02	  3.1833e-03	  1.8452e-06	  3.1537e-02	  2.8346e-03	  6.7274e-04	  2.0812e-03	  8.9424e+03	  0.0000e+00	  1.4998e-01	  7.9576e-02	
  6.9577e+00	  1.0023e-02	  5.6261e-04	  1.4621e-02	  3.1888e-03	  1.8518e-06	  3.1602e-02	  2.8411e-03	  6.7322e-04	  2.0863e-03	  8.9578e+03	  0.0000e+00	  1.4998e-01	  7.9526e-02	
  6.9564e+00	  1.0038e-02	  5.6310e-04	  1.4645e-02	  3.1941e-03	  1.8581e-06	  3.1665e-02	  2.8474e-03	  6.7368e-04	  2.0912e-03	  8.9727e+03	  0.0000e+00	  1.4998e-01	  7.9477e-02	
  6.9552e+00	  1.0053e-02	  5.6358e-04	  1.4669e-02	  3.1993e-03	  1.8643e-06	  3.1725e-02	  2.8535e-03	  6.7413e-04	  2.0959e-03	  8.9870e+03	  0.0000e+00	  1.4998e-01	  7.9431e-02	
  6.9540e+00	  1.0068e-02	  5.6404e-04	  1.4692e-02	  3.2043e-03	  1.8703e-06	  3.1784e-02	  2.8594e-03	  6.7456e-04	  2.1004e-03	  9.0009e+03	  0.0000e+00	  1.4998e-01	  7.9385e-02	
  6.9529e+00	  1.0082e-02	  5.6448e-04	  1.4713e-02	  3.2091e-03	  1.8761e-06	  3.1840e-02	  2.8650e-03	  6.7498e-04	  2.1048e-03	  9.0142e+03	  0.0000e+00	  1.4998e-01	  7.9341e-02	
  6.9518e+00	  1.0096e-02	  5.6491e-04	  1.4735e-02	  3.2137e-03	  1.8816e-06	  3.1895e-02	  2.8705e-03	  6.7538e-04	  2.1091e-03	  9.0271e+03	  0.0000e+00	  1.4998e-01	  7.9299e-02	
  6.9507e+00	  1.0109e-02	  5.6532e-04	  1.4755e-02	  3.2182e-03	  1.8870e-06	  3.1947e-02	  2.8758e-03	  6.7577e-04	  2.1132e-03	  9.0396e+03	  0.0000e+00	  1.4998e-01	  7.9258e-02	
  6.9497e+00	  1.0121e-02	  5.6572e-04	  1.4775e-02	  3.2225e-03	  1.8923e-06	  3.1998e-02	  2.8809e-03	  6.7615e-04	  2.1171e-03	  9.0516e+03	  0.0000e+00	  1.4998e-01	  7.9218e-02	
  6.9487e+00	  1.0134e-02	  5.6611e-04	  1.4794e-02	  3.2267e-03	  1.8973e-06	  3.2047e-02	  2.8858e-03	  6.7651e-04	  2.1210e-03	  9.0632e+03	  0.0000e+00	  1.4998e-01	  7.9179e-02	
  6.9478e+00	  1.0146e-02	  5.6648e-04	  1.4812e-02	  3.2307e-03	  1.9022e-06	  3.2094e-02	  2.8906e-03	  6.7686e-04	  2.1247e-03	  9.0744e+03	  0.0000e+00	  1.4998e-01	  7.9142e-02	
  6.9469e+00	  1.0157e-02	  5.6684e-04	  1.4830e-02	  3.2346e-03	  1.9069e-06	  3.2140e-02	  2.8951e-03	  6.7720e-04	  2.1283e-03	  9.0852e+03	  0.0000e+00	  1.4998e-01	  7.9106e-02	
  6.9460e+00	  1.0168e-02	  5.6718e-04	  1.4847e-02	  3.2384e-03	  1.9115e-06	  3.2184e-02	  2.8996e-03	  6.7752e-04	  2.1317e-03	  9.0957e+03	  0.0000e+00	  1.4998e-01	  7.9071e-02	
  6.9452e+00	  1.0179e-02	  5.6752e-04	  1.4864e-02	  3.2420e-03	  1.9159e-06	  3.2227e-02	  2.9039e-03	  6.7783e-04	  2.1351e-03	  9.1058e+03	  0.0000e+00	  1.4998e-01	  7.9037e-02	
  6.9444e+00	  1.0189e-02	  5.6784e-04	  1.4880e-02	  3.2455e-03	  1.9201e-06	  3.2268e-02	  2.9080e-03	  6.7814e-04	  2.1383e-03	  9.1155e+03	  0.0000e+00	  1.4998e-01	  7.9005e-02	
  6.9436e+00	  1.0199e-02	  5.6815e-04	  1.4895e-02	  3.2489e-03	  1.9242e-06	  3.2308e-02	  2.9120e-03	  6.7843e-04	  2.1414e-03	  9.1249e+03	  0.0000e+00	  1.4998e-01	  7.8973e-02	
  6.9428e+00	  1.0209e-02	  5.6845e-04	  1.4910e-02	  3.2522e-03	  1.9282e-06	  3.2346e-02	  2.9158e-03	  6.7871e-04	  2.1444e-03	  9.1340e+03	  0.0000e+00	  1.4998e-01	  7.8942e-02	
  6.9421e+00	  1.0218e-02	  5.6874e-04	  1.4924e-02	  3.2553e-03	  1.9321e-06	  3.2383e-02	  2.9195e-03	  6.7898e-04	  2.1473e-03	  9.1427e+03	  0.0000e+00	  1.4998e-01	  7.8913e-02	
  6.9414e+00	  1.0227e-02	  5.6902e-04	  1.4938e-02	  3.2584e-03	  1.9358e-06	  3.2419e-02	  2.9231e-03	  6.7924e-04	  2.1501e-03	  9.1512e+03	  0.0000e+00	  1.4998e-01	  7.8884e-02	
  6.9407e+00	  1.0235e-02	  5.6929e-04	  1.4952e-02	  3.2613e-03	  1.9394e-06	  3.2454e-02	  2.9266e-03	  6.7950e-04	  2.1529e-03	  9.1593e+03	  0.0000e+00	  1.4998e-01	  7.8856e-02	
  6.9401e+00	  1.0244e-02	  5.6955e-04	  1.4965e-02	  3.2642e-03	  1.9429e-06	  3.2487e-02	  2.9299e-03	  6.7974e-04	  2.1555e-03	  9.1672e+03	  0.0000e+00	  1.4998e-01	  7.8829e-02	
  6.9394e+00	  1.0252e-02	  5.6981e-04	  1.4977e-02	  3.2669e-03	  1.9462e-06	  3.2519e-02	  2.9332e-03	  6.7998e-04	  2.1580e-03	  9.1748e+03	  0.0000e+00	  1.4998e-01	  7.8804e-02	
  6.9388e+00	  1.0260e-02	  5.7005e-04	  1.4989e-02	  3.2696e-03	  1.9495e-06	  3.2550e-02	  2.9363e-03	  6.8021e-04	  2.1605e-03	  9.1822e+03	  0.0000e+00	  1.4998e-01	  7.8779e-02	
  6.9382e+00	  1.0267e-02	  5.7028e-04	  1.5001e-02	  3.2721e-03	  1.9526e-06	  3.2580e-02	  2.9393e-03	  6.8043e-04	  2.1628e-03	  9.1893e+03	  0.0000e+00	  1.4998e-01	  7.8754e-02	
  6.9377e+00	  1.0274e-02	  5.7051e-04	  1.5012e-02	  3.2746e-03	  1.9557e-06	  3.2609e-02	  2.9422e-03	  6.8064e-04	  2.1651e-03	  9.1961e+03	  0.0000e+00	  1.4998e-01	  7.8731e-02	
  6.9371e+00	  1.0281e-02	  5.7073e-04	  1.5023e-02	  3.2770e-03	  1.9586e-06	  3.2637e-02	  2.9450e-03	  6.8084e-04	  2.1673e-03	  9.2027e+03	  0.0000e+00	  1.4998e-01	  7.8708e-02	
  6.9366e+00	  1.0288e-02	  5.7094e-04	  1.5033e-02	  3.2793e-03	  1.9614e-06	  3.2664e-02	  2.9477e-03	  6.8104e-04	  2.1694e-03	  9.2091e+03	  0.0000e+00	  1.4998e-01	  7.8686e-02	
  6.9361e+00	  1.0295e-02	  5.7115e-04	  1.5043e-02	  3.2815e-03	  1.9642e-06	  3.2690e-02	  2.9503e-03	  6.8123e-04	  2.1715e-03	  9.2153e+03	  0.0000e+00	  1.4998e-01	  7.8665e-02	
  6.9356e+00	  1.0301e-02	  5.7134e-04	  1.5053e-02	  3.2837e-03	  1.9668e-06	  3.2715e-02	  2.9529e-03	  6.8141e-04	  2.1735e-03	  9.2212e+03	  0.0000e+00	  1.4998e-01	  7.8645e-02	
  6.9351e+00	  1.0307e-02	  5.7153e-04	  1.5063e-02	  3.2857e-03	  1.9694e-06	  3.2740e-02	  2.9553e-03	  6.8159e-04	  2.1754e-03	  9.2270e+03	  0.0000e+00	  1.4998e-01	  7.8625e-02	
  6.9346e+00	  1.0313e-02	  5.7172e-04	  1.5072e-02	  3.2877e-03	  1.9718e-06	  3.2763e-02	  2.9577e-03	  6.8176e-04	  2.1773e-03	  9.2325e+03	  0.0000e+00	  1.4998e-01	  7.8606e-02	
  6.9342e+00	  1.0319e-02	  5.7189e-04	  1.5081e-02	  3.2897e-03	  1.9742e-06	  3.2786e-02	  2.9599e-03	  6.8193e-04	  2.1790e-03	  9.2379e+03	  0.0000e+00	  1.4998e-01	  7.8587e-02	
  6.9338e+00	  1.0324e-02	  5.7206e-04	  1.5089e-02	  3.2915e-03	  1.9765e-06	  3.2808e-02	  2.9621e-03	  6.8209e-04	  2.1808e-03	  9.2430e+03	  0.0000e+00	  1.4998e-01	  7.8569e-02	
  6.9334e+00	  1.0329e-02	  5.7223e-04	  1.5097e-02	  3.2933e-03	  1.9787e-06	  3.2829e-02	  2.9643e-03	  6.8224e-04	  2.1824e-03	  9.2480e+03	  0.0000e+00	  1.4998e-01	  7.8552e-02	
  6.9330e+00	  1.0335e-02	  5.7239e-04	  1.5105e-02	  3.2951e-03	  1.9809e-06	  3.2849e-02	  2.9663e-03	  6.8239e-04	  2.1841e-03	  9.2528e+03	  0.0000e+00	  1.4998e-01	  7.8535e-02	
  6.9326e+00	  1.0340e-02	  5.7254e-04	  1.5113e-02	  3.2968e-03	  1.9830e-06	  3.2869e-02	  2.9683e-03	  6.8254e-04	  2.1856e-03	  9.2575e+03	  0.0000e+00	  1.4998e-01	  7.8519e-02	
  6.9322e+00	  1.0344e-02	  5.7269e-04	  1.5120e-02	  3.2984e-03	  1.9850e-06	  3.2888e-02	  2.9702e-03	  6.8267e-04	  2.1871e-03	  9.2620e+03	  0.0000e+00	  1.4998e-01	  7.8504e-02	
  6.9319e+00	  1.0349e-02	  5.7283e-04	  1.5127e-02	  3.2999e-03	  1.9869e-06	  3.2906e-02	  2.9720e-03	  6.8281e-04	  2.1886e-03	  9.2663e+03	  0.0000e+00	  1.4998e-01	  7.8489e-02	
  6.9315e+00	  1.0353e-02	  5.7297e-04	  1.5134e-02	  3.3015e-03	  1.9888e-06	  3.2924e-02	  2.9738e-03	  6.8294e-04	  2.1900e-03	  9.2705e+03	  0.0000e+00	  1.4998e-01	  7.8474e-02	
  6.9312e+00	  1.0358e-02	  5.7311e-04	  1.5141e-02	  3.3029e-03	  1.9906e-06	  3.2941e-02	  2.9755e-03	  6.8306e-04	  2.1913e-03	  9.2746e+03	  0.0000e+00	  1.4998e-01	  7.8460e-02	
  6.9309e+00	  1.0362e-02	  5.7324e-04	  1.5147e-02	  3.3043e-03	  1.9923e-06	  3.2958e-02	  2.9772e-03	  6.8318e-04	  2.1926e-03	  9.2785e+03	  0.0000e+00	  1.4998e-01	  7.8446e-02	
  6.9306e+00	  1.0366e-02	  5.7336e-04	  1.5154e-02	  3.3057e-03	  1.9940e-06	  3.2974e-02	  2.9788e-03	  6.8330e-04	  2.1939e-03	  9.2822e+03	  0.0000e+00	  1.4998e-01	  7.8433e-02	
  6.9303e+00	  1.0370e-02	  5.7348e-04	  1.5160e-02	  3.3070e-03	  1.9957e-06	  3.2989e-02	  2.9804e-03	  6.8341e-04	  2.1951e-03	  9.2859e+03	  0.0000e+00	  1.4998e-01	  7.8421e-02	
  6.9300e+00	  1.0373e-02	  5.7360e-04	  1.5165e-02	  3.3083e-03	  1.9972e-06	  3.3004e-02	  2.9818e-03	  6.8352e-04	  2.1963e-03	  9.2894e+03	  0.0000e+00	  1.4998e-01	  7.8408e-02	
  6.9297e+00	  1.0377e-02	  5.7371e-04	  1.5171e-02	  3.3095e-03	  1.9988e-06	  3.3019e-02	  2.9833e-03	  6.8362e-04	  2.1974e-03	  9.2928e+03	  0.0000e+00	  1.4998e-01	  7.8396e-02	
  6.9294e+00	  1.0381e-02	  5.7382e-04	  1.5176e-02	  3.3107e-03	  2.0002e-06	  3.3032e-02	  2.9847e-03	  6.8373e-04	  2.1985e-03	  9.2961e+03	  0.0000e+00	  1.4998e-01	  7.8385e-02	
  6.9292e+00	  1.0384e-02	  5.7392e-04	  1.5182e-02	  3.3118e-03	  2.0017e-06	  3.3046e-02	  2.9860e-03	  6.8382e-04	  2.1996e-03	  9.2992e+03	  0.0000e+00	  1.4998e-01	  7.8374e-02	
  6.9289e+00	  1.0387e-02	  5.7402e-04	  1.5187e-02	  3.3129e-03	  2.0030e-06	  3.3059e-02	  2.9873e-03	  6.8392e-04	  2.2006e-03	  9.3023e+03	  0.0000e+00	  1.4998e-01	  7.8363e-02	
  6.9287e+00	  1.0390e-02	  5.7412e-04	  1.5191e-02	  3.3140e-03	  2.0044e-06	  3.3071e-02	  2.9886e-03	  6.8401e-04	  2.2016e-03	  9.3052e+03	  0.0000e+00	  1.4998e-01	  7.8353e-02	
  6.9284e+00	  1.0393e-02	  5.7421e-04	  1.5196e-02	  3.3150e-03	  2.0056e-06	  3.3083e-02	  2.9898e-03	  6.8410e-04	  2.2026e-03	  9.3081e+03	  0.0000e+00	  1.4998e-01	  7.8343e-02	
  6.9282e+00	  1.0396e-02	  5.7430e-04	  1.5201e-02	  3.3160e-03	  2.0069e-06	  3.3095e-02	  2.9910e-03	  6.8418e-04	  2.2035e-03	  9.3108e+03	  0.0000e+00	  1.4998e-01	  7.8333e-02	
  6.9280e+00	  1.0399e-02	  5.7439e-04	  1.5205e-02	  3.3170e-03	  2.0081e-06	  3.3106e-02	  2.9921e-03	  6.8426e-04	  2.2044e-03	  9.3135e+03	  0.0000e+00	  1.4998e-01	  7.8324e-02	
  6.9278e+00	  1.0402e-02	  5.7448e-04	  1.5209e-02	  3.3179e-03	  2.0092e-06	  3.3117e-02	  2.9932e-03	  6.8434e-04	  2.2052e-03	  9.3160e+03	  0.0000e+00	  1.4998e-01	  7.8315e-02	
  6.9276e+00	  1.0405e-02	  5.7456e-04	  1.5213e-02	  3.3188e-03	  2.0103e-06	  3.3128e-02	  2.9942e-03	  6.8442e-04	  2.2061e-03	  9.3185e+03	  0.0000e+00	  1.4998e-01	  7.8306e-02	
  6.9274e+00	  1.0407e-02	  5.7464e-04	  1.5217e-02	  3.3197e-03	  2.0114e-06	  3.3138e-02	  2.9952e-03	  6.8449e-04	  2.2069e-03	  9.3209e+03	  0.0000e+00	  1.4998e-01	  7.8298e-02	
  6.9272e+00	  1.0410e-02	  5.7471e-04	  1.5221e-02	  3.3205e-03	  2.0124e-06	  3.3148e-02	  2.9962e-03	  6.8456e-04	  2.2077e-03	  9.3232e+03	  0.0000e+00	  1.4998e-01	  7.8290e-02	
  6.9270e+00	  1.0412e-02	  5.7479e-04	  1.5225e-02	  3.3213e-03	  2.0135e-06	  3.3157e-02	  2.9972e-03	  6.8463e-04	  2.2084e-03	  9.3254e+03	  0.0000e+00	  1.4998e-01	  7.8282e-02	
  6.9268e+00	  1.0414e-02	  5.7486e-04	  1.5228e-02	  3.3221e-03	  2.0144e-06	  3.3166e-02	  2.9981e-03	  6.8470e-04	  2.2091e-03	  9.3276e+03	  0.0000e+00	  1.4998e-01	  7.8274e-02	
  6.9267e+00	  1.0416e-02	  5.7493e-04	  1.5232e-02	  3.3228e-03	  2.0154e-06	  3.3175e-02	  2.9990e-03	  6.8476e-04	  2.2098e-03	  9.3297e+03	  0.0000e+00	  1.4998e-01	  7.8267e-02	
  6.9265e+00	  1.0419e-02	  5.7499e-04	  1.5235e-02	  3.3236e-03	  2.0163e-06	  3.3183e-02	  2.9998e-03	  6.8482e-04	  2.2105e-03	  9.3317e+03	  0.0000e+00	  1.4998e-01	  7.8260e-02	
  6.9264e+00	  1.0421e-02	  5.7506e-04	  1.5238e-02	  3.3243e-03	  2.0171e-06	  3.3192e-02	  3.0007e-03	  6.8488e-04	  2.2111e-03	  9.3336e+03	  0.0000e+00	  1.4998e-01	  7.8253e-02	
  6.9262e+00	  1.0423e-02	  5.7512e-04	  1.5241e-02	  3.3249e-03	  2.0180e-06	  3.3200e-02	  3.0014e-03	  6.8494e-04	  2.2118e-03	  9.3355e+03	  0.0000e+00	  1.4998e-01	  7.8247e-02	
  6.9261e+00	  1.0425e-02	  5.7518e-04	  1.5244e-02	  3.3256e-03	  2.0188e-06	  3.3207e-02	  3.0022e-03	  6.8499e-04	  2.2124e-03	  9.3373e+03	  0.0000e+00	  1.4998e-01	  7.8240e-02	
  6.9259e+00	  1.0426e-02	  5.7524e-04	  1.5247e-02	  3.3262e-03	  2.0196e-06	  3.3215e-02	  3.0030e-03	  6.8505e-04	  2.2130e-03	  9.3390e+03	  0.0000e+00	  1.4998e-01	  7.8234e-02	
  6.9258e+00	  1.0428e-02	  5.7529e-04	  1.5250e-02	  3.3268e-03	  2.0203e-06	  3.3222e-02	  3.0037e-03	  6.8510e-04	  2.2135e-03	  9.3407e+03	  0.0000e+00	  1.4998e-01	  7.8228e-02	
  6.9256e+00	  1.0430e-02	  5.7535e-04	  1.5253e-02	  3.3274e-03	  2.0211e-06	  3.3229e-02	  3.0044e-03	  6.8515e-04	  2.2141e-03	  9.3423e+03	  0.0000e+00	  1.4998e-01	  7.8222e-02	
  6.9255e+00	  1.0432e-02	  5.7540e-04	  1.5255e-02	  3.3280e-03	  2.0218e-06	  3.3235e-02	  3.0050e-03	  6.8520e-04	  2.2146e-03	  9.3439e+03	  0.0000e+00	  1.4998e-01	  7.8217e-02	
  6.9254e+00	  1.0433e-02	  5.7545e-04	  1.5258e-02	  3.3285e-03	  2.0225e-06	  3.3242e-02	  3.0057e-03	  6.8524e-04	  2.2151e-03	  9.3454e+03	  0.0000e+00	  1.4998e-01	  7.8212e-02	
  6.9253e+00	  1.0435e-02	  5.7550e-04	  1.5260e-02	  3.3291e-03	  2.0231e-06	  3.3248e-02	  3.0063e-03	  6.8529e-04	  2.2156e-03	  9.3469e+03	  0.0000e+00	  1.4998e-01	  7.8206e-02	
  6.9252e+00	  1.0436e-02	  5.7554e-04	  1.5262e-02	  3.3296e-03	  2.0238e-06	  3.3254e-02	  3.0069e-03	  6.8533e-04	  2.2161e-03	  9.3483e+03	  0.0000e+00	  1.4998e-01	  7.8201e-02	
  6.9251e+00	  1.0438e-02	  5.7559e-04	  1.5265e-02	  3.3301e-03	  2.0244e-06	  3.3260e-02	  3.0075e-03	  6.8538e-04	  2.2165e-03	  9.3497e+03	  0.0000e+00	  1.4998e-01	  7.8197e-02	
  6.9249e+00	  1.0439e-02	  5.7563e-04	  1.5267e-02	  3.3305e-03	  2.0250e-06	  3.3265e-02	  3.0080e-03	  6.8542e-04	  2.2170e-03	  9.3510e+03	  0.0000e+00	  1.4998e-01	  7.8192e-02	
  6.9248e+00	  1.0440e-02	  5.7567e-04	  1.5269e-02	  3.3310e-03	  2.0256e-06	  3.3271e-02	  3.0086e-03	  6.8545e-04	  2.2174e-03	  9.3522e+03	  0.0000e+00	  1.4998e-01	  7.8187e-02	
  6.9247e+00	  1.0442e-02	  5.7571e-04	  1.5271e-02	  3.3314e-03	  2.0261e-06	  3.3276e-02	  3.0091e-03	  6.8549e-04	  2.2178e-03	  9.3535e+03	  0.0000e+00	  1.4998e-01	  7.8183e-02	
  6.9246e+00	  1.0443e-02	  5.7575e-04	  1.5273e-02	  3.3319e-03	  2.0267e-06	  3.3281e-02	  3.0096e-03	  6.8553e-04	  2.2182e-03	  9.3547e+03	  0.0000e+00	  1.4998e-01	  7.8179e-02	
  6.9246e+00	  1.0444e-02	  5.7579e-04	  1.5275e-02	  3.3323e-03	  2.0272e-06	  3.3286e-02	  3.0101e-03	  6.8556e-04	  2.2186e-03	  9.3558e+03	  0.0000e+00	  1.4998e-01	  7.8175e-02	
  6.9245e+00	  1.0445e-02	  5.7583e-04	  1.5277e-02	  3.3327e-03	  2.0277e-06	  3.3290e-02	  3.0106e-03	  6.8560e-04	  2.2190e-03	  9.3569e+03	  0.0000e+00	  1.4998e-01	  7.8171e-02	
  6.9244e+00	  1.0447e-02	  5.7586e-04	  1.5278e-02	  3.3331e-03	  2.0282e-06	  3.3295e-02	  3.0110e-03	  6.8563e-04	  2.2194e-03	  9.3580e+03	  0.0000e+00	  1.4998e-01	  7.8167e-02	
  6.9243e+00	  1.0448e-02	  5.7590e-04	  1.5280e-02	  3.3334e-03	  2.0286e-06	  3.3299e-02	  3.0115e-03	  6.8566e-04	  2.2197e-03	  9.3590e+03	  0.0000e+00	  1.4998e-01	  7.8164e-02	
  6.9242e+00	  1.0449e-02	  5.7593e-04	  1.5282e-02	  3.3338e-03	  2.0291e-06	  3.3304e-02	  3.0119e-03	  6.8569e-04	  2.2200e-03	  9.3600e+03	  0.0000e+00	  1.4998e-01	  7.8160e-02	
  6.9241e+00	  1.0450e-02	  5.7596e-04	  1.5283e-02	  3.3341e-03	  2.0295e-06	  3.3308e-02	  3.0123e-03	  6.8572e-04	  2.2204e-03	  9.3610e+03	  0.0000e+00	  1.4998e-01	  7.8157e-02	
  6.9241e+00	  1.0451e-02	  5.7599e-04	  1.5285e-02	  3.3345e-03	  2.0299e-06	  3.3312e-02	  3.0127e-03	  6.8575e-04	  2.2207e-03	  9.3619e+03	  0.0000e+00	  1.4998e-01	  7.8153e-02	
  6.9240e+00	  1.0452e-02	  5.7602e-04	  1.5286e-02	  3.3348e-03	  2.0303e-06	  3.3315e-02	  3.0131e-03	  6.8578e-04	  2.2210e-03	  9.3628e+03	  0.0000e+00	  1.4998e-01	  7.8150e-02	
  6.9239e+00	  1.0453e-02	  5.7605e-04	  1.5288e-02	  3.3351e-03	  2.0307e-06	  3.3319e-02	  3.0134e-03	  6.8581e-04	  2.2213e-03	  9.3637e+03	  0.0000e+00	  1.4998e-01	  7.8147e-02	
  6.9238e+00	  1.0454e-02	  5.7608e-04	  1.5289e-02	  3.3354e-03	  2.0311e-06	  3.3323e-02	  3.0138e-03	  6.8583e-04	  2.2215e-03	  9.3645e+03	  0.0000e+00	  1.4998e-01	  7.8144e-02	
  6.9238e+00	  1.0454e-02	  5.7610e-04	  1.5290e-02	  3.3357e-03	  2.0315e-06	  3.3326e-02	  3.0141e-03	  6.8586e-04	  2.2218e-03	  9.3653e+03	  0.0000e+00	  1.4998e-01	  7.8141e-02	
  6.9237e+00	  1.0455e-02	  5.7613e-04	  1.5292e-02	  3.3360e-03	  2.0318e-06	  3.3329e-02	  3.0145e-03	  6.8588e-04	  2.2221e-03	  9.3661e+03	  0.0000e+00	  1.4998e-01	  7.8138e-02	
  6.9237e+00	  1.0456e-02	  5.7616e-04	  1.5293e-02	  3.3363e-03	  2.0322e-06	  3.3333e-02	  3.0148e-03	  6.8590e-04	  2.2223e-03	  9.3668e+03	  0.0000e+00	  1.4998e-01	  7.8136e-02	
  6.9236e+00	  1.0457e-02	  5.7618e-04	  1.5294e-02	  3.3365e-03	  2.0325e-06	  3.3336e-02	  3.0151e-03	  6.8593e-04	  2.2226e-03	  9.3676e+03	  0.0000e+00	  1.4998e-01	  7.8133e-02	
  6.9235e+00	  1.0458e-02	  5.7620e-04	  1.5295e-02	  3.3368e-03	  2.0328e-06	  3.3339e-02	  3.0154e-03	  6.8595e-04	  2.2228e-03	  9.3683e+03	  0.0000e+00	  1.4998e-01	  7.8131e-02	
  6.9235e+00	  1.0458e-02	  5.7622e-04	  1.5296e-02	  3.3370e-03	  2.0331e-06	  3.3341e-02	  3.0157e-03	  6.8597e-04	  2.2230e-03	  9.3689e+03	  0.0000e+00	  1.4998e-01	  7.8128e-02	
  6.9234e+00	  1.0459e-02	  5.7625e-04	  1.5297e-02	  3.3373e-03	  2.0334e-06	  3.3344e-02	  3.0160e-03	  6.8599e-04	  2.2233e-03	  9.3696e+03	  0.0000e+00	  1.4998e-01	  7.8126e-02	
  6.9234e+00	  1.0460e-02	  5.7627e-04	  1.5299e-02	  3.3375e-03	  2.0337e-06	  3.3347e-02	  3.0162e-03	  6.8601e-04	  2.2235e-03	  9.3702e+03	  0.0000e+00	  1.4998e-01	  7.8124e-02	
  6.9233e+00	  1.0460e-02	  5.7629e-04	  1.5300e-02	  3.3377e-03	  2.0340e-06	  3.3349e-02	  3.0165e-03	  6.8603e-04	  2.2237e-03	  9.3708e+03	  0.0000e+00	  1.4998e-01	  7.8122e-02	
  6.9233e+00	  1.0461e-02	  5.7631e-04	  1.5301e-02	  3.3379e-03	  2.0342e-06	  3.3352e-02	  3.0167e-03	  6.8604e-04	  2.2239e-03	  9.3714e+03	  0.0000e+00	  1.4998e-01	  7.8120e-02	
  6.9232e+00	  1.0462e-02	  5.7633e-04	  1.5301e-02	  3.3381e-03	  2.0345e-06	  3.3354e-02	  3.0170e-03	  6.8606e-04	  2.2241e-03	  9.3720e+03	  0.0000e+00	  1.4998e-01	  7.8118e-02	
  6.9232e+00	  1.0462e-02	  5.7634e-04	  1.5302e-02	  3.3383e-03	  2.0347e-06	  3.3357e-02	  3.0172e-03	  6.8608e-04	  2.2243e-03	  9.3725e+03	  0.0000e+00	  1.4998e-01	  7.8116e-02	
  6.9231e+00	  1.0463e-02	  5.7636e-04	  1.5303e-02	  3.3385e-03	  2.0350e-06	  3.3359e-02	  3.0174e-03	  6.8609e-04	  2.2244e-03	  9.3731e+03	  0.0000e+00	  1.4998e-01	  7.8114e-02	
  6.9231e+00	  1.0463e-02	  5.7638e-04	  1.5304e-02	  3.3387e-03	  2.0352e-06	  3.3361e-02	  3.0177e-03	  6.8611e-04	  2.2246e-03	  9.3736e+03	  0.0000e+00	  1.4998e-01	  7.8112e-02	
  6.9231e+00	  1.0464e-02	  5.7639e-04	  1.5305e-02	  3.3389e-03	  2.0354e-06	  3.3363e-02	  3.0179e-03	  6.8613e-04	  2.2248e-03	  9.3741e+03	  0.0000e+00	  1.4998e-01	  7.8110e-02	
  6.9230e+00	  1.0464e-02	  5.7641e-04	  1.5306e-02	  3.3391e-03	  2.0357e-06	  3.3365e-02	  3.0181e-03	  6.8614e-04	  2.2249e-03	  9.3745e+03	  0.0000e+00	  1.4998e-01	  7.8108e-02	
  6.9230e+00	  1.0465e-02	  5.7643e-04	  1.5306e-02	  3.3392e-03	  2.0359e-06	  3.3367e-02	  3.0183e-03	  6.8615e-04	  2.2251e-03	  9.3750e+03	  0.0000e+00	  1.4998e-01	  7.8107e-02	
  6.9230e+00	  1.0465e-02	  5.7644e-04	  1.5307e-02	  3.3394e-03	  2.0361e-06	  3.3369e-02	  3.0185e-03	  6.8617e-04	  2.2252e-03	  9.3755e+03	  0.0000e+00	  1.4998e-01	  7.8105e-02	
  6.9229e+00	  1.0466e-02	  5.7645e-04	  1.5308e-02	  3.3395e-03	  2.0363e-06	  3.3371e-02	  3.0186e-03	  6.8618e-04	  2.2254e-03	  9.3759e+03	  0.0000e+00	  1.4998e-01	  7.8104e-02	
  6.9229e+00	  1.0466e-02	  5.7647e-04	  1.5309e-02	  3.3397e-03	  2.0365e-06	  3.3373e-02	  3.0188e-03	  6.8619e-04	  2.2255e-03	  9.3763e+03	  0.0000e+00	  1.4998e-01	  7.8102e-02	
  6.9229e+00	  1.0467e-02	  5.7648e-04	  1.5309e-02	  3.3398e-03	  2.0366e-06	  3.3374e-02	  3.0190e-03	  6.8621e-04	  2.2257e-03	  9.3767e+03	  0.0000e+00	  1.4998e-01	  7.8101e-02	
  6.9228e+00	  1.0467e-02	  5.7649e-04	  1.5310e-02	  3.3400e-03	  2.0368e-06	  3.3376e-02	  3.0191e-03	  6.8622e-04	  2.2258e-03	  9.3771e+03	  0.0000e+00	  1.4998e-01	  7.8099e-02	
  6.9228e+00	  1.0467e-02	  5.7651e-04	  1.5310e-02	  3.3401e-03	  2.0370e-06	  3.3378e-02	  3.0193e-03	  6.8623e-04	  2.2259e-03	  9.3775e+03	  0.0000e+00	  1.4998e-01	  7.8098e-02	
  6.9228e+00	  1.0468e-02	  5.7652e-04	  1.5311e-02	  3.3402e-03	  2.0371e-06	  3.3379e-02	  3.0195e-03	  6.8624e-04	  2.2260e-03	  9.3778e+03	  0.0000e+00	  1.4998e-01	  7.8097e-02	
  6.9227e+00	  1.0468e-02	  5.7653e-04	  1.5312e-02	  3.3404e-03	  2.0373e-06	  3.3381e-02	  3.0196e-03	  6.8625e-04	  2.2262e-03	  9.3782e+03	  0.0000e+00	  1.4998e-01	  7.8096e-02	
  6.9227e+00	  1.0469e-02	  5.7654e-04	  1.5312e-02	  3.3405e-03	  2.0375e-06	  3.3382e-02	  3.0197e-03	  6.8626e-04	  2.2263e-03	  9.3785e+03	  0.0000e+00	  1.4998e-01	  7.8094e-02	
  6.9227e+00	  1.0469e-02	  5.7655e-04	  1.5313e-02	  3.3406e-03	  2.0376e-06	  3.3383e-02	  3.0199e-03	  6.8627e-04	  2.2264e-03	  9.3788e+03	  0.0000e+00	  1.4998e-01	  7.8093e-02	
  6.9227e+00	  1.0469e-02	  5.7656e-04	  1.5313e-02	  3.3407e-03	  2.0377e-06	  3.3385e-02	  3.0200e-03	  6.8628e-04	  2.2265e-03	  9.3791e+03	  0.0000e+00	  1.4998e-01	  7.8092e-02	
  6.9226e+00	  1.0470e-02	  5.7657e-04	  1.5314e-02	  3.3408e-03	  2.0379e-06	  3.3386e-02	  3.0201e-03	  6.8629e-04	  2.2266e-03	  9.3794e+03	  0.0000e+00	  1.4998e-01	  7.8091e-02	
  6.9226e+00	  1.0470e-02	  5.7658e-04	  1.5314e-02	  3.3409e-03	  2.0380e-06	  3.3387e-02	  3.0203e-03	  6.8630e-04	  2.2267e-03	  9.3797e+03	  0.0000e+00	  1.4998e-01	  7.8090e-02	
  6.9226e+00	  1.0470e-02	  5.7659e-04	  1.5315e-02	  3.3410e-03	  2.0381e-06	  3.3388e-02	  3.0204e-03	  6.8631e-04	  2.2268e-03	  9.3800e+03	  0.0000e+00	  1.4998e-01	  7.8089e-02	
  6.9226e+00	  1.0470e-02	  5.7660e-04	  1.5315e-02	  3.3411e-03	  2.0383e-06	  3.3390e-02	  3.0205e-03	  6.8632e-04	  2.2269e-03	  9.3803e+03	  0.0000e+00	  1.4998e-01	  7.8088e-02	
  6.9225e+00	  1.0471e-02	  5.7661e-04	  1.5316e-02	  3.3412e-03	  2.0384e-06	  3.3391e-02	  3.0206e-03	  6.8632e-04	  2.2270e-03	  9.3806e+03	  0.0000e+00	  1.4998e-01	  7.8087e-02	
  6.9225e+00	  1.0471e-02	  5.7662e-04	  1.5316e-02	  3.3413e-03	  2.0385e-06	  3.3392e-02	  3.0207e-03	  6.8633e-04	  2.2270e-03	  9.3808e+03	  0.0000e+00	  1.4998e-01	  7.8086e-02	
  6.9225e+00	  1.0471e-02	  5.7662e-04	  1.5316e-02	  3.3414e-03	  2.0386e-06	  3.3393e-02	  3.0208e-03	  6.8634e-04	  2.2271e-03	  9.3811e+03	  0.0000e+00	  1.4998e-01	  7.8085e-02	
  6.9225e+00	  1.0471e-02	  5.7663e-04	  1.5317e-02	  3.3415e-03	  2.0387e-06	  3.3394e-02	  3.0209e-03	  6.8635e-04	  2.2272e-03	  9.3813e+03	  0.0000e+00	  1.4998e-01	  7.8085e-02	
  6.9225e+00	  1.0472e-02	  5.7664e-04	  1.5317e-02	  3.3416e-03	  2.0388e-06	  3.3395e-02	  3.0210e-03	  6.8635e-04	  2.2273e-03	  9.3815e+03	  0.0000e+00	  1.4998e-01	  7.8084e-02	
  6.9224e+00	  1.0472e-02	  5.7665e-04	  1.5318e-02	  3.3417e-03	  2.0389e-06	  3.3396e-02	  3.0211e-03	  6.8636e-04	  2.2274e-03	  9.3817e+03	  0.0000e+00	  1.4998e-01	  7.8083e-02	
  6.9224e+00	  1.0472e-02	  5.7665e-04	  1.5318e-02	  3.3417e-03	  2.0390e-06	  3.3397e-02	  3.0212e-03	  6.8637e-04	  2.2274e-03	  9.3820e+03	  0.0000e+00	  1.4998e-01	  7.8082e-02	
  6.9224e+00	  1.0472e-02	  5.7666e-04	  1.5318e-02	  3.3418e-03	  2.0391e-06	  3.3398e-02	  3.0213e-03	  6.8637e-04	  2.2275e-03	  9.3822e+03	  0.0000e+00	  1.4998e-01	  7.8081e-02	
  6.9224e+00	  1.0473e-02	  5.7667e-04	  1.5319e-02	  3.3419e-03	  2.0392e-06	  3.3398e-02	  3.0214e-03	  6.8638e-04	  2.2276e-03	  9.3824e+03	  0.0000e+00	  1.4998e-01	  7.8081e-02	
