          pH	          Na	           K	          Ca	          Mg	         PO4	          Cl	         SO4	         NH4	        HCO3	          sc	         FeS	      Pyrite	     Calcite	
  6.6644e+00	  4.1755e-03	  3.3043e-04	  4.8964e-03	  1.0614e-03	  4.1174e-05	  6.0679e-03	  1.8024e-04	  4.2255e-04	  9.0118e-06	  2.5751e+03	  0.0000e+00	  0.0000e+00	  0.0000e+00	
  6.6644e+00	  4.1755e-03	  3.3043e-04	  4.8964e-03	  1.0614e-03	  4.1174e-05	  6.0679e-03	  1.8024e-04	  4.2255e-04	  9.0118e-06	  2.5751e+03	  0.0000e+00	  0.0000e+00	  0.0000e+00	
  7.4575e+00	  4.3845e-03	  3.4364e-04	  5.2925e-03	  1.1504e-03	  7.0783e-07	  7.2303e-03	  3.2353e-04	  4.4350e-04	  1.5844e-04	  2.8855e+03	  0.0000e+00	  1.5000e-01	  0.0000e+00	
  7.4384e+00	  4.5708e-03	  3.5507e-04	  5.6887e-03	  1.2372e-03	  7.1003e-07	  8.3974e-03	  4.5756e-04	  4.5741e-04	  2.2713e-04	  3.1803e+03	  0.0000e+00	  1.5000e-01	  0.0000e+00	
  7.4208e+00	  4.7482e-03	  3.6575e-04	  6.0709e-03	  1.3209e-03	  7.1365e-07	  9.4977e-03	  5.8163e-04	  4.7033e-04	  2.9169e-04	  3.4574e+03	  0.0000e+00	  1.4999e-01	  0.0000e+00	
  7.4044e+00	  4.9175e-03	  3.7575e-04	  6.4396e-03	  1.4016e-03	  7.1838e-07	  1.0539e-02	  6.9726e-04	  4.8237e-04	  3.5263e-04	  3.7188e+03	  0.0000e+00	  1.4999e-01	  0.0000e+00	
  7.3891e+00	  5.0793e-03	  3.8515e-04	  6.7953e-03	  1.4795e-03	  7.2403e-07	  1.1527e-02	  8.0561e-04	  4.9363e-04	  4.1034e-04	  3.9663e+03	  0.0000e+00	  1.4999e-01	  0.0000e+00	
  7.3747e+00	  5.2343e-03	  3.9400e-04	  7.1382e-03	  1.5545e-03	  7.3040e-07	  1.2466e-02	  9.0758e-04	  5.0418e-04	  4.6514e-04	  4.2010e+03	  0.0000e+00	  1.4999e-01	  0.0000e+00	
  7.3612e+00	  5.3828e-03	  4.0235e-04	  7.4690e-03	  1.6269e-03	  7.3737e-07	  1.3362e-02	  1.0039e-03	  5.1410e-04	  5.1729e-04	  4.4241e+03	  0.0000e+00	  1.4999e-01	  0.0000e+00	
  7.3484e+00	  5.5252e-03	  4.1024e-04	  7.7880e-03	  1.6967e-03	  7.4481e-07	  1.4217e-02	  1.0951e-03	  5.2343e-04	  5.6700e-04	  4.6365e+03	  0.0000e+00	  1.4999e-01	  0.0000e+00	
  7.3363e+00	  5.6620e-03	  4.1771e-04	  8.0956e-03	  1.7640e-03	  7.5265e-07	  1.5034e-02	  1.1817e-03	  5.3224e-04	  6.1446e-04	  4.8390e+03	  0.0000e+00	  1.4999e-01	  0.0000e+00	
  7.3248e+00	  5.7934e-03	  4.2480e-04	  8.3922e-03	  1.8289e-03	  7.6080e-07	  1.5816e-02	  1.2642e-03	  5.4056e-04	  6.5983e-04	  5.0323e+03	  0.0000e+00	  1.4999e-01	  0.0000e+00	
  7.3139e+00	  5.9197e-03	  4.3153e-04	  8.6784e-03	  1.8914e-03	  7.6921e-07	  1.6565e-02	  1.3427e-03	  5.4842e-04	  7.0325e-04	  5.2169e+03	  0.0000e+00	  1.4999e-01	  0.0000e+00	
  7.3035e+00	  6.0412e-03	  4.3793e-04	  8.9543e-03	  1.9518e-03	  7.7780e-07	  1.7283e-02	  1.4177e-03	  5.5588e-04	  7.4484e-04	  5.3936e+03	  0.0000e+00	  1.4999e-01	  0.0000e+00	
  7.2936e+00	  6.1582e-03	  4.4402e-04	  9.2204e-03	  2.0100e-03	  7.8655e-07	  1.7972e-02	  1.4893e-03	  5.6295e-04	  7.8470e-04	  5.5626e+03	  0.0000e+00	  1.4999e-01	  0.0000e+00	
  7.2842e+00	  6.2707e-03	  4.4983e-04	  9.4771e-03	  2.0661e-03	  7.9541e-07	  1.8633e-02	  1.5579e-03	  5.6966e-04	  8.2295e-04	  5.7246e+03	  0.0000e+00	  1.4999e-01	  0.0000e+00	
  7.2751e+00	  6.3792e-03	  4.5536e-04	  9.7247e-03	  2.1202e-03	  8.0435e-07	  1.9268e-02	  1.6235e-03	  5.7605e-04	  8.5966e-04	  5.8797e+03	  0.0000e+00	  1.4999e-01	  0.0000e+00	
  7.2665e+00	  6.4836e-03	  4.6064e-04	  9.9636e-03	  2.1724e-03	  8.1333e-07	  1.9878e-02	  1.6864e-03	  5.8212e-04	  8.9492e-04	  6.0286e+03	  0.0000e+00	  1.4999e-01	  0.0000e+00	
  7.2582e+00	  6.5843e-03	  4.6569e-04	  1.0194e-02	  2.2228e-03	  8.2233e-07	  2.0465e-02	  1.7467e-03	  5.8790e-04	  9.2879e-04	  6.1713e+03	  0.0000e+00	  1.4999e-01	  0.0000e+00	
  7.2503e+00	  6.6813e-03	  4.7051e-04	  1.0416e-02	  2.2714e-03	  8.3132e-07	  2.1029e-02	  1.8045e-03	  5.9341e-04	  9.6135e-04	  6.3084e+03	  0.0000e+00	  1.4999e-01	  0.0000e+00	
  7.2427e+00	  6.7749e-03	  4.7513e-04	  1.0631e-02	  2.3183e-03	  8.4030e-07	  2.1571e-02	  1.8601e-03	  5.9867e-04	  9.9266e-04	  6.4399e+03	  0.0000e+00	  1.4999e-01	  0.0000e+00	
  7.2354e+00	  6.8651e-03	  4.7954e-04	  1.0838e-02	  2.3635e-03	  8.4923e-07	  2.2094e-02	  1.9134e-03	  6.0368e-04	  1.0228e-03	  6.5663e+03	  0.0000e+00	  1.4999e-01	  0.0000e+00	
  7.2284e+00	  6.9521e-03	  4.8376e-04	  1.1037e-02	  2.4071e-03	  8.5811e-07	  2.2596e-02	  1.9647e-03	  6.0847e-04	  1.0518e-03	  6.6878e+03	  0.0000e+00	  1.4999e-01	  0.0000e+00	
  7.2217e+00	  7.0360e-03	  4.8781e-04	  1.1230e-02	  2.4492e-03	  8.6692e-07	  2.3080e-02	  2.0140e-03	  6.1305e-04	  1.0796e-03	  6.8045e+03	  0.0000e+00	  1.4999e-01	  0.0000e+00	
  7.2153e+00	  7.1169e-03	  4.9169e-04	  1.1415e-02	  2.4898e-03	  8.7565e-07	  2.3546e-02	  2.0614e-03	  6.1742e-04	  1.1065e-03	  6.9167e+03	  0.0000e+00	  1.4999e-01	  0.0000e+00	
  7.2091e+00	  7.1950e-03	  4.9541e-04	  1.1595e-02	  2.5290e-03	  8.8428e-07	  2.3995e-02	  2.1070e-03	  6.2160e-04	  1.1323e-03	  7.0247e+03	  0.0000e+00	  1.4999e-01	  0.0000e+00	
  7.2031e+00	  7.2704e-03	  4.9898e-04	  1.1768e-02	  2.5668e-03	  8.9282e-07	  2.4427e-02	  2.1508e-03	  6.2561e-04	  1.1572e-03	  7.1285e+03	  0.0000e+00	  1.4999e-01	  0.0000e+00	
  7.1974e+00	  7.3431e-03	  5.0240e-04	  1.1935e-02	  2.6032e-03	  9.0124e-07	  2.4843e-02	  2.1930e-03	  6.2944e-04	  1.1812e-03	  7.2283e+03	  0.0000e+00	  1.4999e-01	  0.0000e+00	
  7.1919e+00	  7.4132e-03	  5.0568e-04	  1.2096e-02	  2.6384e-03	  9.0954e-07	  2.5244e-02	  2.2337e-03	  6.3311e-04	  1.2043e-03	  7.3245e+03	  0.0000e+00	  1.4999e-01	  0.0000e+00	
  7.1866e+00	  7.4809e-03	  5.0884e-04	  1.2251e-02	  2.6724e-03	  9.1773e-07	  2.5631e-02	  2.2728e-03	  6.3663e-04	  1.2265e-03	  7.4170e+03	  0.0000e+00	  1.4999e-01	  0.0000e+00	
  7.1815e+00	  7.5463e-03	  5.1186e-04	  1.2401e-02	  2.7052e-03	  9.2578e-07	  2.6004e-02	  2.3105e-03	  6.4000e-04	  1.2480e-03	  7.5060e+03	  0.0000e+00	  1.4999e-01	  0.0000e+00	
  7.1766e+00	  7.6094e-03	  5.1477e-04	  1.2546e-02	  2.7368e-03	  9.3370e-07	  2.6363e-02	  2.3468e-03	  6.4324e-04	  1.2687e-03	  7.5917e+03	  0.0000e+00	  1.4999e-01	  0.0000e+00	
  7.1718e+00	  7.6702e-03	  5.1757e-04	  1.2685e-02	  2.7673e-03	  9.4148e-07	  2.6709e-02	  2.3818e-03	  6.4634e-04	  1.2886e-03	  7.6743e+03	  0.0000e+00	  1.4999e-01	  0.0000e+00	
  7.1669e+00	  7.7288e-03	  5.2024e-04	  1.2819e-02	  2.7966e-03	  9.5042e-07	  2.7044e-02	  2.4155e-03	  6.4929e-04	  1.3048e-03	  7.7535e+03	  0.0000e+00	  1.4999e-01	  4.7858e-05	
  7.1614e+00	  7.7851e-03	  5.2279e-04	  1.2947e-02	  2.8246e-03	  9.6173e-07	  2.7367e-02	  2.4481e-03	  6.5210e-04	  1.3149e-03	  7.8293e+03	  0.0000e+00	  1.4999e-01	  1.8597e-04	
  7.1561e+00	  7.8394e-03	  5.2525e-04	  1.3070e-02	  2.8516e-03	  9.7281e-07	  2.7678e-02	  2.4795e-03	  6.5479e-04	  1.3247e-03	  7.9024e+03	  0.0000e+00	  1.4999e-01	  3.1737e-04	
  7.1511e+00	  7.8918e-03	  5.2761e-04	  1.3189e-02	  2.8777e-03	  9.8365e-07	  2.7979e-02	  2.5097e-03	  6.5738e-04	  1.3343e-03	  7.9728e+03	  0.0000e+00	  1.4999e-01	  4.4242e-04	
  7.1462e+00	  7.9425e-03	  5.2988e-04	  1.3304e-02	  2.9028e-03	  9.9427e-07	  2.8269e-02	  2.5389e-03	  6.5986e-04	  1.3437e-03	  8.0406e+03	  0.0000e+00	  1.4999e-01	  5.6144e-04	
  7.1415e+00	  7.9914e-03	  5.3206e-04	  1.3415e-02	  2.9271e-03	  1.0046e-06	  2.8548e-02	  2.5670e-03	  6.6225e-04	  1.3528e-03	  8.1060e+03	  0.0000e+00	  1.4999e-01	  6.7476e-04	
  7.1369e+00	  8.0386e-03	  5.3416e-04	  1.3523e-02	  2.9506e-03	  1.0148e-06	  2.8817e-02	  2.5942e-03	  6.6455e-04	  1.3617e-03	  8.1690e+03	  0.0000e+00	  1.4999e-01	  7.8267e-04	
  7.1326e+00	  8.0842e-03	  5.3619e-04	  1.3626e-02	  2.9732e-03	  1.0247e-06	  2.9077e-02	  2.6203e-03	  6.6675e-04	  1.3704e-03	  8.2297e+03	  0.0000e+00	  1.4999e-01	  8.8547e-04	
  7.1284e+00	  8.1282e-03	  5.3814e-04	  1.3726e-02	  2.9951e-03	  1.0344e-06	  2.9328e-02	  2.6455e-03	  6.6888e-04	  1.3788e-03	  8.2883e+03	  0.0000e+00	  1.4999e-01	  9.8341e-04	
  7.1243e+00	  8.1707e-03	  5.4001e-04	  1.3822e-02	  3.0162e-03	  1.0438e-06	  2.9570e-02	  2.6698e-03	  6.7092e-04	  1.3871e-03	  8.3447e+03	  0.0000e+00	  1.4999e-01	  1.0768e-03	
  7.1204e+00	  8.2118e-03	  5.4182e-04	  1.3915e-02	  3.0365e-03	  1.0530e-06	  2.9803e-02	  2.6932e-03	  6.7288e-04	  1.3951e-03	  8.3992e+03	  0.0000e+00	  1.4999e-01	  1.1657e-03	
  7.1167e+00	  8.2515e-03	  5.4356e-04	  1.4005e-02	  3.0562e-03	  1.0620e-06	  3.0029e-02	  2.7159e-03	  6.7477e-04	  1.4029e-03	  8.4516e+03	  0.0000e+00	  1.4999e-01	  1.2506e-03	
  7.1131e+00	  8.2897e-03	  5.4524e-04	  1.4092e-02	  3.0752e-03	  1.0708e-06	  3.0246e-02	  2.7377e-03	  6.7659e-04	  1.4105e-03	  8.5022e+03	  0.0000e+00	  1.4999e-01	  1.3315e-03	
  7.1096e+00	  8.3267e-03	  5.4685e-04	  1.4176e-02	  3.0935e-03	  1.0793e-06	  3.0455e-02	  2.7587e-03	  6.7834e-04	  1.4179e-03	  8.5510e+03	  0.0000e+00	  1.4999e-01	  1.4087e-03	
  7.1062e+00	  8.3624e-03	  5.4841e-04	  1.4256e-02	  3.1112e-03	  1.0877e-06	  3.0657e-02	  2.7790e-03	  6.8002e-04	  1.4251e-03	  8.5981e+03	  0.0000e+00	  1.4999e-01	  1.4824e-03	
  7.1030e+00	  8.3969e-03	  5.4991e-04	  1.4335e-02	  3.1283e-03	  1.0958e-06	  3.0853e-02	  2.7985e-03	  6.8164e-04	  1.4321e-03	  8.6435e+03	  0.0000e+00	  1.4999e-01	  1.5527e-03	
  7.0999e+00	  8.4302e-03	  5.5135e-04	  1.4410e-02	  3.1448e-03	  1.1037e-06	  3.1041e-02	  2.8174e-03	  6.8320e-04	  1.4389e-03	  8.6873e+03	  0.0000e+00	  1.4999e-01	  1.6198e-03	
  7.0969e+00	  8.4624e-03	  5.5274e-04	  1.4483e-02	  3.1607e-03	  1.1113e-06	  3.1223e-02	  2.8356e-03	  6.8470e-04	  1.4454e-03	  8.7295e+03	  0.0000e+00	  1.4999e-01	  1.6839e-03	
  7.0940e+00	  8.4934e-03	  5.5409e-04	  1.4553e-02	  3.1761e-03	  1.1188e-06	  3.1398e-02	  2.8532e-03	  6.8615e-04	  1.4519e-03	  8.7702e+03	  0.0000e+00	  1.4999e-01	  1.7451e-03	
  7.0912e+00	  8.5234e-03	  5.5538e-04	  1.4621e-02	  3.1910e-03	  1.1261e-06	  3.1567e-02	  2.8702e-03	  6.8754e-04	  1.4581e-03	  8.8095e+03	  0.0000e+00	  1.4999e-01	  1.8036e-03	
  7.0885e+00	  8.5524e-03	  5.5662e-04	  1.4686e-02	  3.2053e-03	  1.1331e-06	  3.1730e-02	  2.8865e-03	  6.8888e-04	  1.4641e-03	  8.8474e+03	  0.0000e+00	  1.4999e-01	  1.8595e-03	
  7.0859e+00	  8.5803e-03	  5.5783e-04	  1.4749e-02	  3.2191e-03	  1.1400e-06	  3.1888e-02	  2.9023e-03	  6.9018e-04	  1.4700e-03	  8.8840e+03	  0.0000e+00	  1.4999e-01	  1.9130e-03	
  7.0834e+00	  8.6074e-03	  5.5898e-04	  1.4810e-02	  3.2325e-03	  1.1467e-06	  3.2040e-02	  2.9175e-03	  6.9142e-04	  1.4757e-03	  8.9193e+03	  0.0000e+00	  1.4999e-01	  1.9641e-03	
  7.0810e+00	  8.6334e-03	  5.6010e-04	  1.4869e-02	  3.2454e-03	  1.1532e-06	  3.2187e-02	  2.9322e-03	  6.9262e-04	  1.4812e-03	  8.9533e+03	  0.0000e+00	  1.4999e-01	  2.0130e-03	
  7.0787e+00	  8.6586e-03	  5.6118e-04	  1.4926e-02	  3.2578e-03	  1.1595e-06	  3.2328e-02	  2.9464e-03	  6.9378e-04	  1.4865e-03	  8.9861e+03	  0.0000e+00	  1.4999e-01	  2.0597e-03	
  7.0765e+00	  8.6830e-03	  5.6222e-04	  1.4981e-02	  3.2699e-03	  1.1656e-06	  3.2465e-02	  2.9601e-03	  6.9489e-04	  1.4917e-03	  9.0178e+03	  0.0000e+00	  1.4999e-01	  2.1044e-03	
  7.0743e+00	  8.7064e-03	  5.6322e-04	  1.5034e-02	  3.2815e-03	  1.1715e-06	  3.2597e-02	  2.9733e-03	  6.9596e-04	  1.4968e-03	  9.0484e+03	  0.0000e+00	  1.4999e-01	  2.1472e-03	
  7.0722e+00	  8.7291e-03	  5.6418e-04	  1.5085e-02	  3.2927e-03	  1.1773e-06	  3.2724e-02	  2.9861e-03	  6.9700e-04	  1.5017e-03	  9.0779e+03	  0.0000e+00	  1.4999e-01	  2.1882e-03	
  7.0702e+00	  8.7510e-03	  5.6511e-04	  1.5135e-02	  3.3035e-03	  1.1829e-06	  3.2847e-02	  2.9984e-03	  6.9799e-04	  1.5064e-03	  9.1063e+03	  0.0000e+00	  1.4999e-01	  2.2274e-03	
  7.0683e+00	  8.7722e-03	  5.6601e-04	  1.5183e-02	  3.3140e-03	  1.1883e-06	  3.2966e-02	  3.0102e-03	  6.9896e-04	  1.5110e-03	  9.1338e+03	  0.0000e+00	  1.4999e-01	  2.2650e-03	
  7.0664e+00	  8.7926e-03	  5.6688e-04	  1.5229e-02	  3.3241e-03	  1.1936e-06	  3.3080e-02	  3.0217e-03	  6.9988e-04	  1.5154e-03	  9.1603e+03	  0.0000e+00	  1.4999e-01	  2.3010e-03	
  7.0646e+00	  8.8123e-03	  5.6771e-04	  1.5273e-02	  3.3338e-03	  1.1987e-06	  3.3191e-02	  3.0327e-03	  7.0077e-04	  1.5197e-03	  9.1859e+03	  0.0000e+00	  1.4999e-01	  2.3355e-03	
  7.0629e+00	  8.8314e-03	  5.6852e-04	  1.5316e-02	  3.3432e-03	  1.2037e-06	  3.3298e-02	  3.0434e-03	  7.0164e-04	  1.5239e-03	  9.2105e+03	  0.0000e+00	  1.4999e-01	  2.3685e-03	
  7.0612e+00	  8.8498e-03	  5.6930e-04	  1.5358e-02	  3.3523e-03	  1.2085e-06	  3.3401e-02	  3.0537e-03	  7.0247e-04	  1.5280e-03	  9.2343e+03	  0.0000e+00	  1.4999e-01	  2.4002e-03	
  7.0596e+00	  8.8676e-03	  5.7004e-04	  1.5398e-02	  3.3611e-03	  1.2132e-06	  3.3500e-02	  3.0637e-03	  7.0327e-04	  1.5319e-03	  9.2573e+03	  0.0000e+00	  1.4999e-01	  2.4305e-03	
  7.0581e+00	  8.8847e-03	  5.7077e-04	  1.5436e-02	  3.3695e-03	  1.2177e-06	  3.3596e-02	  3.0733e-03	  7.0404e-04	  1.5357e-03	  9.2795e+03	  0.0000e+00	  1.4999e-01	  2.4596e-03	
  7.0566e+00	  8.9013e-03	  5.7147e-04	  1.5474e-02	  3.3777e-03	  1.2221e-06	  3.3689e-02	  3.0825e-03	  7.0478e-04	  1.5394e-03	  9.3009e+03	  0.0000e+00	  1.4999e-01	  2.4875e-03	
  7.0551e+00	  8.9173e-03	  5.7214e-04	  1.5510e-02	  3.3856e-03	  1.2263e-06	  3.3778e-02	  3.0915e-03	  7.0550e-04	  1.5429e-03	  9.3216e+03	  0.0000e+00	  1.4999e-01	  2.5143e-03	
  7.0537e+00	  8.9327e-03	  5.7279e-04	  1.5545e-02	  3.3932e-03	  1.2304e-06	  3.3864e-02	  3.1001e-03	  7.0619e-04	  1.5464e-03	  9.3415e+03	  0.0000e+00	  1.4999e-01	  2.5400e-03	
  7.0524e+00	  8.9477e-03	  5.7341e-04	  1.5578e-02	  3.4006e-03	  1.2344e-06	  3.3948e-02	  3.1084e-03	  7.0686e-04	  1.5497e-03	  9.3608e+03	  0.0000e+00	  1.4999e-01	  2.5646e-03	
  7.0511e+00	  8.9621e-03	  5.7402e-04	  1.5611e-02	  3.4077e-03	  1.2383e-06	  3.4028e-02	  3.1165e-03	  7.0750e-04	  1.5529e-03	  9.3793e+03	  0.0000e+00	  1.4999e-01	  2.5883e-03	
  7.0498e+00	  8.9760e-03	  5.7460e-04	  1.5642e-02	  3.4145e-03	  1.2420e-06	  3.4106e-02	  3.1242e-03	  7.0812e-04	  1.5560e-03	  9.3973e+03	  0.0000e+00	  1.4999e-01	  2.6110e-03	
  7.0486e+00	  8.9894e-03	  5.7516e-04	  1.5672e-02	  3.4212e-03	  1.2456e-06	  3.4181e-02	  3.1317e-03	  7.0872e-04	  1.5591e-03	  9.4146e+03	  0.0000e+00	  1.4999e-01	  2.6328e-03	
  7.0475e+00	  9.0024e-03	  5.7571e-04	  1.5701e-02	  3.4275e-03	  1.2492e-06	  3.4253e-02	  3.1389e-03	  7.0930e-04	  1.5620e-03	  9.4313e+03	  0.0000e+00	  1.4999e-01	  2.6537e-03	
  7.0463e+00	  9.0149e-03	  5.7623e-04	  1.5730e-02	  3.4337e-03	  1.2526e-06	  3.4323e-02	  3.1459e-03	  7.0985e-04	  1.5648e-03	  9.4474e+03	  0.0000e+00	  1.4999e-01	  2.6738e-03	
  7.0453e+00	  9.0270e-03	  5.7674e-04	  1.5757e-02	  3.4397e-03	  1.2558e-06	  3.4391e-02	  3.1527e-03	  7.1039e-04	  1.5676e-03	  9.4629e+03	  0.0000e+00	  1.4999e-01	  2.6931e-03	
  7.0442e+00	  9.0387e-03	  5.7723e-04	  1.5783e-02	  3.4454e-03	  1.2590e-06	  3.4456e-02	  3.1592e-03	  7.1091e-04	  1.5702e-03	  9.4780e+03	  0.0000e+00	  1.4999e-01	  2.7117e-03	
  7.0432e+00	  9.0500e-03	  5.7770e-04	  1.5809e-02	  3.4510e-03	  1.2621e-06	  3.4519e-02	  3.1655e-03	  7.1141e-04	  1.5728e-03	  9.4925e+03	  0.0000e+00	  1.4999e-01	  2.7295e-03	
  7.0422e+00	  9.0609e-03	  5.7815e-04	  1.5833e-02	  3.4564e-03	  1.2651e-06	  3.4579e-02	  3.1715e-03	  7.1189e-04	  1.5753e-03	  9.5065e+03	  0.0000e+00	  1.4999e-01	  2.7466e-03	
  7.0413e+00	  9.0714e-03	  5.7859e-04	  1.5857e-02	  3.4616e-03	  1.2680e-06	  3.4638e-02	  3.1774e-03	  7.1236e-04	  1.5777e-03	  9.5200e+03	  0.0000e+00	  1.4999e-01	  2.7631e-03	
  7.0404e+00	  9.0816e-03	  5.7901e-04	  1.5880e-02	  3.4666e-03	  1.2708e-06	  3.4694e-02	  3.1830e-03	  7.1281e-04	  1.5800e-03	  9.5330e+03	  0.0000e+00	  1.4999e-01	  2.7789e-03	
  7.0395e+00	  9.0914e-03	  5.7942e-04	  1.5902e-02	  3.4714e-03	  1.2735e-06	  3.4749e-02	  3.1885e-03	  7.1324e-04	  1.5822e-03	  9.5456e+03	  0.0000e+00	  1.4999e-01	  2.7941e-03	
  7.0387e+00	  9.1008e-03	  5.7981e-04	  1.5923e-02	  3.4761e-03	  1.2761e-06	  3.4802e-02	  3.1938e-03	  7.1366e-04	  1.5844e-03	  9.5578e+03	  0.0000e+00	  1.4999e-01	  2.8087e-03	
  7.0379e+00	  9.1100e-03	  5.8020e-04	  1.5944e-02	  3.4806e-03	  1.2787e-06	  3.4853e-02	  3.1988e-03	  7.1406e-04	  1.5865e-03	  9.5695e+03	  0.0000e+00	  1.4999e-01	  2.8228e-03	
  7.0371e+00	  9.1188e-03	  5.8056e-04	  1.5963e-02	  3.4849e-03	  1.2811e-06	  3.4902e-02	  3.2037e-03	  7.1445e-04	  1.5885e-03	  9.5808e+03	  0.0000e+00	  1.4999e-01	  2.8363e-03	
  7.0363e+00	  9.1274e-03	  5.8092e-04	  1.5983e-02	  3.4891e-03	  1.2835e-06	  3.4949e-02	  3.2085e-03	  7.1483e-04	  1.5905e-03	  9.5917e+03	  0.0000e+00	  1.4999e-01	  2.8493e-03	
  7.0356e+00	  9.1356e-03	  5.8126e-04	  1.6001e-02	  3.4932e-03	  1.2858e-06	  3.4995e-02	  3.2131e-03	  7.1519e-04	  1.5924e-03	  9.6023e+03	  0.0000e+00	  1.4999e-01	  2.8619e-03	
  7.0349e+00	  9.1435e-03	  5.8159e-04	  1.6019e-02	  3.4971e-03	  1.2880e-06	  3.5039e-02	  3.2175e-03	  7.1554e-04	  1.5942e-03	  9.6125e+03	  0.0000e+00	  1.4999e-01	  2.8739e-03	
  7.0342e+00	  9.1512e-03	  5.8191e-04	  1.6036e-02	  3.5009e-03	  1.2901e-06	  3.5082e-02	  3.2217e-03	  7.1588e-04	  1.5960e-03	  9.6223e+03	  0.0000e+00	  1.4999e-01	  2.8855e-03	
  7.0335e+00	  9.1587e-03	  5.8222e-04	  1.6053e-02	  3.5045e-03	  1.2922e-06	  3.5123e-02	  3.2259e-03	  7.1620e-04	  1.5977e-03	  9.6318e+03	  0.0000e+00	  1.4999e-01	  2.8966e-03	
  7.0329e+00	  9.1658e-03	  5.8251e-04	  1.6069e-02	  3.5080e-03	  1.2942e-06	  3.5163e-02	  3.2298e-03	  7.1652e-04	  1.5994e-03	  9.6410e+03	  0.0000e+00	  1.4999e-01	  2.9074e-03	
  7.0323e+00	  9.1727e-03	  5.8280e-04	  1.6085e-02	  3.5114e-03	  1.2962e-06	  3.5202e-02	  3.2337e-03	  7.1682e-04	  1.6010e-03	  9.6498e+03	  0.0000e+00	  1.4999e-01	  2.9177e-03	
  7.0317e+00	  9.1794e-03	  5.8308e-04	  1.6100e-02	  3.5147e-03	  1.2980e-06	  3.5239e-02	  3.2374e-03	  7.1711e-04	  1.6025e-03	  9.6584e+03	  0.0000e+00	  1.4999e-01	  2.9276e-03	
  7.0311e+00	  9.1859e-03	  5.8334e-04	  1.6114e-02	  3.5179e-03	  1.2999e-06	  3.5275e-02	  3.2410e-03	  7.1740e-04	  1.6040e-03	  9.6666e+03	  0.0000e+00	  1.4999e-01	  2.9372e-03	
  7.0306e+00	  9.1921e-03	  5.8360e-04	  1.6128e-02	  3.5210e-03	  1.3016e-06	  3.5309e-02	  3.2444e-03	  7.1767e-04	  1.6055e-03	  9.6746e+03	  0.0000e+00	  1.4999e-01	  2.9464e-03	
  7.0300e+00	  9.1981e-03	  5.8385e-04	  1.6142e-02	  3.5239e-03	  1.3033e-06	  3.5343e-02	  3.2477e-03	  7.1793e-04	  1.6069e-03	  9.6823e+03	  0.0000e+00	  1.4999e-01	  2.9553e-03	
  7.0295e+00	  9.2039e-03	  5.8409e-04	  1.6155e-02	  3.5268e-03	  1.3050e-06	  3.5375e-02	  3.2510e-03	  7.1819e-04	  1.6082e-03	  9.6897e+03	  0.0000e+00	  1.4999e-01	  2.9638e-03	
  7.0290e+00	  9.2095e-03	  5.8432e-04	  1.6167e-02	  3.5295e-03	  1.3066e-06	  3.5406e-02	  3.2541e-03	  7.1843e-04	  1.6095e-03	  9.6969e+03	  0.0000e+00	  1.4999e-01	  2.9721e-03	
  7.0285e+00	  9.2149e-03	  5.8454e-04	  1.6180e-02	  3.5322e-03	  1.3081e-06	  3.5436e-02	  3.2571e-03	  7.1867e-04	  1.6108e-03	  9.7038e+03	  0.0000e+00	  1.4999e-01	  2.9800e-03	
  7.0281e+00	  9.2202e-03	  5.8476e-04	  1.6191e-02	  3.5348e-03	  1.3096e-06	  3.5465e-02	  3.2600e-03	  7.1890e-04	  1.6120e-03	  9.7105e+03	  0.0000e+00	  1.4999e-01	  2.9876e-03	
  7.0276e+00	  9.2252e-03	  5.8497e-04	  1.6203e-02	  3.5373e-03	  1.3110e-06	  3.5493e-02	  3.2628e-03	  7.1912e-04	  1.6132e-03	  9.7169e+03	  0.0000e+00	  1.4999e-01	  2.9950e-03	
  7.0272e+00	  9.2301e-03	  5.8517e-04	  1.6214e-02	  3.5397e-03	  1.3124e-06	  3.5520e-02	  3.2655e-03	  7.1933e-04	  1.6144e-03	  9.7231e+03	  0.0000e+00	  1.4999e-01	  3.0021e-03	
  7.0268e+00	  9.2348e-03	  5.8537e-04	  1.6224e-02	  3.5420e-03	  1.3137e-06	  3.5546e-02	  3.2681e-03	  7.1954e-04	  1.6155e-03	  9.7292e+03	  0.0000e+00	  1.4999e-01	  3.0089e-03	
  7.0264e+00	  9.2393e-03	  5.8555e-04	  1.6234e-02	  3.5442e-03	  1.3150e-06	  3.5571e-02	  3.2706e-03	  7.1973e-04	  1.6165e-03	  9.7350e+03	  0.0000e+00	  1.4999e-01	  3.0155e-03	
  7.0260e+00	  9.2437e-03	  5.8573e-04	  1.6244e-02	  3.5464e-03	  1.3163e-06	  3.5596e-02	  3.2730e-03	  7.1993e-04	  1.6175e-03	  9.7406e+03	  0.0000e+00	  1.4999e-01	  3.0218e-03	
  7.0256e+00	  9.2480e-03	  5.8591e-04	  1.6254e-02	  3.5484e-03	  1.3175e-06	  3.5619e-02	  3.2754e-03	  7.2011e-04	  1.6185e-03	  9.7460e+03	  0.0000e+00	  1.4999e-01	  3.0279e-03	
  7.0253e+00	  9.2521e-03	  5.8608e-04	  1.6263e-02	  3.5505e-03	  1.3187e-06	  3.5642e-02	  3.2776e-03	  7.2029e-04	  1.6195e-03	  9.7512e+03	  0.0000e+00	  1.4999e-01	  3.0338e-03	
  7.0249e+00	  9.2560e-03	  5.8624e-04	  1.6272e-02	  3.5524e-03	  1.3198e-06	  3.5664e-02	  3.2798e-03	  7.2046e-04	  1.6204e-03	  9.7562e+03	  0.0000e+00	  1.4999e-01	  3.0394e-03	
  7.0246e+00	  9.2598e-03	  5.8640e-04	  1.6280e-02	  3.5543e-03	  1.3209e-06	  3.5685e-02	  3.2820e-03	  7.2063e-04	  1.6213e-03	  9.7611e+03	  0.0000e+00	  1.4999e-01	  3.0449e-03	
  7.0243e+00	  9.2635e-03	  5.8655e-04	  1.6289e-02	  3.5561e-03	  1.3219e-06	  3.5706e-02	  3.2840e-03	  7.2079e-04	  1.6222e-03	  9.7658e+03	  0.0000e+00	  1.4999e-01	  3.0502e-03	
  7.0239e+00	  9.2671e-03	  5.8670e-04	  1.6297e-02	  3.5578e-03	  1.3230e-06	  3.5725e-02	  3.2860e-03	  7.2094e-04	  1.6230e-03	  9.7703e+03	  0.0000e+00	  1.4999e-01	  3.0553e-03	
  7.0236e+00	  9.2705e-03	  5.8684e-04	  1.6304e-02	  3.5595e-03	  1.3239e-06	  3.5744e-02	  3.2879e-03	  7.2109e-04	  1.6238e-03	  9.7747e+03	  0.0000e+00	  1.4999e-01	  3.0602e-03	
  7.0234e+00	  9.2738e-03	  5.8697e-04	  1.6312e-02	  3.5612e-03	  1.3249e-06	  3.5763e-02	  3.2897e-03	  7.2124e-04	  1.6246e-03	  9.7790e+03	  0.0000e+00	  1.4999e-01	  3.0649e-03	
  7.0231e+00	  9.2770e-03	  5.8711e-04	  1.6319e-02	  3.5627e-03	  1.3258e-06	  3.5781e-02	  3.2915e-03	  7.2138e-04	  1.6254e-03	  9.7830e+03	  0.0000e+00	  1.4999e-01	  3.0694e-03	
  7.0228e+00	  9.2801e-03	  5.8723e-04	  1.6326e-02	  3.5643e-03	  1.3267e-06	  3.5798e-02	  3.2932e-03	  7.2151e-04	  1.6261e-03	  9.7870e+03	  0.0000e+00	  1.4999e-01	  3.0738e-03	
  7.0225e+00	  9.2831e-03	  5.8736e-04	  1.6333e-02	  3.5657e-03	  1.3276e-06	  3.5814e-02	  3.2948e-03	  7.2164e-04	  1.6268e-03	  9.7908e+03	  0.0000e+00	  1.4999e-01	  3.0780e-03	
  7.0223e+00	  9.2860e-03	  5.8748e-04	  1.6339e-02	  3.5671e-03	  1.3284e-06	  3.5830e-02	  3.2964e-03	  7.2176e-04	  1.6275e-03	  9.7945e+03	  0.0000e+00	  1.4999e-01	  3.0821e-03	
  7.0220e+00	  9.2888e-03	  5.8759e-04	  1.6345e-02	  3.5685e-03	  1.3292e-06	  3.5846e-02	  3.2980e-03	  7.2189e-04	  1.6282e-03	  9.7980e+03	  0.0000e+00	  1.4999e-01	  3.0860e-03	
  7.0218e+00	  9.2915e-03	  5.8770e-04	  1.6351e-02	  3.5698e-03	  1.3300e-06	  3.5861e-02	  3.2995e-03	  7.2200e-04	  1.6288e-03	  9.8014e+03	  0.0000e+00	  1.4999e-01	  3.0898e-03	
  7.0216e+00	  9.2941e-03	  5.8781e-04	  1.6357e-02	  3.5711e-03	  1.3307e-06	  3.5875e-02	  3.3009e-03	  7.2212e-04	  1.6294e-03	  9.8048e+03	  0.0000e+00	  1.4999e-01	  3.0935e-03	
  7.0214e+00	  9.2966e-03	  5.8791e-04	  1.6363e-02	  3.5723e-03	  1.3314e-06	  3.5889e-02	  3.3023e-03	  7.2222e-04	  1.6300e-03	  9.8080e+03	  0.0000e+00	  1.4999e-01	  3.0970e-03	
  7.0211e+00	  9.2990e-03	  5.8801e-04	  1.6368e-02	  3.5735e-03	  1.3321e-06	  3.5902e-02	  3.3036e-03	  7.2233e-04	  1.6306e-03	  9.8110e+03	  0.0000e+00	  1.4999e-01	  3.1004e-03	
  7.0209e+00	  9.3014e-03	  5.8811e-04	  1.6374e-02	  3.5747e-03	  1.3328e-06	  3.5915e-02	  3.3049e-03	  7.2243e-04	  1.6311e-03	  9.8140e+03	  0.0000e+00	  1.4999e-01	  3.1037e-03	
  7.0207e+00	  9.3036e-03	  5.8820e-04	  1.6379e-02	  3.5758e-03	  1.3335e-06	  3.5928e-02	  3.3062e-03	  7.2253e-04	  1.6317e-03	  9.8169e+03	  0.0000e+00	  1.4999e-01	  3.1069e-03	
  7.0205e+00	  9.3058e-03	  5.8829e-04	  1.6384e-02	  3.5769e-03	  1.3341e-06	  3.5940e-02	  3.3074e-03	  7.2262e-04	  1.6322e-03	  9.8197e+03	  0.0000e+00	  1.4999e-01	  3.1099e-03	
  7.0204e+00	  9.3079e-03	  5.8838e-04	  1.6388e-02	  3.5779e-03	  1.3347e-06	  3.5952e-02	  3.3085e-03	  7.2271e-04	  1.6327e-03	  9.8224e+03	  0.0000e+00	  1.4999e-01	  3.1129e-03	
  7.0202e+00	  9.3099e-03	  5.8846e-04	  1.6393e-02	  3.5789e-03	  1.3353e-06	  3.5963e-02	  3.3097e-03	  7.2280e-04	  1.6332e-03	  9.8249e+03	  0.0000e+00	  1.4999e-01	  3.1157e-03	
  7.0200e+00	  9.3119e-03	  5.8854e-04	  1.6397e-02	  3.5799e-03	  1.3359e-06	  3.5974e-02	  3.3107e-03	  7.2289e-04	  1.6336e-03	  9.8274e+03	  0.0000e+00	  1.4999e-01	  3.1184e-03	
  7.0198e+00	  9.3138e-03	  5.8862e-04	  1.6401e-02	  3.5808e-03	  1.3364e-06	  3.5984e-02	  3.3118e-03	  7.2297e-04	  1.6341e-03	  9.8299e+03	  0.0000e+00	  1.4999e-01	  3.1211e-03	
  7.0197e+00	  9.3156e-03	  5.8869e-04	  1.6406e-02	  3.5817e-03	  1.3369e-06	  3.5994e-02	  3.3128e-03	  7.2305e-04	  1.6345e-03	  9.8322e+03	  0.0000e+00	  1.4999e-01	  3.1236e-03	
  7.0195e+00	  9.3174e-03	  5.8877e-04	  1.6410e-02	  3.5826e-03	  1.3375e-06	  3.6004e-02	  3.3138e-03	  7.2313e-04	  1.6349e-03	  9.8344e+03	  0.0000e+00	  1.4999e-01	  3.1261e-03	
  7.0194e+00	  9.3191e-03	  5.8884e-04	  1.6413e-02	  3.5834e-03	  1.3379e-06	  3.6014e-02	  3.3147e-03	  7.2320e-04	  1.6353e-03	  9.8366e+03	  0.0000e+00	  1.4999e-01	  3.1285e-03	
  7.0192e+00	  9.3208e-03	  5.8890e-04	  1.6417e-02	  3.5842e-03	  1.3384e-06	  3.6023e-02	  3.3156e-03	  7.2327e-04	  1.6357e-03	  9.8387e+03	  0.0000e+00	  1.4999e-01	  3.1308e-03	
  7.0191e+00	  9.3223e-03	  5.8897e-04	  1.6421e-02	  3.5850e-03	  1.3389e-06	  3.6032e-02	  3.3165e-03	  7.2334e-04	  1.6361e-03	  9.8407e+03	  0.0000e+00	  1.4999e-01	  3.1330e-03	
  7.0190e+00	  9.3239e-03	  5.8903e-04	  1.6424e-02	  3.5858e-03	  1.3393e-06	  3.6040e-02	  3.3174e-03	  7.2341e-04	  1.6365e-03	  9.8427e+03	  0.0000e+00	  1.4999e-01	  3.1351e-03	
  7.0188e+00	  9.3254e-03	  5.8909e-04	  1.6427e-02	  3.5865e-03	  1.3398e-06	  3.6048e-02	  3.3182e-03	  7.2347e-04	  1.6368e-03	  9.8446e+03	  0.0000e+00	  1.4999e-01	  3.1371e-03	
  7.0187e+00	  9.3268e-03	  5.8915e-04	  1.6431e-02	  3.5872e-03	  1.3402e-06	  3.6056e-02	  3.3190e-03	  7.2353e-04	  1.6372e-03	  9.8464e+03	  0.0000e+00	  1.4999e-01	  3.1391e-03	
  7.0186e+00	  9.3282e-03	  5.8921e-04	  1.6434e-02	  3.5879e-03	  1.3406e-06	  3.6064e-02	  3.3197e-03	  7.2359e-04	  1.6375e-03	  9.8482e+03	  0.0000e+00	  1.4999e-01	  3.1410e-03	
  7.0185e+00	  9.3295e-03	  5.8926e-04	  1.6437e-02	  3.5885e-03	  1.3410e-06	  3.6071e-02	  3.3205e-03	  7.2365e-04	  1.6378e-03	  9.8499e+03	  0.0000e+00	  1.4999e-01	  3.1429e-03	
  7.0184e+00	  9.3308e-03	  5.8932e-04	  1.6440e-02	  3.5892e-03	  1.3413e-06	  3.6078e-02	  3.3212e-03	  7.2371e-04	  1.6381e-03	  9.8515e+03	  0.0000e+00	  1.4999e-01	  3.1447e-03	
  7.0182e+00	  9.3321e-03	  5.8937e-04	  1.6442e-02	  3.5898e-03	  1.3417e-06	  3.6085e-02	  3.3219e-03	  7.2376e-04	  1.6384e-03	  9.8531e+03	  0.0000e+00	  1.4999e-01	  3.1464e-03	
  7.0181e+00	  9.3333e-03	  5.8942e-04	  1.6445e-02	  3.5904e-03	  1.3421e-06	  3.6092e-02	  3.3226e-03	  7.2381e-04	  1.6387e-03	  9.8546e+03	  0.0000e+00	  1.4999e-01	  3.1481e-03	
  7.0180e+00	  9.3344e-03	  5.8947e-04	  1.6448e-02	  3.5909e-03	  1.3424e-06	  3.6098e-02	  3.3232e-03	  7.2386e-04	  1.6390e-03	  9.8561e+03	  0.0000e+00	  1.4999e-01	  3.1497e-03	
  7.0179e+00	  9.3355e-03	  5.8951e-04	  1.6450e-02	  3.5915e-03	  1.3427e-06	  3.6105e-02	  3.3238e-03	  7.2391e-04	  1.6392e-03	  9.8575e+03	  0.0000e+00	  1.4999e-01	  3.1512e-03	
  7.0178e+00	  9.3366e-03	  5.8956e-04	  1.6453e-02	  3.5920e-03	  1.3430e-06	  3.6111e-02	  3.3244e-03	  7.2396e-04	  1.6395e-03	  9.8589e+03	  0.0000e+00	  1.4999e-01	  3.1527e-03	
  7.0177e+00	  9.3377e-03	  5.8960e-04	  1.6455e-02	  3.5925e-03	  1.3433e-06	  3.6116e-02	  3.3250e-03	  7.2400e-04	  1.6397e-03	  9.8602e+03	  0.0000e+00	  1.4999e-01	  3.1541e-03	
  7.0177e+00	  9.3387e-03	  5.8964e-04	  1.6457e-02	  3.5930e-03	  1.3436e-06	  3.6122e-02	  3.3255e-03	  7.2405e-04	  1.6400e-03	  9.8615e+03	  0.0000e+00	  1.4999e-01	  3.1555e-03	
  7.0176e+00	  9.3397e-03	  5.8968e-04	  1.6460e-02	  3.5935e-03	  1.3439e-06	  3.6127e-02	  3.3261e-03	  7.2409e-04	  1.6402e-03	  9.8628e+03	  0.0000e+00	  1.4999e-01	  3.1569e-03	
  7.0175e+00	  9.3406e-03	  5.8972e-04	  1.6462e-02	  3.5940e-03	  1.3442e-06	  3.6133e-02	  3.3266e-03	  7.2413e-04	  1.6404e-03	  9.8640e+03	  0.0000e+00	  1.4999e-01	  3.1582e-03	
  7.0174e+00	  9.3415e-03	  5.8976e-04	  1.6464e-02	  3.5944e-03	  1.3445e-06	  3.6138e-02	  3.3271e-03	  7.2417e-04	  1.6406e-03	  9.8651e+03	  0.0000e+00	  1.4999e-01	  3.1594e-03	
  7.0173e+00	  9.3424e-03	  5.8979e-04	  1.6466e-02	  3.5948e-03	  1.3447e-06	  3.6143e-02	  3.3276e-03	  7.2421e-04	  1.6409e-03	  9.8662e+03	  0.0000e+00	  1.4999e-01	  3.1606e-03	
  7.0173e+00	  9.3432e-03	  5.8983e-04	  1.6468e-02	  3.5953e-03	  1.3450e-06	  3.6147e-02	  3.3281e-03	  7.2424e-04	  1.6411e-03	  9.8673e+03	  0.0000e+00	  1.4999e-01	  3.1618e-03	
  7.0172e+00	  9.3441e-03	  5.8986e-04	  1.6469e-02	  3.5957e-03	  1.3452e-06	  3.6152e-02	  3.3285e-03	  7.2428e-04	  1.6413e-03	  9.8683e+03	  0.0000e+00	  1.4999e-01	  3.1629e-03	
  7.0171e+00	  9.3448e-03	  5.8989e-04	  1.6471e-02	  3.5960e-03	  1.3454e-06	  3.6156e-02	  3.3289e-03	  7.2431e-04	  1.6414e-03	  9.8694e+03	  0.0000e+00	  1.4999e-01	  3.1640e-03	
  7.0171e+00	  9.3456e-03	  5.8992e-04	  1.6473e-02	  3.5964e-03	  1.3456e-06	  3.6160e-02	  3.3294e-03	  7.2435e-04	  1.6416e-03	  9.8703e+03	  0.0000e+00	  1.4999e-01	  3.1650e-03	
  7.0170e+00	  9.3463e-03	  5.8995e-04	  1.6474e-02	  3.5968e-03	  1.3459e-06	  3.6164e-02	  3.3298e-03	  7.2438e-04	  1.6418e-03	  9.8713e+03	  0.0000e+00	  1.4999e-01	  3.1660e-03	
  7.0169e+00	  9.3471e-03	  5.8998e-04	  1.6476e-02	  3.5971e-03	  1.3461e-06	  3.6168e-02	  3.3302e-03	  7.2441e-04	  1.6420e-03	  9.8722e+03	  0.0000e+00	  1.4999e-01	  3.1670e-03	
  7.0169e+00	  9.3477e-03	  5.9001e-04	  1.6478e-02	  3.5975e-03	  1.3463e-06	  3.6172e-02	  3.3306e-03	  7.2444e-04	  1.6421e-03	  9.8730e+03	  0.0000e+00	  1.4999e-01	  3.1680e-03	
  7.0168e+00	  9.3484e-03	  5.9004e-04	  1.6479e-02	  3.5978e-03	  1.3465e-06	  3.6176e-02	  3.3309e-03	  7.2447e-04	  1.6423e-03	  9.8739e+03	  0.0000e+00	  1.4999e-01	  3.1689e-03	
  7.0168e+00	  9.3490e-03	  5.9007e-04	  1.6481e-02	  3.5981e-03	  1.3467e-06	  3.6179e-02	  3.3313e-03	  7.2450e-04	  1.6424e-03	  9.8747e+03	  0.0000e+00	  1.4999e-01	  3.1697e-03	
  7.0167e+00	  9.3497e-03	  5.9009e-04	  1.6482e-02	  3.5984e-03	  1.3468e-06	  3.6183e-02	  3.3316e-03	  7.2452e-04	  1.6426e-03	  9.8755e+03	  0.0000e+00	  1.4999e-01	  3.1706e-03	
  7.0166e+00	  9.3503e-03	  5.9012e-04	  1.6483e-02	  3.5987e-03	  1.3470e-06	  3.6186e-02	  3.3319e-03	  7.2455e-04	  1.6427e-03	  9.8762e+03	  0.0000e+00	  1.4999e-01	  3.1714e-03	
  7.0166e+00	  9.3508e-03	  5.9014e-04	  1.6485e-02	  3.5990e-03	  1.3472e-06	  3.6189e-02	  3.3323e-03	  7.2457e-04	  1.6429e-03	  9.8770e+03	  0.0000e+00	  1.4999e-01	  3.1722e-03	
  7.0165e+00	  9.3514e-03	  5.9016e-04	  1.6486e-02	  3.5993e-03	  1.3473e-06	  3.6192e-02	  3.3326e-03	  7.2460e-04	  1.6430e-03	  9.8777e+03	  0.0000e+00	  1.4999e-01	  3.1730e-03	
  7.0165e+00	  9.3519e-03	  5.9018e-04	  1.6487e-02	  3.5995e-03	  1.3475e-06	  3.6195e-02	  3.3329e-03	  7.2462e-04	  1.6431e-03	  9.8784e+03	  0.0000e+00	  1.4999e-01	  3.1737e-03	
  7.0165e+00	  9.3525e-03	  5.9021e-04	  1.6488e-02	  3.5998e-03	  1.3476e-06	  3.6198e-02	  3.3332e-03	  7.2464e-04	  1.6433e-03	  9.8790e+03	  0.0000e+00	  1.4999e-01	  3.1744e-03	
  7.0164e+00	  9.3530e-03	  5.9023e-04	  1.6489e-02	  3.6000e-03	  1.3478e-06	  3.6201e-02	  3.3334e-03	  7.2466e-04	  1.6434e-03	  9.8797e+03	  0.0000e+00	  1.4999e-01	  3.1751e-03	
  7.0164e+00	  9.3534e-03	  5.9025e-04	  1.6490e-02	  3.6003e-03	  1.3479e-06	  3.6204e-02	  3.3337e-03	  7.2469e-04	  1.6435e-03	  9.8803e+03	  0.0000e+00	  1.4999e-01	  3.1758e-03	
  7.0163e+00	  9.3539e-03	  5.9026e-04	  1.6491e-02	  3.6005e-03	  1.3481e-06	  3.6206e-02	  3.3340e-03	  7.2471e-04	  1.6436e-03	  9.8809e+03	  0.0000e+00	  1.4999e-01	  3.1764e-03	
  7.0163e+00	  9.3544e-03	  5.9028e-04	  1.6492e-02	  3.6007e-03	  1.3482e-06	  3.6209e-02	  3.3342e-03	  7.2472e-04	  1.6437e-03	  9.8814e+03	  0.0000e+00	  1.4999e-01	  3.1770e-03	
  7.0163e+00	  9.3548e-03	  5.9030e-04	  1.6493e-02	  3.6009e-03	  1.3483e-06	  3.6211e-02	  3.3344e-03	  7.2474e-04	  1.6438e-03	  9.8820e+03	  0.0000e+00	  1.4999e-01	  3.1776e-03	
  7.0162e+00	  9.3552e-03	  5.9032e-04	  1.6494e-02	  3.6011e-03	  1.3485e-06	  3.6214e-02	  3.3347e-03	  7.2476e-04	  1.6439e-03	  9.8825e+03	  0.0000e+00	  1.4999e-01	  3.1782e-03	
  7.0162e+00	  9.3556e-03	  5.9033e-04	  1.6495e-02	  3.6013e-03	  1.3486e-06	  3.6216e-02	  3.3349e-03	  7.2478e-04	  1.6440e-03	  9.8831e+03	  0.0000e+00	  1.4999e-01	  3.1787e-03	
  7.0161e+00	  9.3560e-03	  5.9035e-04	  1.6496e-02	  3.6015e-03	  1.3487e-06	  3.6218e-02	  3.3351e-03	  7.2480e-04	  1.6441e-03	  9.8836e+03	  0.0000e+00	  1.4999e-01	  3.1793e-03	
  7.0161e+00	  9.3564e-03	  5.9037e-04	  1.6497e-02	  3.6017e-03	  1.3488e-06	  3.6220e-02	  3.3353e-03	  7.2481e-04	  1.6442e-03	  9.8840e+03	  0.0000e+00	  1.4999e-01	  3.1798e-03	
  7.0161e+00	  9.3568e-03	  5.9038e-04	  1.6498e-02	  3.6019e-03	  1.3489e-06	  3.6222e-02	  3.3355e-03	  7.2483e-04	  1.6443e-03	  9.8845e+03	  0.0000e+00	  1.4999e-01	  3.1803e-03	
  7.0160e+00	  9.3571e-03	  5.9040e-04	  1.6499e-02	  3.6021e-03	  1.3490e-06	  3.6224e-02	  3.3357e-03	  7.2484e-04	  1.6444e-03	  9.8849e+03	  0.0000e+00	  1.4999e-01	  3.1808e-03	
  7.0160e+00	  9.3574e-03	  5.9041e-04	  1.6499e-02	  3.6022e-03	  1.3491e-06	  3.6226e-02	  3.3359e-03	  7.2486e-04	  1.6444e-03	  9.8854e+03	  0.0000e+00	  1.4999e-01	  3.1812e-03	
  7.0160e+00	  9.3578e-03	  5.9042e-04	  1.6500e-02	  3.6024e-03	  1.3492e-06	  3.6228e-02	  3.3361e-03	  7.2487e-04	  1.6445e-03	  9.8858e+03	  0.0000e+00	  1.4999e-01	  3.1817e-03	
  7.0160e+00	  9.3581e-03	  5.9044e-04	  1.6501e-02	  3.6026e-03	  1.3493e-06	  3.6230e-02	  3.3363e-03	  7.2489e-04	  1.6446e-03	  9.8862e+03	  0.0000e+00	  1.4999e-01	  3.1821e-03	
  7.0159e+00	  9.3584e-03	  5.9045e-04	  1.6502e-02	  3.6027e-03	  1.3494e-06	  3.6231e-02	  3.3364e-03	  7.2490e-04	  1.6447e-03	  9.8866e+03	  0.0000e+00	  1.4999e-01	  3.1825e-03	
  7.0159e+00	  9.3587e-03	  5.9046e-04	  1.6502e-02	  3.6029e-03	  1.3495e-06	  3.6233e-02	  3.3366e-03	  7.2491e-04	  1.6447e-03	  9.8870e+03	  0.0000e+00	  1.4999e-01	  3.1829e-03	
  7.0159e+00	  9.3590e-03	  5.9047e-04	  1.6503e-02	  3.6030e-03	  1.3496e-06	  3.6234e-02	  3.3368e-03	  7.2493e-04	  1.6448e-03	  9.8873e+03	  0.0000e+00	  1.4999e-01	  3.1833e-03	
  7.0159e+00	  9.3593e-03	  5.9048e-04	  1.6503e-02	  3.6031e-03	  1.3496e-06	  3.6236e-02	  3.3369e-03	  7.2494e-04	  1.6449e-03	  9.8877e+03	  0.0000e+00	  1.4999e-01	  3.1837e-03	
  7.0158e+00	  9.3595e-03	  5.9050e-04	  1.6504e-02	  3.6033e-03	  1.3497e-06	  3.6237e-02	  3.3371e-03	  7.2495e-04	  1.6449e-03	  9.8880e+03	  0.0000e+00	  1.4999e-01	  3.1841e-03	
  7.0158e+00	  9.3598e-03	  5.9051e-04	  1.6505e-02	  3.6034e-03	  1.3498e-06	  3.6239e-02	  3.3372e-03	  7.2496e-04	  1.6450e-03	  9.8884e+03	  0.0000e+00	  1.4999e-01	  3.1844e-03	
  7.0158e+00	  9.3600e-03	  5.9052e-04	  1.6505e-02	  3.6035e-03	  1.3499e-06	  3.6240e-02	  3.3373e-03	  7.2497e-04	  1.6451e-03	  9.8887e+03	  0.0000e+00	  1.4999e-01	  3.1848e-03	
  7.0158e+00	  9.3603e-03	  5.9053e-04	  1.6506e-02	  3.6036e-03	  1.3499e-06	  3.6242e-02	  3.3375e-03	  7.2498e-04	  1.6451e-03	  9.8890e+03	  0.0000e+00	  1.4999e-01	  3.1851e-03	
  7.0158e+00	  9.3605e-03	  5.9054e-04	  1.6506e-02	  3.6037e-03	  1.3500e-06	  3.6243e-02	  3.3376e-03	  7.2499e-04	  1.6452e-03	  9.8893e+03	  0.0000e+00	  1.4999e-01	  3.1854e-03	
  7.0157e+00	  9.3607e-03	  5.9054e-04	  1.6507e-02	  3.6039e-03	  1.3501e-06	  3.6244e-02	  3.3377e-03	  7.2500e-04	  1.6452e-03	  9.8896e+03	  0.0000e+00	  1.4999e-01	  3.1857e-03	
  7.0157e+00	  9.3609e-03	  5.9055e-04	  1.6507e-02	  3.6040e-03	  1.3501e-06	  3.6245e-02	  3.3378e-03	  7.2501e-04	  1.6453e-03	  9.8898e+03	  0.0000e+00	  1.4999e-01	  3.1860e-03	
  7.0157e+00	  9.3612e-03	  5.9056e-04	  1.6508e-02	  3.6041e-03	  1.3502e-06	  3.6246e-02	  3.3380e-03	  7.2502e-04	  1.6453e-03	  9.8901e+03	  0.0000e+00	  1.4999e-01	  3.1863e-03	
  7.0157e+00	  9.3614e-03	  5.9057e-04	  1.6508e-02	  3.6042e-03	  1.3502e-06	  3.6248e-02	  3.3381e-03	  7.2503e-04	  1.6454e-03	  9.8904e+03	  0.0000e+00	  1.4999e-01	  3.1866e-03	
  7.0157e+00	  9.3616e-03	  5.9058e-04	  1.6509e-02	  3.6043e-03	  1.3503e-06	  3.6249e-02	  3.3382e-03	  7.2504e-04	  1.6454e-03	  9.8906e+03	  0.0000e+00	  1.4999e-01	  3.1868e-03	
  7.0156e+00	  9.3617e-03	  5.9059e-04	  1.6509e-02	  3.6043e-03	  1.3504e-06	  3.6250e-02	  3.3383e-03	  7.2504e-04	  1.6455e-03	  9.8908e+03	  0.0000e+00	  1.4999e-01	  3.1871e-03	
  7.0156e+00	  9.3619e-03	  5.9059e-04	  1.6509e-02	  3.6044e-03	  1.3504e-06	  3.6251e-02	  3.3384e-03	  7.2505e-04	  1.6455e-03	  9.8911e+03	  0.0000e+00	  1.4999e-01	  3.1873e-03	
  7.0156e+00	  9.3621e-03	  5.9060e-04	  1.6510e-02	  3.6045e-03	  1.3505e-06	  3.6252e-02	  3.3385e-03	  7.2506e-04	  1.6456e-03	  9.8913e+03	  0.0000e+00	  1.4999e-01	  3.1876e-03	
  7.0156e+00	  9.3623e-03	  5.9061e-04	  1.6510e-02	  3.6046e-03	  1.3505e-06	  3.6253e-02	  3.3386e-03	  7.2507e-04	  1.6456e-03	  9.8915e+03	  0.0000e+00	  1.4999e-01	  3.1878e-03	
  7.0156e+00	  9.3624e-03	  5.9061e-04	  1.6511e-02	  3.6047e-03	  1.3506e-06	  3.6254e-02	  3.3387e-03	  7.2507e-04	  1.6456e-03	  9.8917e+03	  0.0000e+00	  1.4999e-01	  3.1880e-03	
