          pH	          Na	           K	          Ca	          Mg	         PO4	          Cl	         SO4	         NH4	        HCO3	          sc	         FeS	      Pyrite	     Calcite	
  6.6644e+00	  4.1755e-03	  3.3043e-04	  4.8964e-03	  1.0614e-03	  4.1174e-05	  6.0679e-03	  1.8024e-04	  4.2255e-04	  9.0118e-06	  2.5751e+03	  0.0000e+00	  0.0000e+00	  0.0000e+00	
  6.6644e+00	  4.1755e-03	  3.3043e-04	  4.8964e-03	  1.0614e-03	  4.1174e-05	  6.0679e-03	  1.8024e-04	  4.2255e-04	  9.0118e-06	  2.5751e+03	  0.0000e+00	  0.0000e+00	  0.0000e+00	
  7.5045e+00	  4.2992e-03	  3.3750e-04	  5.1105e-03	  1.1092e-03	  6.2370e-07	  6.4337e-03	  2.2120e-04	  4.3613e-04	  5.4246e-05	  2.6993e+03	  0.0000e+00	  1.4999e-01	  0.0000e+00	
  7.4900e+00	  4.3814e-03	  3.4119e-04	  5.2276e-03	  1.1351e-03	  6.4234e-07	  6.7860e-03	  2.6071e-04	  4.4003e-04	  7.5786e-05	  2.7907e+03	  0.0000e+00	  1.4999e-01	  0.0000e+00	
  7.4760e+00	  4.4610e-03	  3.4473e-04	  5.3405e-03	  1.1600e-03	  6.6117e-07	  7.1244e-03	  2.9847e-04	  4.4375e-04	  9.6441e-05	  2.8783e+03	  0.0000e+00	  1.4999e-01	  0.0000e+00	
  7.4625e+00	  4.5380e-03	  3.4811e-04	  5.4495e-03	  1.1842e-03	  6.8017e-07	  7.4497e-03	  3.3458e-04	  4.4729e-04	  1.1626e-04	  2.9624e+03	  0.0000e+00	  1.4999e-01	  0.0000e+00	
  7.4495e+00	  4.6125e-03	  3.5136e-04	  5.5548e-03	  1.2075e-03	  6.9930e-07	  7.7623e-03	  3.6914e-04	  4.5067e-04	  1.3528e-04	  3.0431e+03	  0.0000e+00	  1.4999e-01	  0.0000e+00	
  7.4370e+00	  4.6846e-03	  3.5447e-04	  5.6564e-03	  1.2300e-03	  7.1855e-07	  8.0629e-03	  4.0225e-04	  4.5390e-04	  1.5355e-04	  3.1207e+03	  0.0000e+00	  1.4999e-01	  0.0000e+00	
  7.4249e+00	  4.7543e-03	  3.5745e-04	  5.7544e-03	  1.2517e-03	  7.3789e-07	  8.3521e-03	  4.3397e-04	  4.5699e-04	  1.7109e-04	  3.1952e+03	  0.0000e+00	  1.4999e-01	  0.0000e+00	
  7.4132e+00	  4.8218e-03	  3.6031e-04	  5.8490e-03	  1.2726e-03	  7.5729e-07	  8.6304e-03	  4.6440e-04	  4.5994e-04	  1.8796e-04	  3.2669e+03	  0.0000e+00	  1.4999e-01	  0.0000e+00	
  7.4020e+00	  4.8871e-03	  3.6306e-04	  5.9403e-03	  1.2929e-03	  7.7674e-07	  8.8982e-03	  4.9358e-04	  4.6276e-04	  2.0417e-04	  3.3357e+03	  0.0000e+00	  1.4999e-01	  0.0000e+00	
  7.3911e+00	  4.9502e-03	  3.6569e-04	  6.0284e-03	  1.3124e-03	  7.9620e-07	  9.1559e-03	  5.2160e-04	  4.6545e-04	  2.1975e-04	  3.4019e+03	  0.0000e+00	  1.4999e-01	  0.0000e+00	
  7.3807e+00	  5.0113e-03	  3.6823e-04	  6.1135e-03	  1.3313e-03	  8.1566e-07	  9.4041e-03	  5.4850e-04	  4.6804e-04	  2.3474e-04	  3.4657e+03	  0.0000e+00	  1.4999e-01	  0.0000e+00	
  7.3706e+00	  5.0703e-03	  3.7066e-04	  6.1955e-03	  1.3495e-03	  8.3510e-07	  9.6432e-03	  5.7434e-04	  4.7051e-04	  2.4916e-04	  3.5269e+03	  0.0000e+00	  1.4999e-01	  0.0000e+00	
  7.3608e+00	  5.1274e-03	  3.7299e-04	  6.2748e-03	  1.3671e-03	  8.5449e-07	  9.8734e-03	  5.9917e-04	  4.7288e-04	  2.6304e-04	  3.5859e+03	  0.0000e+00	  1.4999e-01	  0.0000e+00	
  7.3514e+00	  5.1827e-03	  3.7524e-04	  6.3512e-03	  1.3841e-03	  8.7382e-07	  1.0095e-02	  6.2304e-04	  4.7514e-04	  2.7640e-04	  3.6427e+03	  0.0000e+00	  1.4999e-01	  0.0000e+00	
  7.3423e+00	  5.2361e-03	  3.7740e-04	  6.4250e-03	  1.4005e-03	  8.9306e-07	  1.0309e-02	  6.4599e-04	  4.7732e-04	  2.8925e-04	  3.6973e+03	  0.0000e+00	  1.4999e-01	  0.0000e+00	
  7.3335e+00	  5.2877e-03	  3.7947e-04	  6.4962e-03	  1.4163e-03	  9.1221e-07	  1.0515e-02	  6.6806e-04	  4.7941e-04	  3.0163e-04	  3.7499e+03	  0.0000e+00	  1.4999e-01	  0.0000e+00	
  7.3250e+00	  5.3377e-03	  3.8147e-04	  6.5649e-03	  1.4316e-03	  9.3123e-07	  1.0713e-02	  6.8930e-04	  4.8141e-04	  3.1355e-04	  3.8006e+03	  0.0000e+00	  1.4999e-01	  0.0000e+00	
  7.3168e+00	  5.3860e-03	  3.8339e-04	  6.6312e-03	  1.4463e-03	  9.5013e-07	  1.0904e-02	  7.0973e-04	  4.8333e-04	  3.2503e-04	  3.8493e+03	  0.0000e+00	  1.4998e-01	  0.0000e+00	
  7.3089e+00	  5.4326e-03	  3.8523e-04	  6.6952e-03	  1.4606e-03	  9.6887e-07	  1.1089e-02	  7.2939e-04	  4.8517e-04	  3.3609e-04	  3.8963e+03	  0.0000e+00	  1.4998e-01	  0.0000e+00	
  7.3013e+00	  5.4778e-03	  3.8701e-04	  6.7570e-03	  1.4743e-03	  9.8744e-07	  1.1267e-02	  7.4832e-04	  4.8694e-04	  3.4674e-04	  3.9416e+03	  0.0000e+00	  1.4998e-01	  0.0000e+00	
  7.2939e+00	  5.5214e-03	  3.8872e-04	  6.8166e-03	  1.4876e-03	  1.0058e-06	  1.1438e-02	  7.6654e-04	  4.8863e-04	  3.5700e-04	  3.9852e+03	  0.0000e+00	  1.4998e-01	  0.0000e+00	
  7.2868e+00	  5.5635e-03	  3.9037e-04	  6.8741e-03	  1.5004e-03	  1.0240e-06	  1.1603e-02	  7.8409e-04	  4.9026e-04	  3.6689e-04	  4.0272e+03	  0.0000e+00	  1.4998e-01	  0.0000e+00	
  7.2799e+00	  5.6043e-03	  3.9195e-04	  6.9297e-03	  1.5128e-03	  1.0420e-06	  1.1762e-02	  8.0099e-04	  4.9183e-04	  3.7642e-04	  4.0677e+03	  0.0000e+00	  1.4998e-01	  0.0000e+00	
  7.2733e+00	  5.6437e-03	  3.9348e-04	  6.9833e-03	  1.5247e-03	  1.0598e-06	  1.1916e-02	  8.1727e-04	  4.9333e-04	  3.8560e-04	  4.1067e+03	  0.0000e+00	  1.4998e-01	  0.0000e+00	
  7.2668e+00	  5.6818e-03	  3.9494e-04	  7.0350e-03	  1.5362e-03	  1.0774e-06	  1.2064e-02	  8.3295e-04	  4.9478e-04	  3.9446e-04	  4.1443e+03	  0.0000e+00	  1.4998e-01	  0.0000e+00	
  7.2606e+00	  5.7186e-03	  3.9636e-04	  7.0849e-03	  1.5473e-03	  1.0947e-06	  1.2207e-02	  8.4806e-04	  4.9617e-04	  4.0299e-04	  4.1805e+03	  0.0000e+00	  1.4998e-01	  0.0000e+00	
  7.2547e+00	  5.7542e-03	  3.9772e-04	  7.1331e-03	  1.5581e-03	  1.1118e-06	  1.2345e-02	  8.6262e-04	  4.9751e-04	  4.1121e-04	  4.2155e+03	  0.0000e+00	  1.4998e-01	  0.0000e+00	
  7.2489e+00	  5.7885e-03	  3.9903e-04	  7.1796e-03	  1.5685e-03	  1.1286e-06	  1.2478e-02	  8.7665e-04	  4.9879e-04	  4.1914e-04	  4.2491e+03	  0.0000e+00	  1.4998e-01	  0.0000e+00	
  7.2433e+00	  5.8218e-03	  4.0030e-04	  7.2245e-03	  1.5785e-03	  1.1452e-06	  1.2606e-02	  8.9017e-04	  5.0003e-04	  4.2679e-04	  4.2816e+03	  0.0000e+00	  1.4998e-01	  0.0000e+00	
  7.2379e+00	  5.8539e-03	  4.0152e-04	  7.2678e-03	  1.5881e-03	  1.1615e-06	  1.2730e-02	  9.0321e-04	  5.0122e-04	  4.3416e-04	  4.3129e+03	  0.0000e+00	  1.4998e-01	  0.0000e+00	
  7.2327e+00	  5.8849e-03	  4.0269e-04	  7.3097e-03	  1.5975e-03	  1.1776e-06	  1.2849e-02	  9.1577e-04	  5.0236e-04	  4.4127e-04	  4.3431e+03	  0.0000e+00	  1.4998e-01	  0.0000e+00	
  7.2276e+00	  5.9149e-03	  4.0382e-04	  7.3500e-03	  1.6065e-03	  1.1933e-06	  1.2964e-02	  9.2788e-04	  5.0346e-04	  4.4813e-04	  4.3722e+03	  0.0000e+00	  1.4998e-01	  0.0000e+00	
  7.2228e+00	  5.9439e-03	  4.0491e-04	  7.3890e-03	  1.6152e-03	  1.2088e-06	  1.3075e-02	  9.3956e-04	  5.0452e-04	  4.5474e-04	  4.4003e+03	  0.0000e+00	  1.4998e-01	  0.0000e+00	
  7.2181e+00	  5.9719e-03	  4.0596e-04	  7.4266e-03	  1.6236e-03	  1.2240e-06	  1.3182e-02	  9.5082e-04	  5.0554e-04	  4.6111e-04	  4.4273e+03	  0.0000e+00	  1.4998e-01	  0.0000e+00	
  7.2135e+00	  5.9989e-03	  4.0697e-04	  7.4629e-03	  1.6317e-03	  1.2389e-06	  1.3286e-02	  9.6167e-04	  5.0652e-04	  4.6726e-04	  4.4534e+03	  0.0000e+00	  1.4998e-01	  0.0000e+00	
  7.2092e+00	  6.0251e-03	  4.0795e-04	  7.4980e-03	  1.6395e-03	  1.2535e-06	  1.3386e-02	  9.7214e-04	  5.0746e-04	  4.7319e-04	  4.4786e+03	  0.0000e+00	  1.4998e-01	  0.0000e+00	
  7.2049e+00	  6.0503e-03	  4.0889e-04	  7.5318e-03	  1.6470e-03	  1.2679e-06	  1.3482e-02	  9.8224e-04	  5.0837e-04	  4.7892e-04	  4.5029e+03	  0.0000e+00	  1.4998e-01	  0.0000e+00	
  7.2008e+00	  6.0747e-03	  4.0979e-04	  7.5644e-03	  1.6543e-03	  1.2819e-06	  1.3575e-02	  9.9198e-04	  5.0925e-04	  4.8444e-04	  4.5263e+03	  0.0000e+00	  1.4998e-01	  0.0000e+00	
  7.1969e+00	  6.0983e-03	  4.1067e-04	  7.5959e-03	  1.6614e-03	  1.2957e-06	  1.3664e-02	  1.0014e-03	  5.1009e-04	  4.8976e-04	  4.5489e+03	  0.0000e+00	  1.4998e-01	  0.0000e+00	
  7.1931e+00	  6.1211e-03	  4.1151e-04	  7.6264e-03	  1.6682e-03	  1.3091e-06	  1.3751e-02	  1.0104e-03	  5.1090e-04	  4.9490e-04	  4.5707e+03	  0.0000e+00	  1.4998e-01	  0.0000e+00	
  7.1894e+00	  6.1431e-03	  4.1232e-04	  7.6557e-03	  1.6747e-03	  1.3223e-06	  1.3834e-02	  1.0192e-03	  5.1168e-04	  4.9985e-04	  4.5917e+03	  0.0000e+00	  1.4998e-01	  0.0000e+00	
  7.1858e+00	  6.1643e-03	  4.1311e-04	  7.6841e-03	  1.6811e-03	  1.3352e-06	  1.3915e-02	  1.0276e-03	  5.1244e-04	  5.0463e-04	  4.6120e+03	  0.0000e+00	  1.4998e-01	  0.0000e+00	
  7.1824e+00	  6.1849e-03	  4.1386e-04	  7.7115e-03	  1.6872e-03	  1.3478e-06	  1.3993e-02	  1.0357e-03	  5.1316e-04	  5.0924e-04	  4.6316e+03	  0.0000e+00	  1.4998e-01	  0.0000e+00	
  7.1791e+00	  6.2047e-03	  4.1459e-04	  7.7379e-03	  1.6931e-03	  1.3601e-06	  1.4068e-02	  1.0436e-03	  5.1386e-04	  5.1370e-04	  4.6504e+03	  0.0000e+00	  1.4998e-01	  0.0000e+00	
  7.1759e+00	  6.2239e-03	  4.1530e-04	  7.7634e-03	  1.6988e-03	  1.3721e-06	  1.4140e-02	  1.0511e-03	  5.1453e-04	  5.1799e-04	  4.6687e+03	  0.0000e+00	  1.4998e-01	  0.0000e+00	
  7.1728e+00	  6.2424e-03	  4.1597e-04	  7.7880e-03	  1.7043e-03	  1.3838e-06	  1.4210e-02	  1.0584e-03	  5.1518e-04	  5.2213e-04	  4.6862e+03	  0.0000e+00	  1.4998e-01	  0.0000e+00	
  7.1698e+00	  6.2603e-03	  4.1663e-04	  7.8118e-03	  1.7096e-03	  1.3952e-06	  1.4278e-02	  1.0655e-03	  5.1581e-04	  5.2613e-04	  4.7032e+03	  0.0000e+00	  1.4998e-01	  0.0000e+00	
  7.1669e+00	  6.2776e-03	  4.1726e-04	  7.8347e-03	  1.7147e-03	  1.4064e-06	  1.4343e-02	  1.0723e-03	  5.1641e-04	  5.2999e-04	  4.7195e+03	  0.0000e+00	  1.4998e-01	  0.0000e+00	
  7.1641e+00	  6.2943e-03	  4.1787e-04	  7.8568e-03	  1.7197e-03	  1.4173e-06	  1.4406e-02	  1.0788e-03	  5.1699e-04	  5.3371e-04	  4.7353e+03	  0.0000e+00	  1.4998e-01	  0.0000e+00	
  7.1614e+00	  6.3104e-03	  4.1845e-04	  7.8782e-03	  1.7245e-03	  1.4279e-06	  1.4466e-02	  1.0852e-03	  5.1755e-04	  5.3730e-04	  4.7506e+03	  0.0000e+00	  1.4998e-01	  0.0000e+00	
  7.1588e+00	  6.3260e-03	  4.1902e-04	  7.8989e-03	  1.7291e-03	  1.4383e-06	  1.4525e-02	  1.0913e-03	  5.1809e-04	  5.4077e-04	  4.7653e+03	  0.0000e+00	  1.4998e-01	  0.0000e+00	
  7.1563e+00	  6.3410e-03	  4.1957e-04	  7.9188e-03	  1.7335e-03	  1.4483e-06	  1.4581e-02	  1.0972e-03	  5.1861e-04	  5.4412e-04	  4.7795e+03	  0.0000e+00	  1.4998e-01	  0.0000e+00	
  7.1539e+00	  6.3555e-03	  4.2009e-04	  7.9380e-03	  1.7378e-03	  1.4582e-06	  1.4636e-02	  1.1028e-03	  5.1911e-04	  5.4735e-04	  4.7931e+03	  0.0000e+00	  1.4998e-01	  0.0000e+00	
  7.1515e+00	  6.3696e-03	  4.2060e-04	  7.9566e-03	  1.7420e-03	  1.4677e-06	  1.4689e-02	  1.1083e-03	  5.1959e-04	  5.5046e-04	  4.8064e+03	  0.0000e+00	  1.4998e-01	  0.0000e+00	
  7.1493e+00	  6.3831e-03	  4.2109e-04	  7.9745e-03	  1.7460e-03	  1.4770e-06	  1.4740e-02	  1.1136e-03	  5.2006e-04	  5.5347e-04	  4.8191e+03	  0.0000e+00	  1.4998e-01	  0.0000e+00	
  7.1471e+00	  6.3962e-03	  4.2156e-04	  7.9918e-03	  1.7499e-03	  1.4861e-06	  1.4789e-02	  1.1187e-03	  5.2051e-04	  5.5637e-04	  4.8314e+03	  0.0000e+00	  1.4998e-01	  0.0000e+00	
  7.1450e+00	  6.4089e-03	  4.2202e-04	  8.0086e-03	  1.7536e-03	  1.4949e-06	  1.4836e-02	  1.1237e-03	  5.2094e-04	  5.5918e-04	  4.8433e+03	  0.0000e+00	  1.4998e-01	  0.0000e+00	
  7.1429e+00	  6.4211e-03	  4.2246e-04	  8.0247e-03	  1.7572e-03	  1.5035e-06	  1.4882e-02	  1.1284e-03	  5.2136e-04	  5.6188e-04	  4.8548e+03	  0.0000e+00	  1.4998e-01	  0.0000e+00	
  7.1409e+00	  6.4329e-03	  4.2289e-04	  8.0403e-03	  1.7607e-03	  1.5118e-06	  1.4926e-02	  1.1330e-03	  5.2176e-04	  5.6449e-04	  4.8658e+03	  0.0000e+00	  1.4998e-01	  0.0000e+00	
  7.1390e+00	  6.4443e-03	  4.2330e-04	  8.0553e-03	  1.7641e-03	  1.5199e-06	  1.4968e-02	  1.1375e-03	  5.2215e-04	  5.6701e-04	  4.8765e+03	  0.0000e+00	  1.4998e-01	  0.0000e+00	
  7.1372e+00	  6.4553e-03	  4.2369e-04	  8.0698e-03	  1.7673e-03	  1.5278e-06	  1.5010e-02	  1.1417e-03	  5.2253e-04	  5.6944e-04	  4.8868e+03	  0.0000e+00	  1.4998e-01	  0.0000e+00	
  7.1354e+00	  6.4660e-03	  4.2408e-04	  8.0838e-03	  1.7705e-03	  1.5354e-06	  1.5049e-02	  1.1459e-03	  5.2289e-04	  5.7179e-04	  4.8967e+03	  0.0000e+00	  1.4998e-01	  0.0000e+00	
  7.1337e+00	  6.4762e-03	  4.2444e-04	  8.0974e-03	  1.7735e-03	  1.5429e-06	  1.5088e-02	  1.1499e-03	  5.2324e-04	  5.7405e-04	  4.9063e+03	  0.0000e+00	  1.4998e-01	  0.0000e+00	
  7.1321e+00	  6.4862e-03	  4.2480e-04	  8.1104e-03	  1.7764e-03	  1.5501e-06	  1.5125e-02	  1.1537e-03	  5.2358e-04	  5.7624e-04	  4.9156e+03	  0.0000e+00	  1.4998e-01	  0.0000e+00	
  7.1305e+00	  6.4957e-03	  4.2514e-04	  8.1230e-03	  1.7793e-03	  1.5571e-06	  1.5160e-02	  1.1574e-03	  5.2390e-04	  5.7835e-04	  4.9246e+03	  0.0000e+00	  1.4998e-01	  0.0000e+00	
  7.1289e+00	  6.5050e-03	  4.2547e-04	  8.1352e-03	  1.7820e-03	  1.5639e-06	  1.5195e-02	  1.1610e-03	  5.2421e-04	  5.8039e-04	  4.9332e+03	  0.0000e+00	  1.4998e-01	  0.0000e+00	
  7.1274e+00	  6.5139e-03	  4.2579e-04	  8.1470e-03	  1.7846e-03	  1.5705e-06	  1.5228e-02	  1.1645e-03	  5.2451e-04	  5.8235e-04	  4.9415e+03	  0.0000e+00	  1.4998e-01	  0.0000e+00	
  7.1260e+00	  6.5226e-03	  4.2610e-04	  8.1583e-03	  1.7872e-03	  1.5770e-06	  1.5260e-02	  1.1678e-03	  5.2481e-04	  5.8425e-04	  4.9496e+03	  0.0000e+00	  1.4998e-01	  0.0000e+00	
  7.1246e+00	  6.5309e-03	  4.2640e-04	  8.1693e-03	  1.7896e-03	  1.5832e-06	  1.5291e-02	  1.1710e-03	  5.2509e-04	  5.8608e-04	  4.9573e+03	  0.0000e+00	  1.4998e-01	  0.0000e+00	
  7.1233e+00	  6.5389e-03	  4.2669e-04	  8.1799e-03	  1.7920e-03	  1.5892e-06	  1.5321e-02	  1.1741e-03	  5.2536e-04	  5.8785e-04	  4.9648e+03	  0.0000e+00	  1.4998e-01	  0.0000e+00	
  7.1220e+00	  6.5467e-03	  4.2696e-04	  8.1901e-03	  1.7943e-03	  1.5951e-06	  1.5350e-02	  1.1771e-03	  5.2562e-04	  5.8956e-04	  4.9721e+03	  0.0000e+00	  1.4998e-01	  0.0000e+00	
  7.1207e+00	  6.5542e-03	  4.2723e-04	  8.1999e-03	  1.7965e-03	  1.6008e-06	  1.5378e-02	  1.1800e-03	  5.2587e-04	  5.9121e-04	  4.9790e+03	  0.0000e+00	  1.4998e-01	  0.0000e+00	
  7.1195e+00	  6.5615e-03	  4.2749e-04	  8.2095e-03	  1.7986e-03	  1.6063e-06	  1.5405e-02	  1.1828e-03	  5.2612e-04	  5.9280e-04	  4.9858e+03	  0.0000e+00	  1.4998e-01	  0.0000e+00	
  7.1183e+00	  6.5685e-03	  4.2774e-04	  8.2187e-03	  1.8007e-03	  1.6117e-06	  1.5431e-02	  1.1856e-03	  5.2635e-04	  5.9433e-04	  4.9923e+03	  0.0000e+00	  1.4998e-01	  0.0000e+00	
  7.1172e+00	  6.5752e-03	  4.2798e-04	  8.2275e-03	  1.8027e-03	  1.6168e-06	  1.5456e-02	  1.1882e-03	  5.2658e-04	  5.9582e-04	  4.9986e+03	  0.0000e+00	  1.4998e-01	  0.0000e+00	
  7.1161e+00	  6.5818e-03	  4.2821e-04	  8.2361e-03	  1.8046e-03	  1.6219e-06	  1.5481e-02	  1.1907e-03	  5.2680e-04	  5.9725e-04	  5.0046e+03	  0.0000e+00	  1.4998e-01	  0.0000e+00	
  7.1151e+00	  6.5881e-03	  4.2844e-04	  8.2444e-03	  1.8064e-03	  1.6267e-06	  1.5504e-02	  1.1931e-03	  5.2701e-04	  5.9863e-04	  5.0105e+03	  0.0000e+00	  1.4998e-01	  0.0000e+00	
  7.1141e+00	  6.5942e-03	  4.2865e-04	  8.2524e-03	  1.8082e-03	  1.6315e-06	  1.5527e-02	  1.1955e-03	  5.2721e-04	  5.9997e-04	  5.0161e+03	  0.0000e+00	  1.4998e-01	  0.0000e+00	
  7.1131e+00	  6.6001e-03	  4.2886e-04	  8.2601e-03	  1.8100e-03	  1.6360e-06	  1.5549e-02	  1.1977e-03	  5.2741e-04	  6.0125e-04	  5.0216e+03	  0.0000e+00	  1.4998e-01	  0.0000e+00	
  7.1121e+00	  6.6057e-03	  4.2907e-04	  8.2675e-03	  1.8116e-03	  1.6405e-06	  1.5570e-02	  1.1999e-03	  5.2760e-04	  6.0250e-04	  5.0269e+03	  0.0000e+00	  1.4998e-01	  0.0000e+00	
  7.1112e+00	  6.6112e-03	  4.2926e-04	  8.2747e-03	  1.8132e-03	  1.6448e-06	  1.5590e-02	  1.2020e-03	  5.2778e-04	  6.0370e-04	  5.0320e+03	  0.0000e+00	  1.4998e-01	  0.0000e+00	
  7.1103e+00	  6.6165e-03	  4.2945e-04	  8.2817e-03	  1.8148e-03	  1.6489e-06	  1.5610e-02	  1.2041e-03	  5.2796e-04	  6.0486e-04	  5.0369e+03	  0.0000e+00	  1.4998e-01	  0.0000e+00	
  7.1095e+00	  6.6216e-03	  4.2963e-04	  8.2884e-03	  1.8163e-03	  1.6530e-06	  1.5629e-02	  1.2060e-03	  5.2813e-04	  6.0598e-04	  5.0416e+03	  0.0000e+00	  1.4998e-01	  0.0000e+00	
  7.1087e+00	  6.6266e-03	  4.2980e-04	  8.2948e-03	  1.8177e-03	  1.6569e-06	  1.5647e-02	  1.2079e-03	  5.2829e-04	  6.0706e-04	  5.0462e+03	  0.0000e+00	  1.4998e-01	  0.0000e+00	
  7.1079e+00	  6.6314e-03	  4.2997e-04	  8.3011e-03	  1.8191e-03	  1.6606e-06	  1.5665e-02	  1.2098e-03	  5.2845e-04	  6.0810e-04	  5.0506e+03	  0.0000e+00	  1.4998e-01	  0.0000e+00	
  7.1071e+00	  6.6360e-03	  4.3014e-04	  8.3071e-03	  1.8205e-03	  1.6643e-06	  1.5682e-02	  1.2115e-03	  5.2860e-04	  6.0911e-04	  5.0549e+03	  0.0000e+00	  1.4998e-01	  0.0000e+00	
  7.1064e+00	  6.6404e-03	  4.3029e-04	  8.3130e-03	  1.8218e-03	  1.6678e-06	  1.5698e-02	  1.2132e-03	  5.2875e-04	  6.1008e-04	  5.0590e+03	  0.0000e+00	  1.4998e-01	  0.0000e+00	
  7.1057e+00	  6.6447e-03	  4.3045e-04	  8.3186e-03	  1.8231e-03	  1.6713e-06	  1.5714e-02	  1.2149e-03	  5.2889e-04	  6.1102e-04	  5.0630e+03	  0.0000e+00	  1.4998e-01	  0.0000e+00	
  7.1050e+00	  6.6489e-03	  4.3059e-04	  8.3240e-03	  1.8243e-03	  1.6746e-06	  1.5730e-02	  1.2165e-03	  5.2903e-04	  6.1192e-04	  5.0668e+03	  0.0000e+00	  1.4998e-01	  0.0000e+00	
  7.1043e+00	  6.6529e-03	  4.3074e-04	  8.3293e-03	  1.8255e-03	  1.6778e-06	  1.5745e-02	  1.2180e-03	  5.2917e-04	  6.1280e-04	  5.0705e+03	  0.0000e+00	  1.4998e-01	  0.0000e+00	
  7.1037e+00	  6.6567e-03	  4.3087e-04	  8.3343e-03	  1.8266e-03	  1.6809e-06	  1.5759e-02	  1.2195e-03	  5.2929e-04	  6.1364e-04	  5.0741e+03	  0.0000e+00	  1.4998e-01	  0.0000e+00	
  7.1030e+00	  6.6605e-03	  4.3100e-04	  8.3392e-03	  1.8277e-03	  1.6839e-06	  1.5773e-02	  1.2210e-03	  5.2942e-04	  6.1446e-04	  5.0775e+03	  0.0000e+00	  1.4998e-01	  0.0000e+00	
  7.1024e+00	  6.6641e-03	  4.3113e-04	  8.3439e-03	  1.8287e-03	  1.6868e-06	  1.5786e-02	  1.2223e-03	  5.2954e-04	  6.1525e-04	  5.0809e+03	  0.0000e+00	  1.4998e-01	  0.0000e+00	
  7.1019e+00	  6.6676e-03	  4.3126e-04	  8.3485e-03	  1.8298e-03	  1.6897e-06	  1.5799e-02	  1.2237e-03	  5.2965e-04	  6.1601e-04	  5.0841e+03	  0.0000e+00	  1.4998e-01	  0.0000e+00	
  7.1013e+00	  6.6709e-03	  4.3137e-04	  8.3529e-03	  1.8308e-03	  1.6924e-06	  1.5811e-02	  1.2250e-03	  5.2976e-04	  6.1674e-04	  5.0872e+03	  0.0000e+00	  1.4998e-01	  0.0000e+00	
  7.1008e+00	  6.6742e-03	  4.3149e-04	  8.3571e-03	  1.8317e-03	  1.6950e-06	  1.5823e-02	  1.2262e-03	  5.2987e-04	  6.1745e-04	  5.0902e+03	  0.0000e+00	  1.4998e-01	  0.0000e+00	
  7.1002e+00	  6.6773e-03	  4.3160e-04	  8.3612e-03	  1.8326e-03	  1.6976e-06	  1.5835e-02	  1.2274e-03	  5.2998e-04	  6.1813e-04	  5.0931e+03	  0.0000e+00	  1.4998e-01	  0.0000e+00	
  7.0997e+00	  6.6804e-03	  4.3171e-04	  8.3652e-03	  1.8335e-03	  1.7000e-06	  1.5846e-02	  1.2286e-03	  5.3008e-04	  6.1879e-04	  5.0959e+03	  0.0000e+00	  1.4998e-01	  0.0000e+00	
  7.0992e+00	  6.6833e-03	  4.3181e-04	  8.3690e-03	  1.8344e-03	  1.7024e-06	  1.5857e-02	  1.2297e-03	  5.3017e-04	  6.1943e-04	  5.0986e+03	  0.0000e+00	  1.4998e-01	  0.0000e+00	
  7.0988e+00	  6.6861e-03	  4.3191e-04	  8.3727e-03	  1.8352e-03	  1.7047e-06	  1.5868e-02	  1.2308e-03	  5.3027e-04	  6.2005e-04	  5.1012e+03	  0.0000e+00	  1.4998e-01	  0.0000e+00	
  7.0983e+00	  6.6888e-03	  4.3201e-04	  8.3763e-03	  1.8360e-03	  1.7070e-06	  1.5878e-02	  1.2318e-03	  5.3036e-04	  6.2064e-04	  5.1037e+03	  0.0000e+00	  1.4998e-01	  0.0000e+00	
  7.0979e+00	  6.6915e-03	  4.3210e-04	  8.3797e-03	  1.8368e-03	  1.7091e-06	  1.5887e-02	  1.2328e-03	  5.3044e-04	  6.2122e-04	  5.1062e+03	  0.0000e+00	  1.4998e-01	  0.0000e+00	
  7.0975e+00	  6.6940e-03	  4.3219e-04	  8.3830e-03	  1.8375e-03	  1.7112e-06	  1.5897e-02	  1.2338e-03	  5.3053e-04	  6.2177e-04	  5.1085e+03	  0.0000e+00	  1.4998e-01	  0.0000e+00	
  7.0970e+00	  6.6965e-03	  4.3228e-04	  8.3863e-03	  1.8382e-03	  1.7132e-06	  1.5906e-02	  1.2348e-03	  5.3061e-04	  6.2231e-04	  5.1108e+03	  0.0000e+00	  1.4998e-01	  0.0000e+00	
  7.0967e+00	  6.6989e-03	  4.3236e-04	  8.3894e-03	  1.8389e-03	  1.7152e-06	  1.5915e-02	  1.2357e-03	  5.3069e-04	  6.2282e-04	  5.1130e+03	  0.0000e+00	  1.4998e-01	  0.0000e+00	
  7.0963e+00	  6.7011e-03	  4.3244e-04	  8.3923e-03	  1.8396e-03	  1.7171e-06	  1.5923e-02	  1.2365e-03	  5.3076e-04	  6.2332e-04	  5.1151e+03	  0.0000e+00	  1.4998e-01	  0.0000e+00	
  7.0959e+00	  6.7034e-03	  4.3252e-04	  8.3952e-03	  1.8402e-03	  1.7189e-06	  1.5931e-02	  1.2374e-03	  5.3083e-04	  6.2380e-04	  5.1171e+03	  0.0000e+00	  1.4998e-01	  0.0000e+00	
  7.0955e+00	  6.7055e-03	  4.3259e-04	  8.3980e-03	  1.8409e-03	  1.7207e-06	  1.5939e-02	  1.2382e-03	  5.3090e-04	  6.2427e-04	  5.1191e+03	  0.0000e+00	  1.4998e-01	  0.0000e+00	
  7.0952e+00	  6.7076e-03	  4.3267e-04	  8.4007e-03	  1.8415e-03	  1.7224e-06	  1.5947e-02	  1.2390e-03	  5.3097e-04	  6.2472e-04	  5.1210e+03	  0.0000e+00	  1.4998e-01	  0.0000e+00	
  7.0949e+00	  6.7096e-03	  4.3274e-04	  8.4033e-03	  1.8421e-03	  1.7240e-06	  1.5954e-02	  1.2398e-03	  5.3104e-04	  6.2515e-04	  5.1228e+03	  0.0000e+00	  1.4998e-01	  0.0000e+00	
  7.0946e+00	  6.7115e-03	  4.3280e-04	  8.4058e-03	  1.8426e-03	  1.7256e-06	  1.5961e-02	  1.2405e-03	  5.3110e-04	  6.2557e-04	  5.1246e+03	  0.0000e+00	  1.4998e-01	  0.0000e+00	
  7.0942e+00	  6.7133e-03	  4.3287e-04	  8.4083e-03	  1.8432e-03	  1.7272e-06	  1.5968e-02	  1.2412e-03	  5.3116e-04	  6.2597e-04	  5.1263e+03	  0.0000e+00	  1.4998e-01	  0.0000e+00	
  7.0939e+00	  6.7151e-03	  4.3293e-04	  8.4106e-03	  1.8437e-03	  1.7287e-06	  1.5975e-02	  1.2419e-03	  5.3122e-04	  6.2636e-04	  5.1279e+03	  0.0000e+00	  1.4998e-01	  0.0000e+00	
  7.0937e+00	  6.7169e-03	  4.3299e-04	  8.4129e-03	  1.8442e-03	  1.7301e-06	  1.5981e-02	  1.2426e-03	  5.3128e-04	  6.2674e-04	  5.1295e+03	  0.0000e+00	  1.4998e-01	  0.0000e+00	
  7.0934e+00	  6.7185e-03	  4.3305e-04	  8.4150e-03	  1.8447e-03	  1.7315e-06	  1.5987e-02	  1.2432e-03	  5.3133e-04	  6.2710e-04	  5.1311e+03	  0.0000e+00	  1.4998e-01	  0.0000e+00	
  7.0931e+00	  6.7202e-03	  4.3311e-04	  8.4171e-03	  1.8452e-03	  1.7329e-06	  1.5993e-02	  1.2438e-03	  5.3139e-04	  6.2746e-04	  5.1326e+03	  0.0000e+00	  1.4998e-01	  0.0000e+00	
  7.0929e+00	  6.7217e-03	  4.3316e-04	  8.4192e-03	  1.8456e-03	  1.7342e-06	  1.5999e-02	  1.2444e-03	  5.3144e-04	  6.2780e-04	  5.1340e+03	  0.0000e+00	  1.4998e-01	  0.0000e+00	
  7.0926e+00	  6.7232e-03	  4.3322e-04	  8.4211e-03	  1.8461e-03	  1.7354e-06	  1.6005e-02	  1.2450e-03	  5.3149e-04	  6.2812e-04	  5.1354e+03	  0.0000e+00	  1.4998e-01	  0.0000e+00	
  7.0924e+00	  6.7247e-03	  4.3327e-04	  8.4230e-03	  1.8465e-03	  1.7366e-06	  1.6010e-02	  1.2455e-03	  5.3154e-04	  6.2844e-04	  5.1367e+03	  0.0000e+00	  1.4998e-01	  0.0000e+00	
  7.0921e+00	  6.7261e-03	  4.3332e-04	  8.4249e-03	  1.8469e-03	  1.7378e-06	  1.6015e-02	  1.2461e-03	  5.3158e-04	  6.2874e-04	  5.1380e+03	  0.0000e+00	  1.4998e-01	  0.0000e+00	
  7.0919e+00	  6.7274e-03	  4.3336e-04	  8.4266e-03	  1.8473e-03	  1.7389e-06	  1.6020e-02	  1.2466e-03	  5.3163e-04	  6.2904e-04	  5.1393e+03	  0.0000e+00	  1.4998e-01	  0.0000e+00	
  7.0917e+00	  6.7287e-03	  4.3341e-04	  8.4284e-03	  1.8477e-03	  1.7400e-06	  1.6025e-02	  1.2471e-03	  5.3167e-04	  6.2932e-04	  5.1405e+03	  0.0000e+00	  1.4998e-01	  0.0000e+00	
  7.0915e+00	  6.7300e-03	  4.3346e-04	  8.4300e-03	  1.8480e-03	  1.7411e-06	  1.6030e-02	  1.2476e-03	  5.3171e-04	  6.2960e-04	  5.1416e+03	  0.0000e+00	  1.4998e-01	  0.0000e+00	
  7.0913e+00	  6.7312e-03	  4.3350e-04	  8.4316e-03	  1.8484e-03	  1.7421e-06	  1.6034e-02	  1.2481e-03	  5.3175e-04	  6.2986e-04	  5.1428e+03	  0.0000e+00	  1.4998e-01	  0.0000e+00	
  7.0911e+00	  6.7324e-03	  4.3354e-04	  8.4331e-03	  1.8487e-03	  1.7431e-06	  1.6039e-02	  1.2485e-03	  5.3179e-04	  6.3012e-04	  5.1439e+03	  0.0000e+00	  1.4998e-01	  0.0000e+00	
  7.0909e+00	  6.7335e-03	  4.3358e-04	  8.4346e-03	  1.8491e-03	  1.7441e-06	  1.6043e-02	  1.2489e-03	  5.3183e-04	  6.3037e-04	  5.1449e+03	  0.0000e+00	  1.4998e-01	  0.0000e+00	
  7.0907e+00	  6.7346e-03	  4.3362e-04	  8.4360e-03	  1.8494e-03	  1.7450e-06	  1.6047e-02	  1.2494e-03	  5.3186e-04	  6.3061e-04	  5.1459e+03	  0.0000e+00	  1.4998e-01	  0.0000e+00	
  7.0905e+00	  6.7357e-03	  4.3366e-04	  8.4374e-03	  1.8497e-03	  1.7459e-06	  1.6051e-02	  1.2498e-03	  5.3190e-04	  6.3084e-04	  5.1469e+03	  0.0000e+00	  1.4998e-01	  0.0000e+00	
  7.0904e+00	  6.7367e-03	  4.3369e-04	  8.4388e-03	  1.8500e-03	  1.7468e-06	  1.6055e-02	  1.2502e-03	  5.3193e-04	  6.3106e-04	  5.1478e+03	  0.0000e+00	  1.4998e-01	  0.0000e+00	
  7.0902e+00	  6.7377e-03	  4.3373e-04	  8.4401e-03	  1.8503e-03	  1.7476e-06	  1.6058e-02	  1.2505e-03	  5.3196e-04	  6.3128e-04	  5.1487e+03	  0.0000e+00	  1.4998e-01	  0.0000e+00	
  7.0900e+00	  6.7387e-03	  4.3376e-04	  8.4413e-03	  1.8506e-03	  1.7484e-06	  1.6062e-02	  1.2509e-03	  5.3200e-04	  6.3148e-04	  5.1496e+03	  0.0000e+00	  1.4998e-01	  0.0000e+00	
  7.0899e+00	  6.7396e-03	  4.3379e-04	  8.4425e-03	  1.8508e-03	  1.7492e-06	  1.6065e-02	  1.2513e-03	  5.3203e-04	  6.3168e-04	  5.1505e+03	  0.0000e+00	  1.4998e-01	  0.0000e+00	
  7.0897e+00	  6.7405e-03	  4.3382e-04	  8.4437e-03	  1.8511e-03	  1.7499e-06	  1.6069e-02	  1.2516e-03	  5.3205e-04	  6.3188e-04	  5.1513e+03	  0.0000e+00	  1.4998e-01	  0.0000e+00	
  7.0896e+00	  6.7413e-03	  4.3385e-04	  8.4448e-03	  1.8514e-03	  1.7507e-06	  1.6072e-02	  1.2519e-03	  5.3208e-04	  6.3206e-04	  5.1521e+03	  0.0000e+00	  1.4998e-01	  0.0000e+00	
  7.0894e+00	  6.7422e-03	  4.3388e-04	  8.4459e-03	  1.8516e-03	  1.7514e-06	  1.6075e-02	  1.2522e-03	  5.3211e-04	  6.3225e-04	  5.1528e+03	  0.0000e+00	  1.4998e-01	  0.0000e+00	
  7.0893e+00	  6.7430e-03	  4.3391e-04	  8.4469e-03	  1.8518e-03	  1.7520e-06	  1.6078e-02	  1.2525e-03	  5.3214e-04	  6.3242e-04	  5.1536e+03	  0.0000e+00	  1.4998e-01	  0.0000e+00	
  7.0892e+00	  6.7438e-03	  4.3394e-04	  8.4479e-03	  1.8521e-03	  1.7527e-06	  1.6081e-02	  1.2528e-03	  5.3216e-04	  6.3259e-04	  5.1543e+03	  0.0000e+00	  1.4998e-01	  0.0000e+00	
  7.0891e+00	  6.7445e-03	  4.3396e-04	  8.4489e-03	  1.8523e-03	  1.7533e-06	  1.6083e-02	  1.2531e-03	  5.3219e-04	  6.3275e-04	  5.1550e+03	  0.0000e+00	  1.4998e-01	  0.0000e+00	
  7.0889e+00	  6.7452e-03	  4.3399e-04	  8.4498e-03	  1.8525e-03	  1.7539e-06	  1.6086e-02	  1.2534e-03	  5.3221e-04	  6.3291e-04	  5.1556e+03	  0.0000e+00	  1.4998e-01	  0.0000e+00	
  7.0888e+00	  6.7459e-03	  4.3401e-04	  8.4507e-03	  1.8527e-03	  1.7545e-06	  1.6089e-02	  1.2537e-03	  5.3223e-04	  6.3306e-04	  5.1563e+03	  0.0000e+00	  1.4998e-01	  0.0000e+00	
  7.0887e+00	  6.7466e-03	  4.3404e-04	  8.4516e-03	  1.8529e-03	  1.7551e-06	  1.6091e-02	  1.2539e-03	  5.3225e-04	  6.3321e-04	  5.1569e+03	  0.0000e+00	  1.4998e-01	  0.0000e+00	
  7.0886e+00	  6.7472e-03	  4.3406e-04	  8.4525e-03	  1.8531e-03	  1.7556e-06	  1.6093e-02	  1.2542e-03	  5.3228e-04	  6.3335e-04	  5.1575e+03	  0.0000e+00	  1.4998e-01	  0.0000e+00	
  7.0885e+00	  6.7479e-03	  4.3408e-04	  8.4533e-03	  1.8533e-03	  1.7562e-06	  1.6096e-02	  1.2544e-03	  5.3230e-04	  6.3348e-04	  5.1581e+03	  0.0000e+00	  1.4998e-01	  0.0000e+00	
  7.0884e+00	  6.7485e-03	  4.3410e-04	  8.4541e-03	  1.8534e-03	  1.7567e-06	  1.6098e-02	  1.2547e-03	  5.3232e-04	  6.3362e-04	  5.1586e+03	  0.0000e+00	  1.4998e-01	  0.0000e+00	
  7.0883e+00	  6.7491e-03	  4.3412e-04	  8.4548e-03	  1.8536e-03	  1.7572e-06	  1.6100e-02	  1.2549e-03	  5.3234e-04	  6.3374e-04	  5.1592e+03	  0.0000e+00	  1.4998e-01	  0.0000e+00	
  7.0882e+00	  6.7496e-03	  4.3414e-04	  8.4556e-03	  1.8538e-03	  1.7577e-06	  1.6102e-02	  1.2551e-03	  5.3235e-04	  6.3387e-04	  5.1597e+03	  0.0000e+00	  1.4998e-01	  0.0000e+00	
  7.0881e+00	  6.7502e-03	  4.3416e-04	  8.4563e-03	  1.8539e-03	  1.7581e-06	  1.6104e-02	  1.2553e-03	  5.3237e-04	  6.3398e-04	  5.1602e+03	  0.0000e+00	  1.4998e-01	  0.0000e+00	
  7.0880e+00	  6.7507e-03	  4.3418e-04	  8.4570e-03	  1.8541e-03	  1.7586e-06	  1.6106e-02	  1.2555e-03	  5.3239e-04	  6.3410e-04	  5.1607e+03	  0.0000e+00	  1.4998e-01	  0.0000e+00	
  7.0879e+00	  6.7512e-03	  4.3420e-04	  8.4576e-03	  1.8542e-03	  1.7590e-06	  1.6108e-02	  1.2557e-03	  5.3241e-04	  6.3421e-04	  5.1612e+03	  0.0000e+00	  1.4998e-01	  0.0000e+00	
  7.0879e+00	  6.7517e-03	  4.3422e-04	  8.4583e-03	  1.8544e-03	  1.7594e-06	  1.6110e-02	  1.2559e-03	  5.3242e-04	  6.3432e-04	  5.1616e+03	  0.0000e+00	  1.4998e-01	  0.0000e+00	
  7.0878e+00	  6.7522e-03	  4.3423e-04	  8.4589e-03	  1.8545e-03	  1.7598e-06	  1.6112e-02	  1.2561e-03	  5.3244e-04	  6.3442e-04	  5.1620e+03	  0.0000e+00	  1.4998e-01	  0.0000e+00	
  7.0877e+00	  6.7526e-03	  4.3425e-04	  8.4595e-03	  1.8547e-03	  1.7602e-06	  1.6113e-02	  1.2562e-03	  5.3245e-04	  6.3452e-04	  5.1625e+03	  0.0000e+00	  1.4998e-01	  0.0000e+00	
  7.0876e+00	  6.7531e-03	  4.3427e-04	  8.4601e-03	  1.8548e-03	  1.7606e-06	  1.6115e-02	  1.2564e-03	  5.3247e-04	  6.3461e-04	  5.1629e+03	  0.0000e+00	  1.4998e-01	  0.0000e+00	
  7.0876e+00	  6.7535e-03	  4.3428e-04	  8.4606e-03	  1.8549e-03	  1.7610e-06	  1.6117e-02	  1.2566e-03	  5.3248e-04	  6.3471e-04	  5.1633e+03	  0.0000e+00	  1.4998e-01	  0.0000e+00	
  7.0875e+00	  6.7539e-03	  4.3429e-04	  8.4612e-03	  1.8550e-03	  1.7613e-06	  1.6118e-02	  1.2567e-03	  5.3249e-04	  6.3480e-04	  5.1636e+03	  0.0000e+00	  1.4998e-01	  0.0000e+00	
  7.0874e+00	  6.7543e-03	  4.3431e-04	  8.4617e-03	  1.8551e-03	  1.7617e-06	  1.6120e-02	  1.2569e-03	  5.3251e-04	  6.3488e-04	  5.1640e+03	  0.0000e+00	  1.4998e-01	  0.0000e+00	
  7.0874e+00	  6.7547e-03	  4.3432e-04	  8.4622e-03	  1.8553e-03	  1.7620e-06	  1.6121e-02	  1.2570e-03	  5.3252e-04	  6.3497e-04	  5.1644e+03	  0.0000e+00	  1.4998e-01	  0.0000e+00	
  7.0873e+00	  6.7551e-03	  4.3433e-04	  8.4627e-03	  1.8554e-03	  1.7623e-06	  1.6122e-02	  1.2572e-03	  5.3253e-04	  6.3505e-04	  5.1647e+03	  0.0000e+00	  1.4998e-01	  0.0000e+00	
  7.0872e+00	  6.7554e-03	  4.3435e-04	  8.4631e-03	  1.8555e-03	  1.7626e-06	  1.6124e-02	  1.2573e-03	  5.3254e-04	  6.3513e-04	  5.1650e+03	  0.0000e+00	  1.4998e-01	  0.0000e+00	
  7.0872e+00	  6.7558e-03	  4.3436e-04	  8.4636e-03	  1.8556e-03	  1.7629e-06	  1.6125e-02	  1.2574e-03	  5.3256e-04	  6.3520e-04	  5.1653e+03	  0.0000e+00	  1.4998e-01	  0.0000e+00	
  7.0871e+00	  6.7561e-03	  4.3437e-04	  8.4640e-03	  1.8557e-03	  1.7632e-06	  1.6126e-02	  1.2576e-03	  5.3257e-04	  6.3527e-04	  5.1657e+03	  0.0000e+00	  1.4998e-01	  0.0000e+00	
  7.0871e+00	  6.7564e-03	  4.3438e-04	  8.4644e-03	  1.8558e-03	  1.7635e-06	  1.6127e-02	  1.2577e-03	  5.3258e-04	  6.3534e-04	  5.1660e+03	  0.0000e+00	  1.4998e-01	  0.0000e+00	
  7.0870e+00	  6.7567e-03	  4.3439e-04	  8.4648e-03	  1.8559e-03	  1.7637e-06	  1.6129e-02	  1.2578e-03	  5.3259e-04	  6.3541e-04	  5.1662e+03	  0.0000e+00	  1.4998e-01	  0.0000e+00	
  7.0870e+00	  6.7570e-03	  4.3440e-04	  8.4652e-03	  1.8559e-03	  1.7640e-06	  1.6130e-02	  1.2579e-03	  5.3260e-04	  6.3548e-04	  5.1665e+03	  0.0000e+00	  1.4998e-01	  0.0000e+00	
  7.0869e+00	  6.7573e-03	  4.3441e-04	  8.4656e-03	  1.8560e-03	  1.7642e-06	  1.6131e-02	  1.2580e-03	  5.3261e-04	  6.3554e-04	  5.1668e+03	  0.0000e+00	  1.4998e-01	  0.0000e+00	
  7.0869e+00	  6.7576e-03	  4.3442e-04	  8.4660e-03	  1.8561e-03	  1.7645e-06	  1.6132e-02	  1.2581e-03	  5.3262e-04	  6.3560e-04	  5.1670e+03	  0.0000e+00	  1.4998e-01	  0.0000e+00	
  7.0868e+00	  6.7579e-03	  4.3443e-04	  8.4663e-03	  1.8562e-03	  1.7647e-06	  1.6133e-02	  1.2582e-03	  5.3262e-04	  6.3566e-04	  5.1673e+03	  0.0000e+00	  1.4998e-01	  0.0000e+00	
  7.0868e+00	  6.7581e-03	  4.3444e-04	  8.4667e-03	  1.8563e-03	  1.7649e-06	  1.6134e-02	  1.2583e-03	  5.3263e-04	  6.3572e-04	  5.1675e+03	  0.0000e+00	  1.4998e-01	  0.0000e+00	
  7.0868e+00	  6.7584e-03	  4.3445e-04	  8.4670e-03	  1.8563e-03	  1.7651e-06	  1.6135e-02	  1.2584e-03	  5.3264e-04	  6.3577e-04	  5.1678e+03	  0.0000e+00	  1.4998e-01	  0.0000e+00	
  7.0867e+00	  6.7586e-03	  4.3446e-04	  8.4673e-03	  1.8564e-03	  1.7653e-06	  1.6136e-02	  1.2585e-03	  5.3265e-04	  6.3583e-04	  5.1680e+03	  0.0000e+00	  1.4998e-01	  0.0000e+00	
  7.0867e+00	  6.7589e-03	  4.3447e-04	  8.4676e-03	  1.8565e-03	  1.7655e-06	  1.6137e-02	  1.2586e-03	  5.3266e-04	  6.3588e-04	  5.1682e+03	  0.0000e+00	  1.4998e-01	  0.0000e+00	
  7.0866e+00	  6.7591e-03	  4.3448e-04	  8.4679e-03	  1.8565e-03	  1.7657e-06	  1.6137e-02	  1.2587e-03	  5.3266e-04	  6.3593e-04	  5.1684e+03	  0.0000e+00	  1.4998e-01	  0.0000e+00	
  7.0866e+00	  6.7593e-03	  4.3448e-04	  8.4682e-03	  1.8566e-03	  1.7659e-06	  1.6138e-02	  1.2588e-03	  5.3267e-04	  6.3597e-04	  5.1686e+03	  0.0000e+00	  1.4998e-01	  0.0000e+00	
  7.0866e+00	  6.7595e-03	  4.3449e-04	  8.4685e-03	  1.8567e-03	  1.7661e-06	  1.6139e-02	  1.2589e-03	  5.3268e-04	  6.3602e-04	  5.1688e+03	  0.0000e+00	  1.4998e-01	  0.0000e+00	
  7.0865e+00	  6.7597e-03	  4.3450e-04	  8.4687e-03	  1.8567e-03	  1.7663e-06	  1.6140e-02	  1.2590e-03	  5.3268e-04	  6.3606e-04	  5.1690e+03	  0.0000e+00	  1.4998e-01	  0.0000e+00	
  7.0865e+00	  6.7599e-03	  4.3451e-04	  8.4690e-03	  1.8568e-03	  1.7665e-06	  1.6140e-02	  1.2590e-03	  5.3269e-04	  6.3611e-04	  5.1692e+03	  0.0000e+00	  1.4998e-01	  0.0000e+00	
  7.0865e+00	  6.7601e-03	  4.3451e-04	  8.4692e-03	  1.8568e-03	  1.7666e-06	  1.6141e-02	  1.2591e-03	  5.3270e-04	  6.3615e-04	  5.1694e+03	  0.0000e+00	  1.4998e-01	  0.0000e+00	
  7.0864e+00	  6.7603e-03	  4.3452e-04	  8.4695e-03	  1.8569e-03	  1.7668e-06	  1.6142e-02	  1.2592e-03	  5.3270e-04	  6.3619e-04	  5.1695e+03	  0.0000e+00	  1.4998e-01	  0.0000e+00	
  7.0864e+00	  6.7605e-03	  4.3452e-04	  8.4697e-03	  1.8569e-03	  1.7669e-06	  1.6142e-02	  1.2592e-03	  5.3271e-04	  6.3623e-04	  5.1697e+03	  0.0000e+00	  1.4998e-01	  0.0000e+00	
  7.0864e+00	  6.7607e-03	  4.3453e-04	  8.4699e-03	  1.8570e-03	  1.7671e-06	  1.6143e-02	  1.2593e-03	  5.3271e-04	  6.3626e-04	  5.1698e+03	  0.0000e+00	  1.4998e-01	  0.0000e+00	
  7.0863e+00	  6.7608e-03	  4.3454e-04	  8.4701e-03	  1.8570e-03	  1.7672e-06	  1.6144e-02	  1.2594e-03	  5.3272e-04	  6.3630e-04	  5.1700e+03	  0.0000e+00	  1.4998e-01	  0.0000e+00	
  7.0863e+00	  6.7610e-03	  4.3454e-04	  8.4703e-03	  1.8571e-03	  1.7674e-06	  1.6144e-02	  1.2594e-03	  5.3272e-04	  6.3634e-04	  5.1701e+03	  0.0000e+00	  1.4998e-01	  0.0000e+00	
  7.0863e+00	  6.7611e-03	  4.3455e-04	  8.4705e-03	  1.8571e-03	  1.7675e-06	  1.6145e-02	  1.2595e-03	  5.3273e-04	  6.3637e-04	  5.1703e+03	  0.0000e+00	  1.4998e-01	  0.0000e+00	
  7.0863e+00	  6.7613e-03	  4.3455e-04	  8.4707e-03	  1.8572e-03	  1.7676e-06	  1.6145e-02	  1.2596e-03	  5.3273e-04	  6.3640e-04	  5.1704e+03	  0.0000e+00	  1.4998e-01	  0.0000e+00	
  7.0862e+00	  6.7614e-03	  4.3456e-04	  8.4709e-03	  1.8572e-03	  1.7677e-06	  1.6146e-02	  1.2596e-03	  5.3274e-04	  6.3643e-04	  5.1706e+03	  0.0000e+00	  1.4998e-01	  0.0000e+00	
  7.0862e+00	  6.7616e-03	  4.3456e-04	  8.4711e-03	  1.8573e-03	  1.7679e-06	  1.6146e-02	  1.2597e-03	  5.3274e-04	  6.3646e-04	  5.1707e+03	  0.0000e+00	  1.4998e-01	  0.0000e+00	
  7.0862e+00	  6.7617e-03	  4.3457e-04	  8.4713e-03	  1.8573e-03	  1.7680e-06	  1.6147e-02	  1.2597e-03	  5.3275e-04	  6.3649e-04	  5.1708e+03	  0.0000e+00	  1.4998e-01	  0.0000e+00	
  7.0862e+00	  6.7618e-03	  4.3457e-04	  8.4714e-03	  1.8573e-03	  1.7681e-06	  1.6147e-02	  1.2598e-03	  5.3275e-04	  6.3652e-04	  5.1709e+03	  0.0000e+00	  1.4998e-01	  0.0000e+00	
  7.0862e+00	  6.7620e-03	  4.3458e-04	  8.4716e-03	  1.8574e-03	  1.7682e-06	  1.6148e-02	  1.2598e-03	  5.3276e-04	  6.3655e-04	  5.1710e+03	  0.0000e+00	  1.4998e-01	  0.0000e+00	
  7.0861e+00	  6.7621e-03	  4.3458e-04	  8.4718e-03	  1.8574e-03	  1.7683e-06	  1.6148e-02	  1.2599e-03	  5.3276e-04	  6.3657e-04	  5.1712e+03	  0.0000e+00	  1.4998e-01	  0.0000e+00	
  7.0861e+00	  6.7622e-03	  4.3458e-04	  8.4719e-03	  1.8574e-03	  1.7684e-06	  1.6149e-02	  1.2599e-03	  5.3276e-04	  6.3660e-04	  5.1713e+03	  0.0000e+00	  1.4998e-01	  0.0000e+00	
  7.0861e+00	  6.7623e-03	  4.3459e-04	  8.4721e-03	  1.8575e-03	  1.7685e-06	  1.6149e-02	  1.2599e-03	  5.3277e-04	  6.3662e-04	  5.1714e+03	  0.0000e+00	  1.4998e-01	  0.0000e+00	
  7.0861e+00	  6.7624e-03	  4.3459e-04	  8.4722e-03	  1.8575e-03	  1.7686e-06	  1.6150e-02	  1.2600e-03	  5.3277e-04	  6.3665e-04	  5.1715e+03	  0.0000e+00	  1.4998e-01	  0.0000e+00	
  7.0861e+00	  6.7625e-03	  4.3460e-04	  8.4723e-03	  1.8575e-03	  1.7687e-06	  1.6150e-02	  1.2600e-03	  5.3277e-04	  6.3667e-04	  5.1716e+03	  0.0000e+00	  1.4998e-01	  0.0000e+00	
  7.0861e+00	  6.7626e-03	  4.3460e-04	  8.4725e-03	  1.8576e-03	  1.7688e-06	  1.6150e-02	  1.2601e-03	  5.3278e-04	  6.3669e-04	  5.1717e+03	  0.0000e+00	  1.4998e-01	  0.0000e+00	
  7.0860e+00	  6.7627e-03	  4.3460e-04	  8.4726e-03	  1.8576e-03	  1.7688e-06	  1.6151e-02	  1.2601e-03	  5.3278e-04	  6.3671e-04	  5.1717e+03	  0.0000e+00	  1.4998e-01	  0.0000e+00	
  7.0860e+00	  6.7628e-03	  4.3461e-04	  8.4727e-03	  1.8576e-03	  1.7689e-06	  1.6151e-02	  1.2601e-03	  5.3278e-04	  6.3674e-04	  5.1718e+03	  0.0000e+00	  1.4998e-01	  0.0000e+00	
  7.0860e+00	  6.7629e-03	  4.3461e-04	  8.4728e-03	  1.8577e-03	  1.7690e-06	  1.6151e-02	  1.2602e-03	  5.3279e-04	  6.3676e-04	  5.1719e+03	  0.0000e+00	  1.4998e-01	  0.0000e+00	
  7.0860e+00	  6.7630e-03	  4.3461e-04	  8.4729e-03	  1.8577e-03	  1.7691e-06	  1.6152e-02	  1.2602e-03	  5.3279e-04	  6.3677e-04	  5.1720e+03	  0.0000e+00	  1.4998e-01	  0.0000e+00	
  7.0860e+00	  6.7631e-03	  4.3461e-04	  8.4731e-03	  1.8577e-03	  1.7692e-06	  1.6152e-02	  1.2602e-03	  5.3279e-04	  6.3679e-04	  5.1721e+03	  0.0000e+00	  1.4998e-01	  0.0000e+00	
