          pH	          Na	           K	          Ca	          Mg	         PO4	          Cl	         SO4	         NH4	        HCO3	          sc	         FeS	      Pyrite	     Calcite	       CaPO4	      Fe3PO4	     CaMgCO3	
  6.6644e+00	  4.1755e-03	  3.3043e-04	  4.8964e-03	  1.0614e-03	  4.1174e-05	  6.0679e-03	  1.8024e-04	  4.2255e-04	  9.0118e-06	  2.5751e+03	  0.0000e+00	  0.0000e+00	  0.0000e+00	  0.0000e+00	  0.0000e+00	  0.0000e+00	
  6.6644e+00	  4.1755e-03	  3.3043e-04	  4.8964e-03	  1.0614e-03	  4.1174e-05	  6.0679e-03	  1.8024e-04	  4.2255e-04	  9.0118e-06	  2.5751e+03	  0.0000e+00	  0.0000e+00	  0.0000e+00	  0.0000e+00	  0.0000e+00	  0.0000e+00	
  6.6283e+00	  4.2888e-03	  3.3841e-04	  5.0352e-03	  1.1165e-03	  1.7918e-05	  6.4705e-03	  2.2842e-04	  4.3261e-04	  7.6712e-05	  2.7037e+03	  0.0000e+00	  1.4999e-01	  0.0000e+00	  2.9119e-01	  6.3473e-02	  0.0000e+00	
  6.6208e+00	  4.3509e-03	  3.4227e-04	  5.1627e-03	  1.1451e-03	  1.8057e-05	  6.8690e-03	  2.7510e-04	  4.3735e-04	  9.8331e-05	  2.8033e+03	  0.0000e+00	  1.4999e-01	  0.0000e+00	  2.9138e-01	  6.3178e-02	  0.0000e+00	
  6.6136e+00	  4.4105e-03	  3.4596e-04	  5.2859e-03	  1.1728e-03	  1.8195e-05	  7.2502e-03	  3.1943e-04	  4.4187e-04	  1.1902e-04	  2.8986e+03	  0.0000e+00	  1.4999e-01	  0.0000e+00	  2.9157e-01	  6.2896e-02	  0.0000e+00	
  6.6068e+00	  4.4679e-03	  3.4948e-04	  5.4048e-03	  1.1994e-03	  1.8332e-05	  7.6153e-03	  3.6158e-04	  4.4618e-04	  1.3884e-04	  2.9897e+03	  0.0000e+00	  1.4999e-01	  0.0000e+00	  2.9175e-01	  6.2628e-02	  0.0000e+00	
  6.6003e+00	  4.5230e-03	  3.5285e-04	  5.5196e-03	  1.2252e-03	  1.8468e-05	  7.9650e-03	  4.0173e-04	  4.5030e-04	  1.5783e-04	  3.0769e+03	  0.0000e+00	  1.4999e-01	  0.0000e+00	  2.9191e-01	  6.2372e-02	  0.0000e+00	
  6.5941e+00	  4.5761e-03	  3.5607e-04	  5.6304e-03	  1.2501e-03	  1.8602e-05	  8.3002e-03	  4.3999e-04	  4.5422e-04	  1.7605e-04	  3.1604e+03	  0.0000e+00	  1.4999e-01	  0.0000e+00	  2.9208e-01	  6.2127e-02	  0.0000e+00	
  6.5882e+00	  4.6271e-03	  3.5915e-04	  5.7375e-03	  1.2741e-03	  1.8733e-05	  8.6217e-03	  4.7650e-04	  4.5798e-04	  1.9352e-04	  3.2405e+03	  0.0000e+00	  1.4999e-01	  0.0000e+00	  2.9223e-01	  6.1894e-02	  0.0000e+00	
  6.5826e+00	  4.6763e-03	  3.6209e-04	  5.8408e-03	  1.2973e-03	  1.8863e-05	  8.9302e-03	  5.1136e-04	  4.6156e-04	  2.1030e-04	  3.3172e+03	  0.0000e+00	  1.4999e-01	  0.0000e+00	  2.9238e-01	  6.1671e-02	  0.0000e+00	
  6.5772e+00	  4.7236e-03	  3.6492e-04	  5.9405e-03	  1.3196e-03	  1.8991e-05	  9.2264e-03	  5.4468e-04	  4.6499e-04	  2.2641e-04	  3.3909e+03	  0.0000e+00	  1.4999e-01	  0.0000e+00	  2.9252e-01	  6.1458e-02	  0.0000e+00	
  6.5721e+00	  4.7691e-03	  3.6762e-04	  6.0368e-03	  1.3412e-03	  1.9116e-05	  9.5109e-03	  5.7655e-04	  4.6827e-04	  2.4188e-04	  3.4615e+03	  0.0000e+00	  1.4999e-01	  0.0000e+00	  2.9265e-01	  6.1254e-02	  0.0000e+00	
  6.5672e+00	  4.8129e-03	  3.7021e-04	  6.1298e-03	  1.3621e-03	  1.9238e-05	  9.7841e-03	  6.0705e-04	  4.7141e-04	  2.5676e-04	  3.5294e+03	  0.0000e+00	  1.4999e-01	  0.0000e+00	  2.9278e-01	  6.1059e-02	  0.0000e+00	
  6.5625e+00	  4.8552e-03	  3.7270e-04	  6.2196e-03	  1.3822e-03	  1.9358e-05	  1.0047e-02	  6.3625e-04	  4.7442e-04	  2.7105e-04	  3.5945e+03	  0.0000e+00	  1.4999e-01	  0.0000e+00	  2.9290e-01	  6.0873e-02	  0.0000e+00	
  6.5581e+00	  4.8958e-03	  3.7508e-04	  6.3062e-03	  1.4017e-03	  1.9476e-05	  1.0299e-02	  6.6423e-04	  4.7730e-04	  2.8480e-04	  3.6571e+03	  0.0000e+00	  1.4999e-01	  0.0000e+00	  2.9302e-01	  6.0695e-02	  0.0000e+00	
  6.5538e+00	  4.9350e-03	  3.7736e-04	  6.3899e-03	  1.4204e-03	  1.9591e-05	  1.0542e-02	  6.9106e-04	  4.8006e-04	  2.9802e-04	  3.7172e+03	  0.0000e+00	  1.4999e-01	  0.0000e+00	  2.9313e-01	  6.0525e-02	  0.0000e+00	
  6.5497e+00	  4.9728e-03	  3.7956e-04	  6.4706e-03	  1.4385e-03	  1.9703e-05	  1.0775e-02	  7.1678e-04	  4.8271e-04	  3.1075e-04	  3.7750e+03	  0.0000e+00	  1.4999e-01	  0.0000e+00	  2.9324e-01	  6.0362e-02	  0.0000e+00	
  6.5458e+00	  5.0092e-03	  3.8166e-04	  6.5485e-03	  1.4560e-03	  1.9813e-05	  1.1000e-02	  7.4146e-04	  4.8525e-04	  3.2299e-04	  3.8306e+03	  0.0000e+00	  1.4999e-01	  0.0000e+00	  2.9334e-01	  6.0206e-02	  0.0000e+00	
  6.5420e+00	  5.0443e-03	  3.8368e-04	  6.6238e-03	  1.4729e-03	  1.9920e-05	  1.1216e-02	  7.6515e-04	  4.8768e-04	  3.3477e-04	  3.8840e+03	  0.0000e+00	  1.4999e-01	  0.0000e+00	  2.9344e-01	  6.0057e-02	  0.0000e+00	
  6.5384e+00	  5.0781e-03	  3.8563e-04	  6.6964e-03	  1.4892e-03	  2.0025e-05	  1.1424e-02	  7.8789e-04	  4.9002e-04	  3.4611e-04	  3.9354e+03	  0.0000e+00	  1.4999e-01	  0.0000e+00	  2.9354e-01	  5.9914e-02	  0.0000e+00	
  6.5350e+00	  5.1107e-03	  3.8749e-04	  6.7666e-03	  1.5049e-03	  2.0126e-05	  1.1624e-02	  8.0973e-04	  4.9226e-04	  3.5704e-04	  3.9849e+03	  0.0000e+00	  1.4999e-01	  0.0000e+00	  2.9363e-01	  5.9777e-02	  0.0000e+00	
  6.5317e+00	  5.1421e-03	  3.8928e-04	  6.8343e-03	  1.5201e-03	  2.0226e-05	  1.1817e-02	  8.3072e-04	  4.9441e-04	  3.6756e-04	  4.0324e+03	  0.0000e+00	  1.4999e-01	  0.0000e+00	  2.9371e-01	  5.9646e-02	  0.0000e+00	
  6.5285e+00	  5.1724e-03	  3.9101e-04	  6.8996e-03	  1.5348e-03	  2.0322e-05	  1.2003e-02	  8.5089e-04	  4.9648e-04	  3.7769e-04	  4.0782e+03	  0.0000e+00	  1.4999e-01	  0.0000e+00	  2.9379e-01	  5.9520e-02	  0.0000e+00	
  6.5255e+00	  5.2016e-03	  3.9266e-04	  6.9627e-03	  1.5489e-03	  2.0416e-05	  1.2182e-02	  8.7028e-04	  4.9846e-04	  3.8745e-04	  4.1223e+03	  0.0000e+00	  1.4999e-01	  0.0000e+00	  2.9387e-01	  5.9400e-02	  0.0000e+00	
  6.5225e+00	  5.2298e-03	  3.9425e-04	  7.0236e-03	  1.5626e-03	  2.0508e-05	  1.2354e-02	  8.8892e-04	  5.0037e-04	  3.9685e-04	  4.1647e+03	  0.0000e+00	  1.4999e-01	  0.0000e+00	  2.9395e-01	  5.9284e-02	  0.0000e+00	
  6.5197e+00	  5.2569e-03	  3.9579e-04	  7.0824e-03	  1.5758e-03	  2.0597e-05	  1.2520e-02	  9.0685e-04	  5.0220e-04	  4.0591e-04	  4.2056e+03	  0.0000e+00	  1.4999e-01	  0.0000e+00	  2.9402e-01	  5.9173e-02	  0.0000e+00	
  6.5170e+00	  5.2831e-03	  3.9726e-04	  7.1392e-03	  1.5885e-03	  2.0684e-05	  1.2680e-02	  9.2410e-04	  5.0397e-04	  4.1464e-04	  4.2449e+03	  0.0000e+00	  1.4999e-01	  0.0000e+00	  2.9409e-01	  5.9067e-02	  0.0000e+00	
  6.5144e+00	  5.3084e-03	  3.9867e-04	  7.1940e-03	  1.6008e-03	  2.0768e-05	  1.2834e-02	  9.4069e-04	  5.0566e-04	  4.2305e-04	  4.2828e+03	  0.0000e+00	  1.4999e-01	  0.0000e+00	  2.9416e-01	  5.8965e-02	  0.0000e+00	
  6.5120e+00	  5.3328e-03	  4.0004e-04	  7.2469e-03	  1.6127e-03	  2.0850e-05	  1.2982e-02	  9.5666e-04	  5.0729e-04	  4.3116e-04	  4.3193e+03	  0.0000e+00	  1.4999e-01	  0.0000e+00	  2.9423e-01	  5.8866e-02	  0.0000e+00	
  6.5096e+00	  5.3563e-03	  4.0135e-04	  7.2980e-03	  1.6242e-03	  2.0929e-05	  1.3125e-02	  9.7203e-04	  5.0885e-04	  4.3898e-04	  4.3545e+03	  0.0000e+00	  1.4999e-01	  0.0000e+00	  2.9429e-01	  5.8772e-02	  0.0000e+00	
  6.5073e+00	  5.3790e-03	  4.0261e-04	  7.3473e-03	  1.6352e-03	  2.1006e-05	  1.3263e-02	  9.8683e-04	  5.1036e-04	  4.4651e-04	  4.3883e+03	  0.0000e+00	  1.4999e-01	  0.0000e+00	  2.9435e-01	  5.8682e-02	  0.0000e+00	
  6.5051e+00	  5.4009e-03	  4.0383e-04	  7.3949e-03	  1.6459e-03	  2.1081e-05	  1.3396e-02	  1.0011e-03	  5.1181e-04	  4.5378e-04	  4.4210e+03	  0.0000e+00	  1.4999e-01	  0.0000e+00	  2.9440e-01	  5.8595e-02	  0.0000e+00	
  6.5029e+00	  5.4220e-03	  4.0500e-04	  7.4409e-03	  1.6562e-03	  2.1154e-05	  1.3524e-02	  1.0148e-03	  5.1320e-04	  4.6078e-04	  4.4524e+03	  0.0000e+00	  1.4999e-01	  0.0000e+00	  2.9446e-01	  5.8512e-02	  0.0000e+00	
  6.5009e+00	  5.4424e-03	  4.0612e-04	  7.4853e-03	  1.6662e-03	  2.1225e-05	  1.3648e-02	  1.0280e-03	  5.1454e-04	  4.6754e-04	  4.4827e+03	  0.0000e+00	  1.4999e-01	  0.0000e+00	  2.9451e-01	  5.8432e-02	  0.0000e+00	
  6.4989e+00	  5.4620e-03	  4.0721e-04	  7.5281e-03	  1.6758e-03	  2.1293e-05	  1.3767e-02	  1.0407e-03	  5.1583e-04	  4.7405e-04	  4.5119e+03	  0.0000e+00	  1.4999e-01	  0.0000e+00	  2.9456e-01	  5.8355e-02	  0.0000e+00	
  6.4971e+00	  5.4810e-03	  4.0825e-04	  7.5695e-03	  1.6851e-03	  2.1360e-05	  1.3881e-02	  1.0530e-03	  5.1707e-04	  4.8033e-04	  4.5401e+03	  0.0000e+00	  1.4999e-01	  0.0000e+00	  2.9461e-01	  5.8281e-02	  0.0000e+00	
  6.4952e+00	  5.4993e-03	  4.0926e-04	  7.6094e-03	  1.6940e-03	  2.1425e-05	  1.3992e-02	  1.0648e-03	  5.1827e-04	  4.8639e-04	  4.5672e+03	  0.0000e+00	  1.4999e-01	  0.0000e+00	  2.9466e-01	  5.8210e-02	  0.0000e+00	
  6.4935e+00	  5.5169e-03	  4.1023e-04	  7.6480e-03	  1.7027e-03	  2.1487e-05	  1.4099e-02	  1.0762e-03	  5.1942e-04	  4.9223e-04	  4.5934e+03	  0.0000e+00	  1.4999e-01	  0.0000e+00	  2.9470e-01	  5.8142e-02	  0.0000e+00	
  6.4918e+00	  5.5340e-03	  4.1116e-04	  7.6852e-03	  1.7110e-03	  2.1548e-05	  1.4202e-02	  1.0871e-03	  5.2053e-04	  4.9787e-04	  4.6186e+03	  0.0000e+00	  1.4999e-01	  0.0000e+00	  2.9475e-01	  5.8076e-02	  0.0000e+00	
  6.4902e+00	  5.5504e-03	  4.1206e-04	  7.7211e-03	  1.7191e-03	  2.1607e-05	  1.4301e-02	  1.0977e-03	  5.2160e-04	  5.0331e-04	  4.6429e+03	  0.0000e+00	  1.4999e-01	  0.0000e+00	  2.9479e-01	  5.8013e-02	  0.0000e+00	
  6.4886e+00	  5.5663e-03	  4.1293e-04	  7.7558e-03	  1.7269e-03	  2.1664e-05	  1.4397e-02	  1.1079e-03	  5.2262e-04	  5.0855e-04	  4.6664e+03	  0.0000e+00	  1.4999e-01	  0.0000e+00	  2.9483e-01	  5.7952e-02	  0.0000e+00	
  6.4871e+00	  5.5816e-03	  4.1376e-04	  7.7893e-03	  1.7344e-03	  2.1719e-05	  1.4489e-02	  1.1177e-03	  5.2361e-04	  5.1361e-04	  4.6890e+03	  0.0000e+00	  1.4999e-01	  0.0000e+00	  2.9486e-01	  5.7893e-02	  0.0000e+00	
  6.4857e+00	  5.5964e-03	  4.1457e-04	  7.8216e-03	  1.7416e-03	  2.1773e-05	  1.4579e-02	  1.1272e-03	  5.2457e-04	  5.1849e-04	  4.7108e+03	  0.0000e+00	  1.4999e-01	  0.0000e+00	  2.9490e-01	  5.7837e-02	  0.0000e+00	
  6.4843e+00	  5.6107e-03	  4.1534e-04	  7.8529e-03	  1.7486e-03	  2.1824e-05	  1.4665e-02	  1.1363e-03	  5.2549e-04	  5.2320e-04	  4.7318e+03	  0.0000e+00	  1.4999e-01	  0.0000e+00	  2.9494e-01	  5.7783e-02	  0.0000e+00	
  6.4829e+00	  5.6244e-03	  4.1609e-04	  7.8830e-03	  1.7554e-03	  2.1875e-05	  1.4748e-02	  1.1451e-03	  5.2637e-04	  5.2774e-04	  4.7521e+03	  0.0000e+00	  1.4999e-01	  0.0000e+00	  2.9497e-01	  5.7731e-02	  0.0000e+00	
  6.4816e+00	  5.6377e-03	  4.1681e-04	  7.9121e-03	  1.7619e-03	  2.1923e-05	  1.4828e-02	  1.1535e-03	  5.2723e-04	  5.3212e-04	  4.7717e+03	  0.0000e+00	  1.4999e-01	  0.0000e+00	  2.9500e-01	  5.7681e-02	  0.0000e+00	
  6.4804e+00	  5.6505e-03	  4.1750e-04	  7.9402e-03	  1.7682e-03	  2.1971e-05	  1.4905e-02	  1.1617e-03	  5.2805e-04	  5.3635e-04	  4.7905e+03	  0.0000e+00	  1.4999e-01	  0.0000e+00	  2.9504e-01	  5.7633e-02	  0.0000e+00	
  6.4792e+00	  5.6629e-03	  4.1817e-04	  7.9673e-03	  1.7743e-03	  2.2016e-05	  1.4979e-02	  1.1696e-03	  5.2884e-04	  5.4043e-04	  4.8087e+03	  0.0000e+00	  1.4999e-01	  0.0000e+00	  2.9507e-01	  5.7586e-02	  0.0000e+00	
  6.4781e+00	  5.6749e-03	  4.1882e-04	  7.9935e-03	  1.7802e-03	  2.2060e-05	  1.5051e-02	  1.1772e-03	  5.2960e-04	  5.4437e-04	  4.8263e+03	  0.0000e+00	  1.4999e-01	  0.0000e+00	  2.9510e-01	  5.7542e-02	  0.0000e+00	
  6.4769e+00	  5.6864e-03	  4.1944e-04	  8.0188e-03	  1.7859e-03	  2.2103e-05	  1.5120e-02	  1.1845e-03	  5.3034e-04	  5.4816e-04	  4.8432e+03	  0.0000e+00	  1.4999e-01	  0.0000e+00	  2.9512e-01	  5.7499e-02	  0.0000e+00	
  6.4759e+00	  5.6975e-03	  4.2004e-04	  8.0432e-03	  1.7913e-03	  2.2145e-05	  1.5187e-02	  1.1916e-03	  5.3105e-04	  5.5183e-04	  4.8595e+03	  0.0000e+00	  1.4999e-01	  0.0000e+00	  2.9515e-01	  5.7457e-02	  0.0000e+00	
  6.4748e+00	  5.7083e-03	  4.2062e-04	  8.0668e-03	  1.7966e-03	  2.2185e-05	  1.5252e-02	  1.1984e-03	  5.3173e-04	  5.5537e-04	  4.8753e+03	  0.0000e+00	  1.4999e-01	  0.0000e+00	  2.9518e-01	  5.7417e-02	  0.0000e+00	
  6.4738e+00	  5.7186e-03	  4.2118e-04	  8.0896e-03	  1.8017e-03	  2.2224e-05	  1.5314e-02	  1.2050e-03	  5.3239e-04	  5.5878e-04	  4.8905e+03	  0.0000e+00	  1.4999e-01	  0.0000e+00	  2.9520e-01	  5.7379e-02	  0.0000e+00	
  6.4729e+00	  5.7286e-03	  4.2171e-04	  8.1115e-03	  1.8067e-03	  2.2261e-05	  1.5374e-02	  1.2113e-03	  5.3302e-04	  5.6208e-04	  4.9052e+03	  0.0000e+00	  1.4999e-01	  0.0000e+00	  2.9523e-01	  5.7342e-02	  0.0000e+00	
  6.4720e+00	  5.7383e-03	  4.2223e-04	  8.1328e-03	  1.8114e-03	  2.2298e-05	  1.5432e-02	  1.2175e-03	  5.3364e-04	  5.6526e-04	  4.9193e+03	  0.0000e+00	  1.4999e-01	  0.0000e+00	  2.9525e-01	  5.7306e-02	  0.0000e+00	
  6.4711e+00	  5.7476e-03	  4.2273e-04	  8.1532e-03	  1.8160e-03	  2.2333e-05	  1.5488e-02	  1.2234e-03	  5.3423e-04	  5.6832e-04	  4.9330e+03	  0.0000e+00	  1.4999e-01	  0.0000e+00	  2.9527e-01	  5.7272e-02	  0.0000e+00	
  6.4702e+00	  5.7566e-03	  4.2322e-04	  8.1730e-03	  1.8205e-03	  2.2367e-05	  1.5542e-02	  1.2290e-03	  5.3480e-04	  5.7129e-04	  4.9461e+03	  0.0000e+00	  1.4999e-01	  0.0000e+00	  2.9529e-01	  5.7239e-02	  0.0000e+00	
  6.4694e+00	  5.7653e-03	  4.2368e-04	  8.1921e-03	  1.8247e-03	  2.2400e-05	  1.5594e-02	  1.2345e-03	  5.3534e-04	  5.7414e-04	  4.9588e+03	  0.0000e+00	  1.4999e-01	  0.0000e+00	  2.9532e-01	  5.7207e-02	  0.0000e+00	
  6.4686e+00	  5.7737e-03	  4.2413e-04	  8.2106e-03	  1.8289e-03	  2.2432e-05	  1.5645e-02	  1.2398e-03	  5.3587e-04	  5.7690e-04	  4.9711e+03	  0.0000e+00	  1.4999e-01	  0.0000e+00	  2.9534e-01	  5.7176e-02	  0.0000e+00	
  6.4678e+00	  5.7818e-03	  4.2456e-04	  8.2284e-03	  1.8329e-03	  2.2463e-05	  1.5693e-02	  1.2450e-03	  5.3638e-04	  5.7956e-04	  4.9829e+03	  0.0000e+00	  1.4999e-01	  0.0000e+00	  2.9536e-01	  5.7146e-02	  0.0000e+00	
  6.4671e+00	  5.7896e-03	  4.2498e-04	  8.2456e-03	  1.8367e-03	  2.2492e-05	  1.5740e-02	  1.2499e-03	  5.3688e-04	  5.8213e-04	  4.9944e+03	  0.0000e+00	  1.4999e-01	  0.0000e+00	  2.9537e-01	  5.7118e-02	  0.0000e+00	
  6.4663e+00	  5.7972e-03	  4.2538e-04	  8.2622e-03	  1.8405e-03	  2.2521e-05	  1.5785e-02	  1.2546e-03	  5.3735e-04	  5.8461e-04	  5.0054e+03	  0.0000e+00	  1.4999e-01	  0.0000e+00	  2.9539e-01	  5.7090e-02	  0.0000e+00	
  6.4657e+00	  5.8045e-03	  4.2577e-04	  8.2782e-03	  1.8441e-03	  2.2549e-05	  1.5829e-02	  1.2592e-03	  5.3781e-04	  5.8701e-04	  5.0160e+03	  0.0000e+00	  1.4999e-01	  0.0000e+00	  2.9541e-01	  5.7064e-02	  0.0000e+00	
  6.4650e+00	  5.8115e-03	  4.2615e-04	  8.2936e-03	  1.8475e-03	  2.2576e-05	  1.5871e-02	  1.2637e-03	  5.3825e-04	  5.8932e-04	  5.0263e+03	  0.0000e+00	  1.4999e-01	  0.0000e+00	  2.9543e-01	  5.7038e-02	  0.0000e+00	
  6.4643e+00	  5.8183e-03	  4.2651e-04	  8.3086e-03	  1.8509e-03	  2.2602e-05	  1.5912e-02	  1.2679e-03	  5.3868e-04	  5.9155e-04	  5.0362e+03	  0.0000e+00	  1.4999e-01	  0.0000e+00	  2.9544e-01	  5.7014e-02	  0.0000e+00	
  6.4637e+00	  5.8249e-03	  4.2686e-04	  8.3230e-03	  1.8541e-03	  2.2628e-05	  1.5951e-02	  1.2721e-03	  5.3909e-04	  5.9370e-04	  5.0457e+03	  0.0000e+00	  1.4999e-01	  0.0000e+00	  2.9546e-01	  5.6990e-02	  0.0000e+00	
  6.4631e+00	  5.8312e-03	  4.2720e-04	  8.3369e-03	  1.8572e-03	  2.2652e-05	  1.5989e-02	  1.2761e-03	  5.3948e-04	  5.9578e-04	  5.0550e+03	  0.0000e+00	  1.4999e-01	  0.0000e+00	  2.9547e-01	  5.6967e-02	  0.0000e+00	
  6.4626e+00	  5.8373e-03	  4.2752e-04	  8.3504e-03	  1.8603e-03	  2.2676e-05	  1.6025e-02	  1.2799e-03	  5.3987e-04	  5.9779e-04	  5.0639e+03	  0.0000e+00	  1.4999e-01	  0.0000e+00	  2.9549e-01	  5.6945e-02	  0.0000e+00	
  6.4620e+00	  5.8432e-03	  4.2783e-04	  8.3634e-03	  1.8632e-03	  2.2698e-05	  1.6061e-02	  1.2836e-03	  5.4024e-04	  5.9972e-04	  5.0725e+03	  0.0000e+00	  1.4999e-01	  0.0000e+00	  2.9550e-01	  5.6924e-02	  0.0000e+00	
  6.4615e+00	  5.8489e-03	  4.2814e-04	  8.3759e-03	  1.8660e-03	  2.2720e-05	  1.6095e-02	  1.2872e-03	  5.4059e-04	  6.0159e-04	  5.0808e+03	  0.0000e+00	  1.4999e-01	  0.0000e+00	  2.9551e-01	  5.6903e-02	  0.0000e+00	
  6.4609e+00	  5.8544e-03	  4.2843e-04	  8.3880e-03	  1.8687e-03	  2.2742e-05	  1.6128e-02	  1.2906e-03	  5.4094e-04	  6.0340e-04	  5.0888e+03	  0.0000e+00	  1.4999e-01	  0.0000e+00	  2.9553e-01	  5.6883e-02	  0.0000e+00	
  6.4604e+00	  5.8597e-03	  4.2871e-04	  8.3997e-03	  1.8713e-03	  2.2762e-05	  1.6159e-02	  1.2940e-03	  5.4127e-04	  6.0514e-04	  5.0965e+03	  0.0000e+00	  1.4999e-01	  0.0000e+00	  2.9554e-01	  5.6864e-02	  0.0000e+00	
  6.4600e+00	  5.8648e-03	  4.2898e-04	  8.4110e-03	  1.8739e-03	  2.2782e-05	  1.6190e-02	  1.2972e-03	  5.4159e-04	  6.0682e-04	  5.1039e+03	  0.0000e+00	  1.4999e-01	  0.0000e+00	  2.9555e-01	  5.6846e-02	  0.0000e+00	
  6.4595e+00	  5.8698e-03	  4.2924e-04	  8.4219e-03	  1.8763e-03	  2.2802e-05	  1.6220e-02	  1.3003e-03	  5.4189e-04	  6.0845e-04	  5.1111e+03	  0.0000e+00	  1.4999e-01	  0.0000e+00	  2.9556e-01	  5.6828e-02	  0.0000e+00	
  6.4591e+00	  5.8746e-03	  4.2950e-04	  8.4324e-03	  1.8787e-03	  2.2820e-05	  1.6248e-02	  1.3033e-03	  5.4219e-04	  6.1001e-04	  5.1181e+03	  0.0000e+00	  1.4999e-01	  0.0000e+00	  2.9558e-01	  5.6811e-02	  0.0000e+00	
  6.4586e+00	  5.8792e-03	  4.2974e-04	  8.4426e-03	  1.8809e-03	  2.2838e-05	  1.6276e-02	  1.3062e-03	  5.4248e-04	  6.1153e-04	  5.1248e+03	  0.0000e+00	  1.4999e-01	  0.0000e+00	  2.9559e-01	  5.6794e-02	  0.0000e+00	
  6.4582e+00	  5.8836e-03	  4.2998e-04	  8.4524e-03	  1.8831e-03	  2.2856e-05	  1.6302e-02	  1.3090e-03	  5.4276e-04	  6.1299e-04	  5.1313e+03	  0.0000e+00	  1.4999e-01	  0.0000e+00	  2.9560e-01	  5.6779e-02	  0.0000e+00	
  6.4578e+00	  5.8879e-03	  4.3020e-04	  8.4619e-03	  1.8853e-03	  2.2872e-05	  1.6328e-02	  1.3117e-03	  5.4302e-04	  6.1440e-04	  5.1375e+03	  0.0000e+00	  1.4999e-01	  0.0000e+00	  2.9561e-01	  5.6763e-02	  0.0000e+00	
  6.4574e+00	  5.8921e-03	  4.3042e-04	  8.4710e-03	  1.8873e-03	  2.2889e-05	  1.6353e-02	  1.3143e-03	  5.4328e-04	  6.1576e-04	  5.1436e+03	  0.0000e+00	  1.4999e-01	  0.0000e+00	  2.9562e-01	  5.6748e-02	  0.0000e+00	
  6.4570e+00	  5.8961e-03	  4.3064e-04	  8.4798e-03	  1.8893e-03	  2.2904e-05	  1.6377e-02	  1.3168e-03	  5.4353e-04	  6.1707e-04	  5.1494e+03	  0.0000e+00	  1.4999e-01	  0.0000e+00	  2.9563e-01	  5.6734e-02	  0.0000e+00	
  6.4567e+00	  5.9000e-03	  4.3084e-04	  8.4884e-03	  1.8912e-03	  2.2920e-05	  1.6400e-02	  1.3192e-03	  5.4377e-04	  6.1834e-04	  5.1550e+03	  0.0000e+00	  1.4999e-01	  0.0000e+00	  2.9563e-01	  5.6720e-02	  0.0000e+00	
  6.4563e+00	  5.9037e-03	  4.3104e-04	  8.4966e-03	  1.8931e-03	  2.2934e-05	  1.6422e-02	  1.3215e-03	  5.4400e-04	  6.1957e-04	  5.1604e+03	  0.0000e+00	  1.4999e-01	  0.0000e+00	  2.9564e-01	  5.6707e-02	  0.0000e+00	
  6.4560e+00	  5.9073e-03	  4.3123e-04	  8.5045e-03	  1.8948e-03	  2.2948e-05	  1.6444e-02	  1.3238e-03	  5.4423e-04	  6.2075e-04	  5.1657e+03	  0.0000e+00	  1.4999e-01	  0.0000e+00	  2.9565e-01	  5.6694e-02	  0.0000e+00	
  6.4557e+00	  5.9108e-03	  4.3141e-04	  8.5122e-03	  1.8966e-03	  2.2962e-05	  1.6465e-02	  1.3260e-03	  5.4444e-04	  6.2189e-04	  5.1707e+03	  0.0000e+00	  1.4999e-01	  0.0000e+00	  2.9566e-01	  5.6682e-02	  0.0000e+00	
  6.4554e+00	  5.9141e-03	  4.3159e-04	  8.5196e-03	  1.8982e-03	  2.2975e-05	  1.6485e-02	  1.3281e-03	  5.4465e-04	  6.2299e-04	  5.1756e+03	  0.0000e+00	  1.4999e-01	  0.0000e+00	  2.9567e-01	  5.6670e-02	  0.0000e+00	
  6.4550e+00	  5.9174e-03	  4.3176e-04	  8.5268e-03	  1.8998e-03	  2.2988e-05	  1.6504e-02	  1.3301e-03	  5.4485e-04	  6.2406e-04	  5.1803e+03	  0.0000e+00	  1.4999e-01	  0.0000e+00	  2.9568e-01	  5.6658e-02	  0.0000e+00	
  6.4548e+00	  5.9205e-03	  4.3193e-04	  8.5337e-03	  1.9014e-03	  2.3000e-05	  1.6523e-02	  1.3321e-03	  5.4505e-04	  6.2508e-04	  5.1849e+03	  0.0000e+00	  1.4999e-01	  0.0000e+00	  2.9568e-01	  5.6647e-02	  0.0000e+00	
  6.4545e+00	  5.9236e-03	  4.3209e-04	  8.5404e-03	  1.9029e-03	  2.3012e-05	  1.6541e-02	  1.3340e-03	  5.4523e-04	  6.2608e-04	  5.1892e+03	  0.0000e+00	  1.4999e-01	  0.0000e+00	  2.9569e-01	  5.6636e-02	  0.0000e+00	
  6.4542e+00	  5.9265e-03	  4.3224e-04	  8.5468e-03	  1.9043e-03	  2.3024e-05	  1.6558e-02	  1.3358e-03	  5.4541e-04	  6.2703e-04	  5.1935e+03	  0.0000e+00	  1.4999e-01	  0.0000e+00	  2.9570e-01	  5.6626e-02	  0.0000e+00	
  6.4539e+00	  5.9293e-03	  4.3239e-04	  8.5530e-03	  1.9057e-03	  2.3035e-05	  1.6575e-02	  1.3376e-03	  5.4559e-04	  6.2796e-04	  5.1976e+03	  0.0000e+00	  1.4999e-01	  0.0000e+00	  2.9570e-01	  5.6616e-02	  0.0000e+00	
  6.4537e+00	  5.9320e-03	  4.3253e-04	  8.5590e-03	  1.9071e-03	  2.3046e-05	  1.6591e-02	  1.3393e-03	  5.4576e-04	  6.2885e-04	  5.2015e+03	  0.0000e+00	  1.4999e-01	  0.0000e+00	  2.9571e-01	  5.6607e-02	  0.0000e+00	
  6.4534e+00	  5.9347e-03	  4.3267e-04	  8.5648e-03	  1.9084e-03	  2.3056e-05	  1.6607e-02	  1.3409e-03	  5.4592e-04	  6.2971e-04	  5.2053e+03	  0.0000e+00	  1.4999e-01	  0.0000e+00	  2.9572e-01	  5.6597e-02	  0.0000e+00	
  6.4532e+00	  5.9372e-03	  4.3280e-04	  8.5704e-03	  1.9096e-03	  2.3066e-05	  1.6622e-02	  1.3425e-03	  5.4608e-04	  6.3054e-04	  5.2090e+03	  0.0000e+00	  1.4999e-01	  0.0000e+00	  2.9572e-01	  5.6588e-02	  0.0000e+00	
  6.4530e+00	  5.9397e-03	  4.3293e-04	  8.5758e-03	  1.9108e-03	  2.3076e-05	  1.6637e-02	  1.3440e-03	  5.4623e-04	  6.3135e-04	  5.2126e+03	  0.0000e+00	  1.4999e-01	  0.0000e+00	  2.9573e-01	  5.6580e-02	  0.0000e+00	
  6.4528e+00	  5.9420e-03	  4.3306e-04	  8.5811e-03	  1.9120e-03	  2.3085e-05	  1.6651e-02	  1.3455e-03	  5.4638e-04	  6.3212e-04	  5.2160e+03	  0.0000e+00	  1.4999e-01	  0.0000e+00	  2.9573e-01	  5.6571e-02	  0.0000e+00	
  6.4525e+00	  5.9443e-03	  4.3318e-04	  8.5861e-03	  1.9131e-03	  2.3094e-05	  1.6665e-02	  1.3469e-03	  5.4652e-04	  6.3287e-04	  5.2193e+03	  0.0000e+00	  1.4999e-01	  0.0000e+00	  2.9574e-01	  5.6563e-02	  0.0000e+00	
  6.4523e+00	  5.9465e-03	  4.3330e-04	  8.5910e-03	  1.9142e-03	  2.3103e-05	  1.6678e-02	  1.3483e-03	  5.4665e-04	  6.3360e-04	  5.2225e+03	  0.0000e+00	  1.4999e-01	  0.0000e+00	  2.9574e-01	  5.6555e-02	  0.0000e+00	
  6.4521e+00	  5.9486e-03	  4.3341e-04	  8.5957e-03	  1.9153e-03	  2.3112e-05	  1.6691e-02	  1.3496e-03	  5.4678e-04	  6.3429e-04	  5.2256e+03	  0.0000e+00	  1.4999e-01	  0.0000e+00	  2.9575e-01	  5.6548e-02	  0.0000e+00	
  6.4520e+00	  5.9507e-03	  4.3352e-04	  8.6002e-03	  1.9163e-03	  2.3120e-05	  1.6703e-02	  1.3509e-03	  5.4691e-04	  6.3497e-04	  5.2286e+03	  0.0000e+00	  1.4999e-01	  0.0000e+00	  2.9575e-01	  5.6541e-02	  0.0000e+00	
  6.4518e+00	  5.9527e-03	  4.3362e-04	  8.6046e-03	  1.9173e-03	  2.3128e-05	  1.6715e-02	  1.3522e-03	  5.4703e-04	  6.3562e-04	  5.2315e+03	  0.0000e+00	  1.4999e-01	  0.0000e+00	  2.9576e-01	  5.6534e-02	  0.0000e+00	
  6.4516e+00	  5.9546e-03	  4.3372e-04	  8.6088e-03	  1.9182e-03	  2.3135e-05	  1.6726e-02	  1.3534e-03	  5.4715e-04	  6.3625e-04	  5.2343e+03	  0.0000e+00	  1.4999e-01	  0.0000e+00	  2.9576e-01	  5.6527e-02	  0.0000e+00	
  6.4514e+00	  5.9565e-03	  4.3382e-04	  8.6129e-03	  1.9192e-03	  2.3143e-05	  1.6737e-02	  1.3545e-03	  5.4727e-04	  6.3685e-04	  5.2369e+03	  0.0000e+00	  1.4999e-01	  0.0000e+00	  2.9577e-01	  5.6520e-02	  0.0000e+00	
  6.4513e+00	  5.9582e-03	  4.3391e-04	  8.6169e-03	  1.9200e-03	  2.3150e-05	  1.6748e-02	  1.3556e-03	  5.4738e-04	  6.3744e-04	  5.2395e+03	  0.0000e+00	  1.4999e-01	  0.0000e+00	  2.9577e-01	  5.6514e-02	  0.0000e+00	
  6.4511e+00	  5.9600e-03	  4.3400e-04	  8.6207e-03	  1.9209e-03	  2.3157e-05	  1.6758e-02	  1.3567e-03	  5.4748e-04	  6.3800e-04	  5.2420e+03	  0.0000e+00	  1.4999e-01	  0.0000e+00	  2.9577e-01	  5.6508e-02	  0.0000e+00	
  6.4509e+00	  5.9616e-03	  4.3409e-04	  8.6243e-03	  1.9217e-03	  2.3163e-05	  1.6768e-02	  1.3577e-03	  5.4759e-04	  6.3855e-04	  5.2444e+03	  0.0000e+00	  1.4999e-01	  0.0000e+00	  2.9578e-01	  5.6502e-02	  0.0000e+00	
  6.4508e+00	  5.9633e-03	  4.3418e-04	  8.6279e-03	  1.9225e-03	  2.3170e-05	  1.6778e-02	  1.3587e-03	  5.4768e-04	  6.3908e-04	  5.2468e+03	  0.0000e+00	  1.4999e-01	  0.0000e+00	  2.9578e-01	  5.6496e-02	  0.0000e+00	
  6.4506e+00	  5.9648e-03	  4.3426e-04	  8.6313e-03	  1.9233e-03	  2.3176e-05	  1.6787e-02	  1.3597e-03	  5.4778e-04	  6.3959e-04	  5.2490e+03	  0.0000e+00	  1.4999e-01	  0.0000e+00	  2.9579e-01	  5.6491e-02	  0.0000e+00	
  6.4505e+00	  5.9663e-03	  4.3434e-04	  8.6346e-03	  1.9240e-03	  2.3182e-05	  1.6796e-02	  1.3607e-03	  5.4787e-04	  6.4008e-04	  5.2512e+03	  0.0000e+00	  1.4999e-01	  0.0000e+00	  2.9579e-01	  5.6486e-02	  0.0000e+00	
  6.4504e+00	  5.9678e-03	  4.3441e-04	  8.6378e-03	  1.9247e-03	  2.3188e-05	  1.6805e-02	  1.3616e-03	  5.4796e-04	  6.4055e-04	  5.2533e+03	  0.0000e+00	  1.4999e-01	  0.0000e+00	  2.9579e-01	  5.6481e-02	  0.0000e+00	
  6.4502e+00	  5.9692e-03	  4.3449e-04	  8.6409e-03	  1.9254e-03	  2.3193e-05	  1.6813e-02	  1.3624e-03	  5.4805e-04	  6.4101e-04	  5.2553e+03	  0.0000e+00	  1.4999e-01	  0.0000e+00	  2.9580e-01	  5.6476e-02	  0.0000e+00	
  6.4501e+00	  5.9705e-03	  4.3456e-04	  8.6439e-03	  1.9261e-03	  2.3199e-05	  1.6821e-02	  1.3633e-03	  5.4813e-04	  6.4145e-04	  5.2573e+03	  0.0000e+00	  1.4999e-01	  0.0000e+00	  2.9580e-01	  5.6471e-02	  0.0000e+00	
  6.4500e+00	  5.9718e-03	  4.3462e-04	  8.6468e-03	  1.9268e-03	  2.3204e-05	  1.6829e-02	  1.3641e-03	  5.4821e-04	  6.4188e-04	  5.2592e+03	  0.0000e+00	  1.4999e-01	  0.0000e+00	  2.9580e-01	  5.6466e-02	  0.0000e+00	
  6.4499e+00	  5.9731e-03	  4.3469e-04	  8.6496e-03	  1.9274e-03	  2.3209e-05	  1.6836e-02	  1.3649e-03	  5.4829e-04	  6.4229e-04	  5.2610e+03	  0.0000e+00	  1.4999e-01	  0.0000e+00	  2.9580e-01	  5.6462e-02	  0.0000e+00	
  6.4498e+00	  5.9743e-03	  4.3475e-04	  8.6522e-03	  1.9280e-03	  2.3214e-05	  1.6844e-02	  1.3656e-03	  5.4836e-04	  6.4269e-04	  5.2627e+03	  0.0000e+00	  1.4999e-01	  0.0000e+00	  2.9581e-01	  5.6458e-02	  0.0000e+00	
  6.4497e+00	  5.9755e-03	  4.3482e-04	  8.6548e-03	  1.9286e-03	  2.3219e-05	  1.6851e-02	  1.3664e-03	  5.4844e-04	  6.4308e-04	  5.2644e+03	  0.0000e+00	  1.4999e-01	  0.0000e+00	  2.9581e-01	  5.6454e-02	  0.0000e+00	
  6.4496e+00	  5.9766e-03	  4.3488e-04	  8.6573e-03	  1.9291e-03	  2.3223e-05	  1.6857e-02	  1.3671e-03	  5.4851e-04	  6.4345e-04	  5.2661e+03	  0.0000e+00	  1.4999e-01	  0.0000e+00	  2.9581e-01	  5.6450e-02	  0.0000e+00	
  6.4495e+00	  5.9777e-03	  4.3493e-04	  8.6597e-03	  1.9297e-03	  2.3227e-05	  1.6864e-02	  1.3677e-03	  5.4857e-04	  6.4380e-04	  5.2677e+03	  0.0000e+00	  1.4999e-01	  0.0000e+00	  2.9581e-01	  5.6446e-02	  0.0000e+00	
  6.4494e+00	  5.9788e-03	  4.3499e-04	  8.6621e-03	  1.9302e-03	  2.3232e-05	  1.6870e-02	  1.3684e-03	  5.4864e-04	  6.4415e-04	  5.2692e+03	  0.0000e+00	  1.4999e-01	  0.0000e+00	  2.9582e-01	  5.6442e-02	  0.0000e+00	
  6.4493e+00	  5.9798e-03	  4.3504e-04	  8.6643e-03	  1.9307e-03	  2.3236e-05	  1.6876e-02	  1.3690e-03	  5.4870e-04	  6.4449e-04	  5.2707e+03	  0.0000e+00	  1.4999e-01	  0.0000e+00	  2.9582e-01	  5.6439e-02	  0.0000e+00	
  6.4492e+00	  5.9808e-03	  4.3509e-04	  8.6665e-03	  1.9312e-03	  2.3240e-05	  1.6882e-02	  1.3697e-03	  5.4876e-04	  6.4481e-04	  5.2721e+03	  0.0000e+00	  1.4999e-01	  0.0000e+00	  2.9582e-01	  5.6435e-02	  0.0000e+00	
  6.4491e+00	  5.9817e-03	  4.3514e-04	  8.6686e-03	  1.9317e-03	  2.3244e-05	  1.6888e-02	  1.3703e-03	  5.4882e-04	  6.4512e-04	  5.2735e+03	  0.0000e+00	  1.4999e-01	  0.0000e+00	  2.9582e-01	  5.6432e-02	  0.0000e+00	
  6.4490e+00	  5.9826e-03	  4.3519e-04	  8.6706e-03	  1.9321e-03	  2.3247e-05	  1.6893e-02	  1.3708e-03	  5.4888e-04	  6.4542e-04	  5.2748e+03	  0.0000e+00	  1.4999e-01	  0.0000e+00	  2.9583e-01	  5.6429e-02	  0.0000e+00	
  6.4489e+00	  5.9835e-03	  4.3524e-04	  8.6726e-03	  1.9325e-03	  2.3251e-05	  1.6899e-02	  1.3714e-03	  5.4893e-04	  6.4571e-04	  5.2761e+03	  0.0000e+00	  1.4999e-01	  0.0000e+00	  2.9583e-01	  5.6425e-02	  0.0000e+00	
  6.4488e+00	  5.9844e-03	  4.3528e-04	  8.6745e-03	  1.9330e-03	  2.3254e-05	  1.6904e-02	  1.3719e-03	  5.4898e-04	  6.4599e-04	  5.2773e+03	  0.0000e+00	  1.4999e-01	  0.0000e+00	  2.9583e-01	  5.6422e-02	  0.0000e+00	
  6.4488e+00	  5.9852e-03	  4.3533e-04	  8.6763e-03	  1.9334e-03	  2.3257e-05	  1.6909e-02	  1.3724e-03	  5.4903e-04	  6.4626e-04	  5.2785e+03	  0.0000e+00	  1.4999e-01	  0.0000e+00	  2.9583e-01	  5.6420e-02	  0.0000e+00	
  6.4487e+00	  5.9860e-03	  4.3537e-04	  8.6781e-03	  1.9338e-03	  2.3261e-05	  1.6913e-02	  1.3729e-03	  5.4908e-04	  6.4652e-04	  5.2797e+03	  0.0000e+00	  1.4999e-01	  0.0000e+00	  2.9583e-01	  5.6417e-02	  0.0000e+00	
  6.4486e+00	  5.9868e-03	  4.3541e-04	  8.6798e-03	  1.9342e-03	  2.3264e-05	  1.6918e-02	  1.3734e-03	  5.4913e-04	  6.4678e-04	  5.2808e+03	  0.0000e+00	  1.4999e-01	  0.0000e+00	  2.9584e-01	  5.6414e-02	  0.0000e+00	
  6.4486e+00	  5.9875e-03	  4.3545e-04	  8.6814e-03	  1.9345e-03	  2.3267e-05	  1.6922e-02	  1.3739e-03	  5.4918e-04	  6.4702e-04	  5.2819e+03	  0.0000e+00	  1.4999e-01	  0.0000e+00	  2.9584e-01	  5.6411e-02	  0.0000e+00	
  6.4485e+00	  5.9882e-03	  4.3549e-04	  8.6830e-03	  1.9349e-03	  2.3270e-05	  1.6927e-02	  1.3743e-03	  5.4922e-04	  6.4726e-04	  5.2829e+03	  0.0000e+00	  1.4999e-01	  0.0000e+00	  2.9584e-01	  5.6409e-02	  0.0000e+00	
  6.4484e+00	  5.9889e-03	  4.3552e-04	  8.6845e-03	  1.9352e-03	  2.3272e-05	  1.6931e-02	  1.3747e-03	  5.4926e-04	  6.4748e-04	  5.2839e+03	  0.0000e+00	  1.4999e-01	  0.0000e+00	  2.9584e-01	  5.6407e-02	  0.0000e+00	
  6.4484e+00	  5.9896e-03	  4.3556e-04	  8.6860e-03	  1.9356e-03	  2.3275e-05	  1.6935e-02	  1.3752e-03	  5.4930e-04	  6.4770e-04	  5.2849e+03	  0.0000e+00	  1.4999e-01	  0.0000e+00	  2.9584e-01	  5.6404e-02	  0.0000e+00	
  6.4483e+00	  5.9902e-03	  4.3559e-04	  8.6874e-03	  1.9359e-03	  2.3278e-05	  1.6939e-02	  1.3756e-03	  5.4934e-04	  6.4791e-04	  5.2858e+03	  0.0000e+00	  1.4999e-01	  0.0000e+00	  2.9584e-01	  5.6402e-02	  0.0000e+00	
  6.4482e+00	  5.9909e-03	  4.3562e-04	  8.6888e-03	  1.9362e-03	  2.3280e-05	  1.6942e-02	  1.3760e-03	  5.4938e-04	  6.4812e-04	  5.2867e+03	  0.0000e+00	  1.4999e-01	  0.0000e+00	  2.9584e-01	  5.6400e-02	  0.0000e+00	
  6.4482e+00	  5.9915e-03	  4.3566e-04	  8.6901e-03	  1.9365e-03	  2.3283e-05	  1.6946e-02	  1.3763e-03	  5.4942e-04	  6.4832e-04	  5.2876e+03	  0.0000e+00	  1.4999e-01	  0.0000e+00	  2.9585e-01	  5.6398e-02	  0.0000e+00	
  6.4481e+00	  5.9921e-03	  4.3569e-04	  8.6914e-03	  1.9368e-03	  2.3285e-05	  1.6949e-02	  1.3767e-03	  5.4946e-04	  6.4851e-04	  5.2884e+03	  0.0000e+00	  1.4999e-01	  0.0000e+00	  2.9585e-01	  5.6396e-02	  0.0000e+00	
  6.4481e+00	  5.9926e-03	  4.3572e-04	  8.6927e-03	  1.9371e-03	  2.3287e-05	  1.6953e-02	  1.3770e-03	  5.4949e-04	  6.4869e-04	  5.2893e+03	  0.0000e+00	  1.4999e-01	  0.0000e+00	  2.9585e-01	  5.6394e-02	  0.0000e+00	
  6.4480e+00	  5.9932e-03	  4.3574e-04	  8.6939e-03	  1.9373e-03	  2.3289e-05	  1.6956e-02	  1.3774e-03	  5.4952e-04	  6.4887e-04	  5.2900e+03	  0.0000e+00	  1.4999e-01	  0.0000e+00	  2.9585e-01	  5.6392e-02	  0.0000e+00	
  6.4480e+00	  5.9937e-03	  4.3577e-04	  8.6950e-03	  1.9376e-03	  2.3292e-05	  1.6959e-02	  1.3777e-03	  5.4956e-04	  6.4904e-04	  5.2908e+03	  0.0000e+00	  1.4999e-01	  0.0000e+00	  2.9585e-01	  5.6390e-02	  0.0000e+00	
  6.4479e+00	  5.9942e-03	  4.3580e-04	  8.6962e-03	  1.9378e-03	  2.3294e-05	  1.6962e-02	  1.3780e-03	  5.4959e-04	  6.4921e-04	  5.2915e+03	  0.0000e+00	  1.4999e-01	  0.0000e+00	  2.9585e-01	  5.6388e-02	  0.0000e+00	
  6.4479e+00	  5.9947e-03	  4.3582e-04	  8.6972e-03	  1.9381e-03	  2.3296e-05	  1.6965e-02	  1.3783e-03	  5.4962e-04	  6.4937e-04	  5.2922e+03	  0.0000e+00	  1.4999e-01	  0.0000e+00	  2.9585e-01	  5.6386e-02	  0.0000e+00	
  6.4478e+00	  5.9952e-03	  4.3585e-04	  8.6983e-03	  1.9383e-03	  2.3297e-05	  1.6968e-02	  1.3786e-03	  5.4965e-04	  6.4952e-04	  5.2929e+03	  0.0000e+00	  1.4999e-01	  0.0000e+00	  2.9585e-01	  5.6385e-02	  0.0000e+00	
  6.4478e+00	  5.9956e-03	  4.3587e-04	  8.6993e-03	  1.9385e-03	  2.3299e-05	  1.6971e-02	  1.3789e-03	  5.4967e-04	  6.4967e-04	  5.2936e+03	  0.0000e+00	  1.4999e-01	  0.0000e+00	  2.9586e-01	  5.6383e-02	  0.0000e+00	
  6.4478e+00	  5.9961e-03	  4.3590e-04	  8.7002e-03	  1.9388e-03	  2.3301e-05	  1.6973e-02	  1.3792e-03	  5.4970e-04	  6.4981e-04	  5.2942e+03	  0.0000e+00	  1.4999e-01	  0.0000e+00	  2.9586e-01	  5.6382e-02	  0.0000e+00	
  6.4477e+00	  5.9965e-03	  4.3592e-04	  8.7012e-03	  1.9390e-03	  2.3303e-05	  1.6976e-02	  1.3794e-03	  5.4973e-04	  6.4995e-04	  5.2948e+03	  0.0000e+00	  1.4999e-01	  0.0000e+00	  2.9586e-01	  5.6380e-02	  0.0000e+00	
  6.4477e+00	  5.9969e-03	  4.3594e-04	  8.7021e-03	  1.9392e-03	  2.3304e-05	  1.6978e-02	  1.3797e-03	  5.4975e-04	  6.5009e-04	  5.2954e+03	  0.0000e+00	  1.4999e-01	  0.0000e+00	  2.9586e-01	  5.6379e-02	  0.0000e+00	
  6.4476e+00	  5.9973e-03	  4.3596e-04	  8.7030e-03	  1.9394e-03	  2.3306e-05	  1.6981e-02	  1.3800e-03	  5.4978e-04	  6.5022e-04	  5.2960e+03	  0.0000e+00	  1.4999e-01	  0.0000e+00	  2.9586e-01	  5.6377e-02	  0.0000e+00	
  6.4476e+00	  5.9977e-03	  4.3598e-04	  8.7038e-03	  1.9396e-03	  2.3308e-05	  1.6983e-02	  1.3802e-03	  5.4980e-04	  6.5034e-04	  5.2966e+03	  0.0000e+00	  1.4999e-01	  0.0000e+00	  2.9586e-01	  5.6376e-02	  0.0000e+00	
  6.4476e+00	  5.9980e-03	  4.3600e-04	  8.7046e-03	  1.9397e-03	  2.3309e-05	  1.6985e-02	  1.3804e-03	  5.4982e-04	  6.5046e-04	  5.2971e+03	  0.0000e+00	  1.4999e-01	  0.0000e+00	  2.9586e-01	  5.6375e-02	  0.0000e+00	
  6.4475e+00	  5.9984e-03	  4.3602e-04	  8.7054e-03	  1.9399e-03	  2.3310e-05	  1.6987e-02	  1.3806e-03	  5.4984e-04	  6.5058e-04	  5.2976e+03	  0.0000e+00	  1.4999e-01	  0.0000e+00	  2.9586e-01	  5.6373e-02	  0.0000e+00	
  6.4475e+00	  5.9987e-03	  4.3604e-04	  8.7062e-03	  1.9401e-03	  2.3312e-05	  1.6989e-02	  1.3809e-03	  5.4987e-04	  6.5069e-04	  5.2981e+03	  0.0000e+00	  1.4999e-01	  0.0000e+00	  2.9586e-01	  5.6372e-02	  0.0000e+00	
  6.4475e+00	  5.9991e-03	  4.3605e-04	  8.7069e-03	  1.9402e-03	  2.3313e-05	  1.6991e-02	  1.3811e-03	  5.4989e-04	  6.5080e-04	  5.2986e+03	  0.0000e+00	  1.4999e-01	  0.0000e+00	  2.9586e-01	  5.6371e-02	  0.0000e+00	
  6.4475e+00	  5.9994e-03	  4.3607e-04	  8.7076e-03	  1.9404e-03	  2.3314e-05	  1.6993e-02	  1.3813e-03	  5.4991e-04	  6.5091e-04	  5.2991e+03	  0.0000e+00	  1.4999e-01	  0.0000e+00	  2.9586e-01	  5.6370e-02	  0.0000e+00	
  6.4474e+00	  5.9997e-03	  4.3609e-04	  8.7083e-03	  1.9406e-03	  2.3316e-05	  1.6995e-02	  1.3815e-03	  5.4992e-04	  6.5101e-04	  5.2995e+03	  0.0000e+00	  1.4999e-01	  0.0000e+00	  2.9587e-01	  5.6369e-02	  0.0000e+00	
  6.4474e+00	  6.0000e-03	  4.3610e-04	  8.7090e-03	  1.9407e-03	  2.3317e-05	  1.6997e-02	  1.3816e-03	  5.4994e-04	  6.5111e-04	  5.2999e+03	  0.0000e+00	  1.4999e-01	  0.0000e+00	  2.9587e-01	  5.6368e-02	  0.0000e+00	
  6.4474e+00	  6.0003e-03	  4.3612e-04	  8.7096e-03	  1.9409e-03	  2.3318e-05	  1.6999e-02	  1.3818e-03	  5.4996e-04	  6.5120e-04	  5.3004e+03	  0.0000e+00	  1.4999e-01	  0.0000e+00	  2.9587e-01	  5.6367e-02	  0.0000e+00	
  6.4473e+00	  6.0006e-03	  4.3613e-04	  8.7102e-03	  1.9410e-03	  2.3319e-05	  1.7000e-02	  1.3820e-03	  5.4998e-04	  6.5129e-04	  5.3008e+03	  0.0000e+00	  1.4999e-01	  0.0000e+00	  2.9587e-01	  5.6366e-02	  0.0000e+00	
  6.4473e+00	  6.0008e-03	  4.3615e-04	  8.7108e-03	  1.9411e-03	  2.3320e-05	  1.7002e-02	  1.3822e-03	  5.4999e-04	  6.5138e-04	  5.3011e+03	  0.0000e+00	  1.4999e-01	  0.0000e+00	  2.9587e-01	  5.6365e-02	  0.0000e+00	
  6.4473e+00	  6.0011e-03	  4.3616e-04	  8.7114e-03	  1.9413e-03	  2.3321e-05	  1.7003e-02	  1.3823e-03	  5.5001e-04	  6.5147e-04	  5.3015e+03	  0.0000e+00	  1.4999e-01	  0.0000e+00	  2.9587e-01	  5.6364e-02	  0.0000e+00	
  6.4473e+00	  6.0014e-03	  4.3617e-04	  8.7119e-03	  1.9414e-03	  2.3322e-05	  1.7005e-02	  1.3825e-03	  5.5003e-04	  6.5155e-04	  5.3019e+03	  0.0000e+00	  1.4999e-01	  0.0000e+00	  2.9587e-01	  5.6363e-02	  0.0000e+00	
  6.4473e+00	  6.0016e-03	  4.3619e-04	  8.7125e-03	  1.9415e-03	  2.3323e-05	  1.7006e-02	  1.3826e-03	  5.5004e-04	  6.5163e-04	  5.3022e+03	  0.0000e+00	  1.4999e-01	  0.0000e+00	  2.9587e-01	  5.6362e-02	  0.0000e+00	
  6.4472e+00	  6.0018e-03	  4.3620e-04	  8.7130e-03	  1.9416e-03	  2.3324e-05	  1.7008e-02	  1.3828e-03	  5.5005e-04	  6.5171e-04	  5.3026e+03	  0.0000e+00	  1.4999e-01	  0.0000e+00	  2.9587e-01	  5.6362e-02	  0.0000e+00	
  6.4472e+00	  6.0021e-03	  4.3621e-04	  8.7135e-03	  1.9417e-03	  2.3325e-05	  1.7009e-02	  1.3829e-03	  5.5007e-04	  6.5178e-04	  5.3029e+03	  0.0000e+00	  1.4999e-01	  0.0000e+00	  2.9587e-01	  5.6361e-02	  0.0000e+00	
  6.4472e+00	  6.0023e-03	  4.3622e-04	  8.7140e-03	  1.9418e-03	  2.3326e-05	  1.7010e-02	  1.3831e-03	  5.5008e-04	  6.5185e-04	  5.3032e+03	  0.0000e+00	  1.4999e-01	  0.0000e+00	  2.9587e-01	  5.6360e-02	  0.0000e+00	
  6.4472e+00	  6.0025e-03	  4.3623e-04	  8.7144e-03	  1.9419e-03	  2.3327e-05	  1.7012e-02	  1.3832e-03	  5.5009e-04	  6.5192e-04	  5.3035e+03	  0.0000e+00	  1.4999e-01	  0.0000e+00	  2.9587e-01	  5.6359e-02	  0.0000e+00	
  6.4472e+00	  6.0027e-03	  4.3624e-04	  8.7149e-03	  1.9420e-03	  2.3328e-05	  1.7013e-02	  1.3833e-03	  5.5011e-04	  6.5199e-04	  5.3038e+03	  0.0000e+00	  1.4999e-01	  0.0000e+00	  2.9587e-01	  5.6359e-02	  0.0000e+00	
  6.4471e+00	  6.0029e-03	  4.3625e-04	  8.7153e-03	  1.9421e-03	  2.3329e-05	  1.7014e-02	  1.3834e-03	  5.5012e-04	  6.5205e-04	  5.3041e+03	  0.0000e+00	  1.4999e-01	  0.0000e+00	  2.9587e-01	  5.6358e-02	  0.0000e+00	
  6.4471e+00	  6.0031e-03	  4.3626e-04	  8.7157e-03	  1.9422e-03	  2.3329e-05	  1.7015e-02	  1.3836e-03	  5.5013e-04	  6.5211e-04	  5.3044e+03	  0.0000e+00	  1.4999e-01	  0.0000e+00	  2.9587e-01	  5.6357e-02	  0.0000e+00	
  6.4471e+00	  6.0033e-03	  4.3627e-04	  8.7161e-03	  1.9423e-03	  2.3330e-05	  1.7016e-02	  1.3837e-03	  5.5014e-04	  6.5217e-04	  5.3046e+03	  0.0000e+00	  1.4999e-01	  0.0000e+00	  2.9587e-01	  5.6357e-02	  0.0000e+00	
  6.4471e+00	  6.0034e-03	  4.3628e-04	  8.7165e-03	  1.9424e-03	  2.3331e-05	  1.7017e-02	  1.3838e-03	  5.5015e-04	  6.5223e-04	  5.3049e+03	  0.0000e+00	  1.4999e-01	  0.0000e+00	  2.9587e-01	  5.6356e-02	  0.0000e+00	
  6.4471e+00	  6.0036e-03	  4.3629e-04	  8.7169e-03	  1.9425e-03	  2.3331e-05	  1.7018e-02	  1.3839e-03	  5.5016e-04	  6.5229e-04	  5.3051e+03	  0.0000e+00	  1.4999e-01	  0.0000e+00	  2.9587e-01	  5.6355e-02	  0.0000e+00	
  6.4471e+00	  6.0038e-03	  4.3630e-04	  8.7173e-03	  1.9426e-03	  2.3332e-05	  1.7019e-02	  1.3840e-03	  5.5017e-04	  6.5234e-04	  5.3054e+03	  0.0000e+00	  1.4999e-01	  0.0000e+00	  2.9587e-01	  5.6355e-02	  0.0000e+00	
  6.4470e+00	  6.0039e-03	  4.3631e-04	  8.7176e-03	  1.9427e-03	  2.3333e-05	  1.7020e-02	  1.3841e-03	  5.5018e-04	  6.5239e-04	  5.3056e+03	  0.0000e+00	  1.4999e-01	  0.0000e+00	  2.9587e-01	  5.6354e-02	  0.0000e+00	
  6.4470e+00	  6.0041e-03	  4.3632e-04	  8.7180e-03	  1.9427e-03	  2.3333e-05	  1.7021e-02	  1.3842e-03	  5.5019e-04	  6.5244e-04	  5.3058e+03	  0.0000e+00	  1.4999e-01	  0.0000e+00	  2.9588e-01	  5.6354e-02	  0.0000e+00	
  6.4470e+00	  6.0042e-03	  4.3632e-04	  8.7183e-03	  1.9428e-03	  2.3334e-05	  1.7022e-02	  1.3843e-03	  5.5020e-04	  6.5249e-04	  5.3061e+03	  0.0000e+00	  1.4999e-01	  0.0000e+00	  2.9588e-01	  5.6353e-02	  0.0000e+00	
  6.4470e+00	  6.0044e-03	  4.3633e-04	  8.7186e-03	  1.9429e-03	  2.3335e-05	  1.7023e-02	  1.3844e-03	  5.5021e-04	  6.5254e-04	  5.3063e+03	  0.0000e+00	  1.4999e-01	  0.0000e+00	  2.9588e-01	  5.6353e-02	  0.0000e+00	
  6.4470e+00	  6.0045e-03	  4.3634e-04	  8.7189e-03	  1.9429e-03	  2.3335e-05	  1.7024e-02	  1.3845e-03	  5.5022e-04	  6.5258e-04	  5.3065e+03	  0.0000e+00	  1.4999e-01	  0.0000e+00	  2.9588e-01	  5.6352e-02	  0.0000e+00	
  6.4470e+00	  6.0046e-03	  4.3634e-04	  8.7192e-03	  1.9430e-03	  2.3336e-05	  1.7024e-02	  1.3845e-03	  5.5023e-04	  6.5263e-04	  5.3067e+03	  0.0000e+00	  1.4999e-01	  0.0000e+00	  2.9588e-01	  5.6352e-02	  0.0000e+00	
  6.4470e+00	  6.0048e-03	  4.3635e-04	  8.7195e-03	  1.9431e-03	  2.3336e-05	  1.7025e-02	  1.3846e-03	  5.5024e-04	  6.5267e-04	  5.3068e+03	  0.0000e+00	  1.4999e-01	  0.0000e+00	  2.9588e-01	  5.6351e-02	  0.0000e+00	
  6.4469e+00	  6.0049e-03	  4.3636e-04	  8.7198e-03	  1.9431e-03	  2.3337e-05	  1.7026e-02	  1.3847e-03	  5.5024e-04	  6.5271e-04	  5.3070e+03	  0.0000e+00	  1.4999e-01	  0.0000e+00	  2.9588e-01	  5.6351e-02	  0.0000e+00	
  6.4469e+00	  6.0050e-03	  4.3636e-04	  8.7200e-03	  1.9432e-03	  2.3337e-05	  1.7027e-02	  1.3848e-03	  5.5025e-04	  6.5275e-04	  5.3072e+03	  0.0000e+00	  1.4999e-01	  0.0000e+00	  2.9588e-01	  5.6350e-02	  0.0000e+00	
  6.4469e+00	  6.0051e-03	  4.3637e-04	  8.7203e-03	  1.9432e-03	  2.3338e-05	  1.7027e-02	  1.3848e-03	  5.5026e-04	  6.5279e-04	  5.3074e+03	  0.0000e+00	  1.4999e-01	  0.0000e+00	  2.9588e-01	  5.6350e-02	  0.0000e+00	
  6.4469e+00	  6.0053e-03	  4.3638e-04	  8.7205e-03	  1.9433e-03	  2.3338e-05	  1.7028e-02	  1.3849e-03	  5.5026e-04	  6.5283e-04	  5.3075e+03	  0.0000e+00	  1.4999e-01	  0.0000e+00	  2.9588e-01	  5.6350e-02	  0.0000e+00	
  6.4469e+00	  6.0054e-03	  4.3638e-04	  8.7208e-03	  1.9434e-03	  2.3338e-05	  1.7029e-02	  1.3850e-03	  5.5027e-04	  6.5286e-04	  5.3077e+03	  0.0000e+00	  1.4999e-01	  0.0000e+00	  2.9588e-01	  5.6349e-02	  0.0000e+00	
  6.4469e+00	  6.0055e-03	  4.3639e-04	  8.7210e-03	  1.9434e-03	  2.3339e-05	  1.7029e-02	  1.3850e-03	  5.5028e-04	  6.5290e-04	  5.3078e+03	  0.0000e+00	  1.4999e-01	  0.0000e+00	  2.9588e-01	  5.6349e-02	  0.0000e+00	
  6.4469e+00	  6.0056e-03	  4.3639e-04	  8.7212e-03	  1.9435e-03	  2.3339e-05	  1.7030e-02	  1.3851e-03	  5.5028e-04	  6.5293e-04	  5.3080e+03	  0.0000e+00	  1.4999e-01	  0.0000e+00	  2.9588e-01	  5.6349e-02	  0.0000e+00	
  6.4469e+00	  6.0057e-03	  4.3640e-04	  8.7214e-03	  1.9435e-03	  2.3340e-05	  1.7031e-02	  1.3852e-03	  5.5029e-04	  6.5296e-04	  5.3081e+03	  0.0000e+00	  1.4999e-01	  0.0000e+00	  2.9588e-01	  5.6348e-02	  0.0000e+00	
  6.4469e+00	  6.0058e-03	  4.3640e-04	  8.7217e-03	  1.9436e-03	  2.3340e-05	  1.7031e-02	  1.3852e-03	  5.5030e-04	  6.5299e-04	  5.3083e+03	  0.0000e+00	  1.4999e-01	  0.0000e+00	  2.9588e-01	  5.6348e-02	  0.0000e+00	
  6.4469e+00	  6.0058e-03	  4.3641e-04	  8.7219e-03	  1.9436e-03	  2.3340e-05	  1.7032e-02	  1.3853e-03	  5.5030e-04	  6.5302e-04	  5.3084e+03	  0.0000e+00	  1.4999e-01	  0.0000e+00	  2.9588e-01	  5.6348e-02	  0.0000e+00	
  6.4469e+00	  6.0059e-03	  4.3641e-04	  8.7220e-03	  1.9436e-03	  2.3341e-05	  1.7032e-02	  1.3853e-03	  5.5031e-04	  6.5305e-04	  5.3085e+03	  0.0000e+00	  1.4999e-01	  0.0000e+00	  2.9588e-01	  5.6347e-02	  0.0000e+00	
  6.4468e+00	  6.0060e-03	  4.3642e-04	  8.7222e-03	  1.9437e-03	  2.3341e-05	  1.7033e-02	  1.3854e-03	  5.5031e-04	  6.5308e-04	  5.3086e+03	  0.0000e+00	  1.4999e-01	  0.0000e+00	  2.9588e-01	  5.6347e-02	  0.0000e+00	
  6.4468e+00	  6.0061e-03	  4.3642e-04	  8.7224e-03	  1.9437e-03	  2.3341e-05	  1.7033e-02	  1.3854e-03	  5.5032e-04	  6.5310e-04	  5.3088e+03	  0.0000e+00	  1.4999e-01	  0.0000e+00	  2.9588e-01	  5.6347e-02	  0.0000e+00	
  6.4468e+00	  6.0062e-03	  4.3642e-04	  8.7226e-03	  1.9438e-03	  2.3342e-05	  1.7034e-02	  1.3855e-03	  5.5032e-04	  6.5313e-04	  5.3089e+03	  0.0000e+00	  1.4999e-01	  0.0000e+00	  2.9588e-01	  5.6346e-02	  0.0000e+00	
  6.4468e+00	  6.0063e-03	  4.3643e-04	  8.7228e-03	  1.9438e-03	  2.3342e-05	  1.7034e-02	  1.3855e-03	  5.5033e-04	  6.5316e-04	  5.3090e+03	  0.0000e+00	  1.4999e-01	  0.0000e+00	  2.9588e-01	  5.6346e-02	  0.0000e+00	
  6.4468e+00	  6.0063e-03	  4.3643e-04	  8.7229e-03	  1.9438e-03	  2.3342e-05	  1.7035e-02	  1.3856e-03	  5.5033e-04	  6.5318e-04	  5.3091e+03	  0.0000e+00	  1.4999e-01	  0.0000e+00	  2.9588e-01	  5.6346e-02	  0.0000e+00	
  6.4468e+00	  6.0064e-03	  4.3644e-04	  8.7231e-03	  1.9439e-03	  2.3343e-05	  1.7035e-02	  1.3856e-03	  5.5033e-04	  6.5320e-04	  5.3092e+03	  0.0000e+00	  1.4999e-01	  0.0000e+00	  2.9588e-01	  5.6346e-02	  0.0000e+00	
  6.4468e+00	  6.0065e-03	  4.3644e-04	  8.7232e-03	  1.9439e-03	  2.3343e-05	  1.7035e-02	  1.3857e-03	  5.5034e-04	  6.5323e-04	  5.3093e+03	  0.0000e+00	  1.4999e-01	  0.0000e+00	  2.9588e-01	  5.6345e-02	  0.0000e+00	
  6.4468e+00	  6.0065e-03	  4.3644e-04	  8.7234e-03	  1.9439e-03	  2.3343e-05	  1.7036e-02	  1.3857e-03	  5.5034e-04	  6.5325e-04	  5.3094e+03	  0.0000e+00	  1.4999e-01	  0.0000e+00	  2.9588e-01	  5.6345e-02	  0.0000e+00	
  6.4468e+00	  6.0066e-03	  4.3645e-04	  8.7235e-03	  1.9440e-03	  2.3344e-05	  1.7036e-02	  1.3858e-03	  5.5035e-04	  6.5327e-04	  5.3095e+03	  0.0000e+00	  1.4999e-01	  0.0000e+00	  2.9588e-01	  5.6345e-02	  0.0000e+00	
  6.4468e+00	  6.0067e-03	  4.3645e-04	  8.7237e-03	  1.9440e-03	  2.3344e-05	  1.7037e-02	  1.3858e-03	  5.5035e-04	  6.5329e-04	  5.3096e+03	  0.0000e+00	  1.4999e-01	  0.0000e+00	  2.9588e-01	  5.6345e-02	  0.0000e+00	
  6.4468e+00	  6.0067e-03	  4.3645e-04	  8.7238e-03	  1.9440e-03	  2.3344e-05	  1.7037e-02	  1.3858e-03	  5.5035e-04	  6.5331e-04	  5.3097e+03	  0.0000e+00	  1.4999e-01	  0.0000e+00	  2.9588e-01	  5.6344e-02	  0.0000e+00	
  6.4468e+00	  6.0068e-03	  4.3646e-04	  8.7239e-03	  1.9441e-03	  2.3344e-05	  1.7037e-02	  1.3859e-03	  5.5036e-04	  6.5333e-04	  5.3097e+03	  0.0000e+00	  1.4999e-01	  0.0000e+00	  2.9588e-01	  5.6344e-02	  0.0000e+00	
  6.4468e+00	  6.0068e-03	  4.3646e-04	  8.7240e-03	  1.9441e-03	  2.3344e-05	  1.7038e-02	  1.3859e-03	  5.5036e-04	  6.5335e-04	  5.3098e+03	  0.0000e+00	  1.4999e-01	  0.0000e+00	  2.9588e-01	  5.6344e-02	  0.0000e+00	
