          pH	          Na	           K	          Ca	          Mg	         PO4	          Cl	         SO4	         NH4	        HCO3	          sc	         FeS	      Pyrite	     Calcite	
  6.6644e+00	  4.1755e-03	  3.3043e-04	  4.8964e-03	  1.0614e-03	  4.1174e-05	  6.0679e-03	  1.8024e-04	  4.2255e-04	  9.0118e-06	  2.5751e+03	  0.0000e+00	  0.0000e+00	  0.0000e+00	
  6.6644e+00	  4.1755e-03	  3.3043e-04	  4.8964e-03	  1.0614e-03	  4.1174e-05	  6.0679e-03	  1.8024e-04	  4.2255e-04	  9.0118e-06	  2.5751e+03	  0.0000e+00	  0.0000e+00	  0.0000e+00	
  6.7002e+00	  5.8959e-03	  3.6157e-04	  4.6687e-03	  1.0117e-03	  2.1600e-05	  8.0065e-03	  3.7404e-04	  4.2403e-04	  1.1605e-03	  3.2226e+03	  9.7396e-02	  1.0130e-01	  0.0000e+00	
  6.6875e+00	  7.5513e-03	  3.9099e-04	  5.0321e-03	  1.0922e-03	  2.0431e-05	  9.8785e-03	  5.6120e-04	  4.2427e-04	  1.2609e-03	  3.7243e+03	  9.7706e-02	  1.0115e-01	  0.0000e+00	
  6.6770e+00	  9.1507e-03	  4.1942e-04	  5.3618e-03	  1.1656e-03	  1.9589e-05	  1.1686e-02	  7.4192e-04	  4.2449e-04	  1.3579e-03	  4.2048e+03	  9.7945e-02	  1.0103e-01	  0.0000e+00	
  6.6683e+00	  1.0696e-02	  4.4689e-04	  5.6645e-03	  1.2333e-03	  1.8965e-05	  1.3432e-02	  9.1643e-04	  4.2471e-04	  1.4516e-03	  4.6654e+03	  9.8132e-02	  1.0093e-01	  0.0000e+00	
  6.6608e+00	  1.2189e-02	  4.7343e-04	  5.9453e-03	  1.2962e-03	  1.8489e-05	  1.5117e-02	  1.0849e-03	  4.2491e-04	  1.5420e-03	  5.1072e+03	  9.8280e-02	  1.0086e-01	  0.0000e+00	
  6.6542e+00	  1.3631e-02	  4.9907e-04	  6.2080e-03	  1.3553e-03	  1.8118e-05	  1.6745e-02	  1.2477e-03	  4.2510e-04	  1.6294e-03	  5.5313e+03	  9.8399e-02	  1.0080e-01	  0.0000e+00	
  6.6483e+00	  1.5025e-02	  5.2385e-04	  6.4552e-03	  1.4111e-03	  1.7823e-05	  1.8316e-02	  1.4048e-03	  4.2529e-04	  1.7137e-03	  5.9385e+03	  9.8497e-02	  1.0075e-01	  0.0000e+00	
  6.6431e+00	  1.6371e-02	  5.4778e-04	  6.6891e-03	  1.4640e-03	  1.7583e-05	  1.9834e-02	  1.5565e-03	  4.2546e-04	  1.7952e-03	  6.3297e+03	  9.8578e-02	  1.0071e-01	  0.0000e+00	
  6.6383e+00	  1.7671e-02	  5.7090e-04	  6.9112e-03	  1.5144e-03	  1.7385e-05	  2.1299e-02	  1.7030e-03	  4.2562e-04	  1.8737e-03	  6.7057e+03	  9.8646e-02	  1.0068e-01	  0.0000e+00	
  6.6339e+00	  1.8927e-02	  5.9323e-04	  7.1227e-03	  1.5625e-03	  1.7220e-05	  2.2714e-02	  1.8445e-03	  4.2578e-04	  1.9496e-03	  7.0671e+03	  9.8704e-02	  1.0065e-01	  0.0000e+00	
  6.6299e+00	  2.0140e-02	  6.1480e-04	  7.3245e-03	  1.6085e-03	  1.7080e-05	  2.4080e-02	  1.9811e-03	  4.2592e-04	  2.0228e-03	  7.4146e+03	  9.8753e-02	  1.0062e-01	  0.0000e+00	
  6.6261e+00	  2.1312e-02	  6.3563e-04	  7.5175e-03	  1.6525e-03	  1.6961e-05	  2.5400e-02	  2.1130e-03	  4.2606e-04	  2.0935e-03	  7.7489e+03	  9.8796e-02	  1.0060e-01	  0.0000e+00	
  6.6226e+00	  2.2443e-02	  6.5576e-04	  7.7023e-03	  1.6948e-03	  1.6858e-05	  2.6674e-02	  2.2404e-03	  4.2619e-04	  2.1618e-03	  8.0706e+03	  9.8834e-02	  1.0058e-01	  0.0000e+00	
  6.6193e+00	  2.3537e-02	  6.7520e-04	  7.8794e-03	  1.7354e-03	  1.6769e-05	  2.7904e-02	  2.3634e-03	  4.2631e-04	  2.2276e-03	  8.3801e+03	  9.8867e-02	  1.0057e-01	  0.0000e+00	
  6.6163e+00	  2.4592e-02	  6.9397e-04	  8.0494e-03	  1.7744e-03	  1.6691e-05	  2.9092e-02	  2.4822e-03	  4.2643e-04	  2.2912e-03	  8.6780e+03	  9.8896e-02	  1.0055e-01	  0.0000e+00	
  6.6134e+00	  2.5612e-02	  7.1210e-04	  8.2126e-03	  1.8120e-03	  1.6622e-05	  3.0239e-02	  2.5968e-03	  4.2654e-04	  2.3525e-03	  8.9648e+03	  9.8922e-02	  1.0054e-01	  0.0000e+00	
  6.6107e+00	  2.6597e-02	  7.2962e-04	  8.3694e-03	  1.8481e-03	  1.6561e-05	  3.1346e-02	  2.7076e-03	  4.2664e-04	  2.4118e-03	  9.2409e+03	  9.8945e-02	  1.0053e-01	  0.0000e+00	
  6.6081e+00	  2.7548e-02	  7.4653e-04	  8.5202e-03	  1.8829e-03	  1.6506e-05	  3.2416e-02	  2.8145e-03	  4.2674e-04	  2.4689e-03	  9.5068e+03	  9.8966e-02	  1.0052e-01	  0.0000e+00	
  6.6057e+00	  2.8467e-02	  7.6286e-04	  8.6653e-03	  1.9164e-03	  1.6458e-05	  3.3449e-02	  2.9178e-03	  4.2683e-04	  2.5241e-03	  9.7629e+03	  9.8985e-02	  1.0051e-01	  0.0000e+00	
  6.6034e+00	  2.9354e-02	  7.7864e-04	  8.8048e-03	  1.9487e-03	  1.6414e-05	  3.4446e-02	  3.0175e-03	  4.2692e-04	  2.5774e-03	  1.0010e+04	  9.9003e-02	  1.0050e-01	  0.0000e+00	
  6.6012e+00	  3.0211e-02	  7.9388e-04	  8.9392e-03	  1.9799e-03	  1.6375e-05	  3.5409e-02	  3.1138e-03	  4.2701e-04	  2.6288e-03	  1.0247e+04	  9.9018e-02	  1.0049e-01	  0.0000e+00	
  6.5991e+00	  3.1038e-02	  8.0859e-04	  9.0685e-03	  2.0099e-03	  1.6340e-05	  3.6339e-02	  3.2067e-03	  4.2709e-04	  2.6784e-03	  1.0476e+04	  9.9033e-02	  1.0048e-01	  0.0000e+00	
  6.5972e+00	  3.1838e-02	  8.2280e-04	  9.1931e-03	  2.0388e-03	  1.6307e-05	  3.7237e-02	  3.2965e-03	  4.2716e-04	  2.7263e-03	  1.0697e+04	  9.9046e-02	  1.0048e-01	  0.0000e+00	
  6.5953e+00	  3.2609e-02	  8.3653e-04	  9.3131e-03	  2.0667e-03	  1.6278e-05	  3.8104e-02	  3.3832e-03	  4.2723e-04	  2.7725e-03	  1.0909e+04	  9.9058e-02	  1.0047e-01	  0.0000e+00	
  6.5935e+00	  3.3355e-02	  8.4978e-04	  9.4288e-03	  2.0936e-03	  1.6251e-05	  3.8941e-02	  3.4669e-03	  4.2730e-04	  2.8172e-03	  1.1114e+04	  9.9069e-02	  1.0047e-01	  0.0000e+00	
  6.5918e+00	  3.4075e-02	  8.6258e-04	  9.5402e-03	  2.1196e-03	  1.6227e-05	  3.9749e-02	  3.5477e-03	  4.2737e-04	  2.8603e-03	  1.1312e+04	  9.9079e-02	  1.0046e-01	  0.0000e+00	
  6.5902e+00	  3.4770e-02	  8.7494e-04	  9.6476e-03	  2.1447e-03	  1.6204e-05	  4.0530e-02	  3.6258e-03	  4.2743e-04	  2.9018e-03	  1.1502e+04	  9.9088e-02	  1.0046e-01	  0.0000e+00	
  6.5886e+00	  3.5441e-02	  8.8688e-04	  9.7511e-03	  2.1689e-03	  1.6184e-05	  4.1284e-02	  3.7011e-03	  4.2749e-04	  2.9420e-03	  1.1686e+04	  9.9097e-02	  1.0045e-01	  0.0000e+00	
  6.5871e+00	  3.6089e-02	  8.9840e-04	  9.8509e-03	  2.1922e-03	  1.6165e-05	  4.2012e-02	  3.7739e-03	  4.2755e-04	  2.9807e-03	  1.1863e+04	  9.9105e-02	  1.0045e-01	  0.0000e+00	
  6.5857e+00	  3.6715e-02	  9.0954e-04	  9.9471e-03	  2.2147e-03	  1.6147e-05	  4.2714e-02	  3.8442e-03	  4.2760e-04	  3.0182e-03	  1.2033e+04	  9.9113e-02	  1.0044e-01	  0.0000e+00	
  6.5844e+00	  3.7320e-02	  9.2029e-04	  1.0040e-02	  2.2365e-03	  1.6131e-05	  4.3393e-02	  3.9120e-03	  4.2765e-04	  3.0543e-03	  1.2198e+04	  9.9120e-02	  1.0044e-01	  0.0000e+00	
  6.5831e+00	  3.7904e-02	  9.3067e-04	  1.0129e-02	  2.2574e-03	  1.6116e-05	  4.4048e-02	  3.9776e-03	  4.2770e-04	  3.0891e-03	  1.2356e+04	  9.9127e-02	  1.0044e-01	  0.0000e+00	
  6.5818e+00	  3.8467e-02	  9.4069e-04	  1.0216e-02	  2.2777e-03	  1.6102e-05	  4.4681e-02	  4.0408e-03	  4.2775e-04	  3.1228e-03	  1.2509e+04	  9.9133e-02	  1.0043e-01	  0.0000e+00	
  6.5806e+00	  3.9012e-02	  9.5037e-04	  1.0299e-02	  2.2972e-03	  1.6089e-05	  4.5292e-02	  4.1019e-03	  4.2779e-04	  3.1553e-03	  1.2657e+04	  9.9139e-02	  1.0043e-01	  0.0000e+00	
  6.5795e+00	  3.9538e-02	  9.5972e-04	  1.0379e-02	  2.3161e-03	  1.6077e-05	  4.5882e-02	  4.1609e-03	  4.2784e-04	  3.1867e-03	  1.2799e+04	  9.9144e-02	  1.0043e-01	  0.0000e+00	
  6.5784e+00	  4.0045e-02	  9.6875e-04	  1.0457e-02	  2.3343e-03	  1.6066e-05	  4.6452e-02	  4.2179e-03	  4.2788e-04	  3.2169e-03	  1.2936e+04	  9.9150e-02	  1.0042e-01	  0.0000e+00	
  6.5773e+00	  4.0536e-02	  9.7747e-04	  1.0531e-02	  2.3519e-03	  1.6055e-05	  4.7002e-02	  4.2729e-03	  4.2792e-04	  3.2462e-03	  1.3068e+04	  9.9154e-02	  1.0042e-01	  0.0000e+00	
  6.5763e+00	  4.1009e-02	  9.8589e-04	  1.0603e-02	  2.3689e-03	  1.6046e-05	  4.7533e-02	  4.3260e-03	  4.2796e-04	  3.2744e-03	  1.3196e+04	  9.9159e-02	  1.0042e-01	  0.0000e+00	
  6.5754e+00	  4.1466e-02	  9.9402e-04	  1.0673e-02	  2.3853e-03	  1.6037e-05	  4.8046e-02	  4.3773e-03	  4.2799e-04	  3.3016e-03	  1.3319e+04	  9.9163e-02	  1.0042e-01	  0.0000e+00	
  6.5745e+00	  4.1908e-02	  1.0019e-03	  1.0740e-02	  2.4011e-03	  1.6028e-05	  4.8541e-02	  4.4268e-03	  4.2803e-04	  3.3279e-03	  1.3438e+04	  9.9167e-02	  1.0042e-01	  0.0000e+00	
  6.5736e+00	  4.2334e-02	  1.0094e-03	  1.0805e-02	  2.4164e-03	  1.6020e-05	  4.9020e-02	  4.4746e-03	  4.2806e-04	  3.3533e-03	  1.3552e+04	  9.9171e-02	  1.0041e-01	  0.0000e+00	
  6.5727e+00	  4.2746e-02	  1.0168e-03	  1.0867e-02	  2.4311e-03	  1.6013e-05	  4.9481e-02	  4.5208e-03	  4.2809e-04	  3.3779e-03	  1.3663e+04	  9.9175e-02	  1.0041e-01	  0.0000e+00	
  6.5719e+00	  4.3143e-02	  1.0238e-03	  1.0927e-02	  2.4454e-03	  1.6006e-05	  4.9927e-02	  4.5654e-03	  4.2812e-04	  3.4015e-03	  1.3769e+04	  9.9178e-02	  1.0041e-01	  0.0000e+00	
  6.5711e+00	  4.3527e-02	  1.0307e-03	  1.0986e-02	  2.4591e-03	  1.5999e-05	  5.0358e-02	  4.6084e-03	  4.2815e-04	  3.4244e-03	  1.3872e+04	  9.9181e-02	  1.0041e-01	  0.0000e+00	
  6.5703e+00	  4.3898e-02	  1.0373e-03	  1.1042e-02	  2.4724e-03	  1.5993e-05	  5.0774e-02	  4.6500e-03	  4.2818e-04	  3.4464e-03	  1.3971e+04	  9.9185e-02	  1.0041e-01	  0.0000e+00	
  6.5696e+00	  4.4256e-02	  1.0436e-03	  1.1096e-02	  2.4852e-03	  1.5987e-05	  5.1175e-02	  4.6901e-03	  4.2821e-04	  3.4677e-03	  1.4067e+04	  9.9187e-02	  1.0041e-01	  0.0000e+00	
  6.5689e+00	  4.4602e-02	  1.0498e-03	  1.1148e-02	  2.4976e-03	  1.5981e-05	  5.1563e-02	  4.7289e-03	  4.2824e-04	  3.4883e-03	  1.4160e+04	  9.9190e-02	  1.0040e-01	  0.0000e+00	
  6.5682e+00	  4.4935e-02	  1.0557e-03	  1.1199e-02	  2.5096e-03	  1.5976e-05	  5.1937e-02	  4.7663e-03	  4.2826e-04	  3.5081e-03	  1.4249e+04	  9.9193e-02	  1.0040e-01	  0.0000e+00	
  6.5676e+00	  4.5258e-02	  1.0614e-03	  1.1247e-02	  2.5211e-03	  1.5971e-05	  5.2299e-02	  4.8024e-03	  4.2828e-04	  3.5273e-03	  1.4335e+04	  9.9195e-02	  1.0040e-01	  0.0000e+00	
  6.5670e+00	  4.5569e-02	  1.0670e-03	  1.1294e-02	  2.5323e-03	  1.5967e-05	  5.2648e-02	  4.8373e-03	  4.2831e-04	  3.5458e-03	  1.4418e+04	  9.9198e-02	  1.0040e-01	  0.0000e+00	
  6.5664e+00	  4.5870e-02	  1.0723e-03	  1.1340e-02	  2.5430e-03	  1.5962e-05	  5.2985e-02	  4.8710e-03	  4.2833e-04	  3.5637e-03	  1.4498e+04	  9.9200e-02	  1.0040e-01	  0.0000e+00	
  6.5658e+00	  4.6160e-02	  1.0775e-03	  1.1383e-02	  2.5534e-03	  1.5958e-05	  5.3310e-02	  4.9036e-03	  4.2835e-04	  3.5809e-03	  1.4575e+04	  9.9202e-02	  1.0040e-01	  0.0000e+00	
  6.5652e+00	  4.6440e-02	  1.0825e-03	  1.1426e-02	  2.5634e-03	  1.5954e-05	  5.3624e-02	  4.9350e-03	  4.2837e-04	  3.5976e-03	  1.4650e+04	  9.9204e-02	  1.0040e-01	  0.0000e+00	
  6.5647e+00	  4.6711e-02	  1.0873e-03	  1.1466e-02	  2.5731e-03	  1.5951e-05	  5.3928e-02	  4.9653e-03	  4.2839e-04	  3.6137e-03	  1.4722e+04	  9.9206e-02	  1.0040e-01	  0.0000e+00	
  6.5642e+00	  4.6972e-02	  1.0919e-03	  1.1506e-02	  2.5825e-03	  1.5947e-05	  5.4221e-02	  4.9946e-03	  4.2841e-04	  3.6292e-03	  1.4791e+04	  9.9208e-02	  1.0040e-01	  0.0000e+00	
  6.5637e+00	  4.7224e-02	  1.0964e-03	  1.1544e-02	  2.5915e-03	  1.5944e-05	  5.4504e-02	  5.0229e-03	  4.2843e-04	  3.6442e-03	  1.4858e+04	  9.9210e-02	  1.0039e-01	  0.0000e+00	
  6.5632e+00	  4.7468e-02	  1.1007e-03	  1.1581e-02	  2.6002e-03	  1.5941e-05	  5.4777e-02	  5.0502e-03	  4.2845e-04	  3.6586e-03	  1.4923e+04	  9.9212e-02	  1.0039e-01	  0.0000e+00	
  6.5628e+00	  4.7703e-02	  1.1049e-03	  1.1616e-02	  2.6087e-03	  1.5938e-05	  5.5041e-02	  5.0766e-03	  4.2846e-04	  3.6726e-03	  1.4985e+04	  9.9213e-02	  1.0039e-01	  0.0000e+00	
  6.5623e+00	  4.7931e-02	  1.1090e-03	  1.1650e-02	  2.6168e-03	  1.5935e-05	  5.5295e-02	  5.1021e-03	  4.2848e-04	  3.6861e-03	  1.5046e+04	  9.9215e-02	  1.0039e-01	  0.0000e+00	
  6.5619e+00	  4.8150e-02	  1.1129e-03	  1.1683e-02	  2.6247e-03	  1.5932e-05	  5.5541e-02	  5.1267e-03	  4.2849e-04	  3.6991e-03	  1.5104e+04	  9.9216e-02	  1.0039e-01	  0.0000e+00	
  6.5615e+00	  4.8362e-02	  1.1166e-03	  1.1715e-02	  2.6322e-03	  1.5930e-05	  5.5779e-02	  5.1504e-03	  4.2851e-04	  3.7117e-03	  1.5160e+04	  9.9218e-02	  1.0039e-01	  0.0000e+00	
  6.5611e+00	  4.8567e-02	  1.1203e-03	  1.1746e-02	  2.6396e-03	  1.5927e-05	  5.6008e-02	  5.1733e-03	  4.2852e-04	  3.7239e-03	  1.5214e+04	  9.9219e-02	  1.0039e-01	  0.0000e+00	
  6.5607e+00	  4.8764e-02	  1.1238e-03	  1.1775e-02	  2.6466e-03	  1.5925e-05	  5.6230e-02	  5.1955e-03	  4.2854e-04	  3.7356e-03	  1.5266e+04	  9.9220e-02	  1.0039e-01	  0.0000e+00	
  6.5603e+00	  4.8955e-02	  1.1272e-03	  1.1804e-02	  2.6535e-03	  1.5923e-05	  5.6443e-02	  5.2169e-03	  4.2855e-04	  3.7469e-03	  1.5317e+04	  9.9222e-02	  1.0039e-01	  0.0000e+00	
  6.5600e+00	  4.9139e-02	  1.1305e-03	  1.1832e-02	  2.6601e-03	  1.5921e-05	  5.6650e-02	  5.2375e-03	  4.2856e-04	  3.7578e-03	  1.5366e+04	  9.9223e-02	  1.0039e-01	  0.0000e+00	
  6.5597e+00	  4.9317e-02	  1.1336e-03	  1.1858e-02	  2.6664e-03	  1.5919e-05	  5.6849e-02	  5.2574e-03	  4.2858e-04	  3.7684e-03	  1.5413e+04	  9.9224e-02	  1.0039e-01	  0.0000e+00	
  6.5593e+00	  4.9489e-02	  1.1367e-03	  1.1884e-02	  2.6726e-03	  1.5917e-05	  5.7042e-02	  5.2767e-03	  4.2859e-04	  3.7786e-03	  1.5458e+04	  9.9225e-02	  1.0039e-01	  0.0000e+00	
  6.5590e+00	  4.9654e-02	  1.1396e-03	  1.1909e-02	  2.6785e-03	  1.5915e-05	  5.7228e-02	  5.2953e-03	  4.2860e-04	  3.7884e-03	  1.5502e+04	  9.9226e-02	  1.0039e-01	  0.0000e+00	
  6.5587e+00	  4.9815e-02	  1.1425e-03	  1.1933e-02	  2.6842e-03	  1.5913e-05	  5.7407e-02	  5.3132e-03	  4.2861e-04	  3.7979e-03	  1.5544e+04	  9.9227e-02	  1.0039e-01	  0.0000e+00	
  6.5584e+00	  4.9969e-02	  1.1452e-03	  1.1956e-02	  2.6898e-03	  1.5912e-05	  5.7580e-02	  5.3305e-03	  4.2862e-04	  3.8071e-03	  1.5585e+04	  9.9228e-02	  1.0039e-01	  0.0000e+00	
  6.5581e+00	  5.0119e-02	  1.1479e-03	  1.1979e-02	  2.6951e-03	  1.5910e-05	  5.7748e-02	  5.3473e-03	  4.2863e-04	  3.8159e-03	  1.5624e+04	  9.9229e-02	  1.0038e-01	  0.0000e+00	
  6.5579e+00	  5.0263e-02	  1.1504e-03	  1.2000e-02	  2.7003e-03	  1.5909e-05	  5.7909e-02	  5.3634e-03	  4.2864e-04	  3.8245e-03	  1.5662e+04	  9.9230e-02	  1.0038e-01	  0.0000e+00	
  6.5576e+00	  5.0402e-02	  1.1529e-03	  1.2021e-02	  2.7053e-03	  1.5907e-05	  5.8065e-02	  5.3790e-03	  4.2865e-04	  3.8327e-03	  1.5699e+04	  9.9231e-02	  1.0038e-01	  0.0000e+00	
  6.5573e+00	  5.0536e-02	  1.1553e-03	  1.2041e-02	  2.7101e-03	  1.5906e-05	  5.8216e-02	  5.3941e-03	  4.2866e-04	  3.8407e-03	  1.5735e+04	  9.9232e-02	  1.0038e-01	  0.0000e+00	
  6.5571e+00	  5.0666e-02	  1.1576e-03	  1.2061e-02	  2.7147e-03	  1.5904e-05	  5.8362e-02	  5.4086e-03	  4.2867e-04	  3.8484e-03	  1.5769e+04	  9.9232e-02	  1.0038e-01	  0.0000e+00	
  6.5569e+00	  5.0792e-02	  1.1598e-03	  1.2079e-02	  2.7192e-03	  1.5903e-05	  5.8502e-02	  5.4227e-03	  4.2868e-04	  3.8558e-03	  1.5802e+04	  9.9233e-02	  1.0038e-01	  0.0000e+00	
  6.5566e+00	  5.0913e-02	  1.1620e-03	  1.2097e-02	  2.7235e-03	  1.5902e-05	  5.8638e-02	  5.4363e-03	  4.2869e-04	  3.8630e-03	  1.5834e+04	  9.9234e-02	  1.0038e-01	  0.0000e+00	
  6.5564e+00	  5.1030e-02	  1.1641e-03	  1.2115e-02	  2.7277e-03	  1.5901e-05	  5.8769e-02	  5.4493e-03	  4.2869e-04	  3.8699e-03	  1.5864e+04	  9.9235e-02	  1.0038e-01	  0.0000e+00	
  6.5562e+00	  5.1142e-02	  1.1661e-03	  1.2132e-02	  2.7318e-03	  1.5900e-05	  5.8895e-02	  5.4620e-03	  4.2870e-04	  3.8766e-03	  1.5894e+04	  9.9235e-02	  1.0038e-01	  0.0000e+00	
  6.5560e+00	  5.1251e-02	  1.1680e-03	  1.2148e-02	  2.7357e-03	  1.5899e-05	  5.9017e-02	  5.4742e-03	  4.2871e-04	  3.8831e-03	  1.5923e+04	  9.9236e-02	  1.0038e-01	  0.0000e+00	
  6.5558e+00	  5.1357e-02	  1.1699e-03	  1.2164e-02	  2.7394e-03	  1.5898e-05	  5.9135e-02	  5.4860e-03	  4.2872e-04	  3.8893e-03	  1.5951e+04	  9.9237e-02	  1.0038e-01	  0.0000e+00	
  6.5556e+00	  5.1458e-02	  1.1717e-03	  1.2179e-02	  2.7431e-03	  1.5897e-05	  5.9249e-02	  5.4974e-03	  4.2872e-04	  3.8953e-03	  1.5977e+04	  9.9237e-02	  1.0038e-01	  0.0000e+00	
  6.5554e+00	  5.1556e-02	  1.1734e-03	  1.2194e-02	  2.7466e-03	  1.5896e-05	  5.9359e-02	  5.5084e-03	  4.2873e-04	  3.9011e-03	  1.6003e+04	  9.9238e-02	  1.0038e-01	  0.0000e+00	
  6.5552e+00	  5.1651e-02	  1.1751e-03	  1.2208e-02	  2.7500e-03	  1.5895e-05	  5.9465e-02	  5.5190e-03	  4.2874e-04	  3.9068e-03	  1.6028e+04	  9.9238e-02	  1.0038e-01	  0.0000e+00	
  6.5551e+00	  5.1743e-02	  1.1767e-03	  1.2222e-02	  2.7533e-03	  1.5894e-05	  5.9568e-02	  5.5292e-03	  4.2874e-04	  3.9122e-03	  1.6052e+04	  9.9239e-02	  1.0038e-01	  0.0000e+00	
  6.5549e+00	  5.1831e-02	  1.1783e-03	  1.2235e-02	  2.7564e-03	  1.5893e-05	  5.9667e-02	  5.5391e-03	  4.2875e-04	  3.9174e-03	  1.6075e+04	  9.9239e-02	  1.0038e-01	  0.0000e+00	
  6.5548e+00	  5.1916e-02	  1.1798e-03	  1.2248e-02	  2.7595e-03	  1.5892e-05	  5.9762e-02	  5.5487e-03	  4.2875e-04	  3.9225e-03	  1.6098e+04	  9.9240e-02	  1.0038e-01	  0.0000e+00	
  6.5546e+00	  5.1999e-02	  1.1813e-03	  1.2260e-02	  2.7624e-03	  1.5892e-05	  5.9855e-02	  5.5579e-03	  4.2876e-04	  3.9273e-03	  1.6119e+04	  9.9240e-02	  1.0038e-01	  0.0000e+00	
  6.5545e+00	  5.2078e-02	  1.1827e-03	  1.2272e-02	  2.7653e-03	  1.5891e-05	  5.9944e-02	  5.5668e-03	  4.2876e-04	  3.9321e-03	  1.6140e+04	  9.9241e-02	  1.0038e-01	  0.0000e+00	
  6.5543e+00	  5.2155e-02	  1.1841e-03	  1.2283e-02	  2.7680e-03	  1.5890e-05	  6.0030e-02	  5.5754e-03	  4.2877e-04	  3.9366e-03	  1.6161e+04	  9.9241e-02	  1.0038e-01	  0.0000e+00	
  6.5542e+00	  5.2229e-02	  1.1854e-03	  1.2294e-02	  2.7707e-03	  1.5890e-05	  6.0113e-02	  5.5837e-03	  4.2877e-04	  3.9410e-03	  1.6180e+04	  9.9242e-02	  1.0038e-01	  0.0000e+00	
  6.5540e+00	  5.2301e-02	  1.1867e-03	  1.2305e-02	  2.7732e-03	  1.5889e-05	  6.0193e-02	  5.5918e-03	  4.2878e-04	  3.9452e-03	  1.6199e+04	  9.9242e-02	  1.0038e-01	  0.0000e+00	
  6.5539e+00	  5.2370e-02	  1.1879e-03	  1.2315e-02	  2.7757e-03	  1.5888e-05	  6.0271e-02	  5.5995e-03	  4.2878e-04	  3.9493e-03	  1.6217e+04	  9.9242e-02	  1.0038e-01	  0.0000e+00	
  6.5538e+00	  5.2437e-02	  1.1891e-03	  1.2325e-02	  2.7781e-03	  1.5888e-05	  6.0345e-02	  5.6070e-03	  4.2879e-04	  3.9533e-03	  1.6235e+04	  9.9243e-02	  1.0038e-01	  0.0000e+00	
  6.5537e+00	  5.2501e-02	  1.1902e-03	  1.2335e-02	  2.7804e-03	  1.5887e-05	  6.0418e-02	  5.6142e-03	  4.2879e-04	  3.9571e-03	  1.6252e+04	  9.9243e-02	  1.0038e-01	  0.0000e+00	
  6.5536e+00	  5.2563e-02	  1.1913e-03	  1.2344e-02	  2.7826e-03	  1.5887e-05	  6.0487e-02	  5.6212e-03	  4.2880e-04	  3.9608e-03	  1.6268e+04	  9.9244e-02	  1.0038e-01	  0.0000e+00	
  6.5534e+00	  5.2623e-02	  1.1924e-03	  1.2353e-02	  2.7848e-03	  1.5886e-05	  6.0555e-02	  5.6279e-03	  4.2880e-04	  3.9643e-03	  1.6284e+04	  9.9244e-02	  1.0038e-01	  0.0000e+00	
  6.5533e+00	  5.2681e-02	  1.1934e-03	  1.2362e-02	  2.7869e-03	  1.5886e-05	  6.0620e-02	  5.6344e-03	  4.2880e-04	  3.9678e-03	  1.6299e+04	  9.9244e-02	  1.0038e-01	  0.0000e+00	
  6.5532e+00	  5.2737e-02	  1.1944e-03	  1.2370e-02	  2.7889e-03	  1.5885e-05	  6.0683e-02	  5.6407e-03	  4.2881e-04	  3.9711e-03	  1.6314e+04	  9.9245e-02	  1.0038e-01	  0.0000e+00	
  6.5531e+00	  5.2792e-02	  1.1954e-03	  1.2378e-02	  2.7908e-03	  1.5885e-05	  6.0743e-02	  5.6468e-03	  4.2881e-04	  3.9743e-03	  1.6328e+04	  9.9245e-02	  1.0038e-01	  0.0000e+00	
  6.5530e+00	  5.2844e-02	  1.1963e-03	  1.2386e-02	  2.7927e-03	  1.5884e-05	  6.0802e-02	  5.6526e-03	  4.2881e-04	  3.9774e-03	  1.6341e+04	  9.9245e-02	  1.0038e-01	  0.0000e+00	
  6.5529e+00	  5.2894e-02	  1.1972e-03	  1.2394e-02	  2.7945e-03	  1.5884e-05	  6.0858e-02	  5.6583e-03	  4.2882e-04	  3.9804e-03	  1.6355e+04	  9.9245e-02	  1.0038e-01	  0.0000e+00	
  6.5529e+00	  5.2943e-02	  1.1981e-03	  1.2401e-02	  2.7962e-03	  1.5883e-05	  6.0913e-02	  5.6637e-03	  4.2882e-04	  3.9833e-03	  1.6368e+04	  9.9246e-02	  1.0038e-01	  0.0000e+00	
  6.5528e+00	  5.2990e-02	  1.1989e-03	  1.2408e-02	  2.7979e-03	  1.5883e-05	  6.0966e-02	  5.6690e-03	  4.2882e-04	  3.9861e-03	  1.6380e+04	  9.9246e-02	  1.0038e-01	  0.0000e+00	
  6.5527e+00	  5.3035e-02	  1.1997e-03	  1.2415e-02	  2.7995e-03	  1.5883e-05	  6.1016e-02	  5.6741e-03	  4.2883e-04	  3.9887e-03	  1.6392e+04	  9.9246e-02	  1.0038e-01	  0.0000e+00	
  6.5526e+00	  5.3079e-02	  1.2005e-03	  1.2421e-02	  2.8011e-03	  1.5882e-05	  6.1066e-02	  5.6790e-03	  4.2883e-04	  3.9913e-03	  1.6403e+04	  9.9246e-02	  1.0038e-01	  0.0000e+00	
  6.5525e+00	  5.3122e-02	  1.2013e-03	  1.2428e-02	  2.8026e-03	  1.5882e-05	  6.1113e-02	  5.6837e-03	  4.2883e-04	  3.9938e-03	  1.6414e+04	  9.9247e-02	  1.0038e-01	  0.0000e+00	
  6.5525e+00	  5.3163e-02	  1.2020e-03	  1.2434e-02	  2.8041e-03	  1.5882e-05	  6.1159e-02	  5.6883e-03	  4.2884e-04	  3.9963e-03	  1.6425e+04	  9.9247e-02	  1.0038e-01	  0.0000e+00	
  6.5524e+00	  5.3202e-02	  1.2027e-03	  1.2440e-02	  2.8055e-03	  1.5881e-05	  6.1203e-02	  5.6927e-03	  4.2884e-04	  3.9986e-03	  1.6435e+04	  9.9247e-02	  1.0038e-01	  0.0000e+00	
  6.5523e+00	  5.3240e-02	  1.2034e-03	  1.2445e-02	  2.8069e-03	  1.5881e-05	  6.1246e-02	  5.6970e-03	  4.2884e-04	  4.0009e-03	  1.6445e+04	  9.9247e-02	  1.0038e-01	  0.0000e+00	
  6.5522e+00	  5.3277e-02	  1.2040e-03	  1.2451e-02	  2.8082e-03	  1.5881e-05	  6.1287e-02	  5.7011e-03	  4.2884e-04	  4.0030e-03	  1.6455e+04	  9.9247e-02	  1.0038e-01	  0.0000e+00	
  6.5522e+00	  5.3313e-02	  1.2047e-03	  1.2456e-02	  2.8095e-03	  1.5880e-05	  6.1327e-02	  5.7051e-03	  4.2885e-04	  4.0051e-03	  1.6464e+04	  9.9248e-02	  1.0038e-01	  0.0000e+00	
  6.5521e+00	  5.3347e-02	  1.2053e-03	  1.2461e-02	  2.8107e-03	  1.5880e-05	  6.1365e-02	  5.7090e-03	  4.2885e-04	  4.0072e-03	  1.6473e+04	  9.9248e-02	  1.0038e-01	  0.0000e+00	
  6.5521e+00	  5.3380e-02	  1.2059e-03	  1.2466e-02	  2.8119e-03	  1.5880e-05	  6.1402e-02	  5.7127e-03	  4.2885e-04	  4.0091e-03	  1.6482e+04	  9.9248e-02	  1.0038e-01	  0.0000e+00	
  6.5520e+00	  5.3412e-02	  1.2064e-03	  1.2471e-02	  2.8130e-03	  1.5880e-05	  6.1438e-02	  5.7163e-03	  4.2885e-04	  4.0110e-03	  1.6490e+04	  9.9248e-02	  1.0038e-01	  0.0000e+00	
  6.5519e+00	  5.3443e-02	  1.2070e-03	  1.2476e-02	  2.8141e-03	  1.5879e-05	  6.1473e-02	  5.7197e-03	  4.2885e-04	  4.0129e-03	  1.6499e+04	  9.9248e-02	  1.0038e-01	  0.0000e+00	
  6.5519e+00	  5.3473e-02	  1.2075e-03	  1.2480e-02	  2.8152e-03	  1.5879e-05	  6.1506e-02	  5.7231e-03	  4.2886e-04	  4.0146e-03	  1.6506e+04	  9.9249e-02	  1.0038e-01	  0.0000e+00	
  6.5518e+00	  5.3502e-02	  1.2080e-03	  1.2484e-02	  2.8162e-03	  1.5879e-05	  6.1539e-02	  5.7263e-03	  4.2886e-04	  4.0163e-03	  1.6514e+04	  9.9249e-02	  1.0038e-01	  0.0000e+00	
  6.5518e+00	  5.3529e-02	  1.2085e-03	  1.2489e-02	  2.8172e-03	  1.5879e-05	  6.1570e-02	  5.7294e-03	  4.2886e-04	  4.0180e-03	  1.6521e+04	  9.9249e-02	  1.0038e-01	  0.0000e+00	
  6.5517e+00	  5.3556e-02	  1.2090e-03	  1.2493e-02	  2.8182e-03	  1.5878e-05	  6.1600e-02	  5.7324e-03	  4.2886e-04	  4.0196e-03	  1.6528e+04	  9.9249e-02	  1.0038e-01	  0.0000e+00	
  6.5517e+00	  5.3582e-02	  1.2095e-03	  1.2496e-02	  2.8191e-03	  1.5878e-05	  6.1629e-02	  5.7353e-03	  4.2886e-04	  4.0211e-03	  1.6535e+04	  9.9249e-02	  1.0037e-01	  0.0000e+00	
  6.5516e+00	  5.3607e-02	  1.2099e-03	  1.2500e-02	  2.8200e-03	  1.5878e-05	  6.1657e-02	  5.7381e-03	  4.2886e-04	  4.0226e-03	  1.6542e+04	  9.9249e-02	  1.0037e-01	  0.0000e+00	
  6.5516e+00	  5.3631e-02	  1.2103e-03	  1.2504e-02	  2.8209e-03	  1.5878e-05	  6.1684e-02	  5.7408e-03	  4.2887e-04	  4.0240e-03	  1.6548e+04	  9.9249e-02	  1.0037e-01	  0.0000e+00	
  6.5516e+00	  5.3655e-02	  1.2107e-03	  1.2507e-02	  2.8217e-03	  1.5878e-05	  6.1710e-02	  5.7435e-03	  4.2887e-04	  4.0254e-03	  1.6554e+04	  9.9250e-02	  1.0037e-01	  0.0000e+00	
  6.5515e+00	  5.3677e-02	  1.2112e-03	  1.2511e-02	  2.8225e-03	  1.5878e-05	  6.1736e-02	  5.7460e-03	  4.2887e-04	  4.0267e-03	  1.6560e+04	  9.9250e-02	  1.0037e-01	  0.0000e+00	
  6.5515e+00	  5.3699e-02	  1.2115e-03	  1.2514e-02	  2.8233e-03	  1.5877e-05	  6.1760e-02	  5.7484e-03	  4.2887e-04	  4.0280e-03	  1.6566e+04	  9.9250e-02	  1.0037e-01	  0.0000e+00	
  6.5514e+00	  5.3720e-02	  1.2119e-03	  1.2517e-02	  2.8241e-03	  1.5877e-05	  6.1783e-02	  5.7508e-03	  4.2887e-04	  4.0293e-03	  1.6571e+04	  9.9250e-02	  1.0037e-01	  0.0000e+00	
  6.5514e+00	  5.3740e-02	  1.2123e-03	  1.2520e-02	  2.8248e-03	  1.5877e-05	  6.1806e-02	  5.7530e-03	  4.2887e-04	  4.0305e-03	  1.6577e+04	  9.9250e-02	  1.0037e-01	  0.0000e+00	
  6.5514e+00	  5.3760e-02	  1.2126e-03	  1.2523e-02	  2.8255e-03	  1.5877e-05	  6.1828e-02	  5.7552e-03	  4.2887e-04	  4.0316e-03	  1.6582e+04	  9.9250e-02	  1.0037e-01	  0.0000e+00	
  6.5513e+00	  5.3779e-02	  1.2130e-03	  1.2526e-02	  2.8262e-03	  1.5877e-05	  6.1849e-02	  5.7574e-03	  4.2888e-04	  4.0327e-03	  1.6587e+04	  9.9250e-02	  1.0037e-01	  0.0000e+00	
  6.5513e+00	  5.3797e-02	  1.2133e-03	  1.2529e-02	  2.8268e-03	  1.5877e-05	  6.1870e-02	  5.7594e-03	  4.2888e-04	  4.0338e-03	  1.6591e+04	  9.9250e-02	  1.0037e-01	  0.0000e+00	
  6.5513e+00	  5.3815e-02	  1.2136e-03	  1.2531e-02	  2.8274e-03	  1.5876e-05	  6.1890e-02	  5.7614e-03	  4.2888e-04	  4.0349e-03	  1.6596e+04	  9.9250e-02	  1.0037e-01	  0.0000e+00	
  6.5512e+00	  5.3832e-02	  1.2139e-03	  1.2534e-02	  2.8281e-03	  1.5876e-05	  6.1909e-02	  5.7633e-03	  4.2888e-04	  4.0359e-03	  1.6600e+04	  9.9250e-02	  1.0037e-01	  0.0000e+00	
  6.5512e+00	  5.3848e-02	  1.2142e-03	  1.2536e-02	  2.8286e-03	  1.5876e-05	  6.1927e-02	  5.7651e-03	  4.2888e-04	  4.0369e-03	  1.6605e+04	  9.9251e-02	  1.0037e-01	  0.0000e+00	
  6.5512e+00	  5.3864e-02	  1.2145e-03	  1.2539e-02	  2.8292e-03	  1.5876e-05	  6.1945e-02	  5.7669e-03	  4.2888e-04	  4.0378e-03	  1.6609e+04	  9.9251e-02	  1.0037e-01	  0.0000e+00	
  6.5511e+00	  5.3880e-02	  1.2147e-03	  1.2541e-02	  2.8298e-03	  1.5876e-05	  6.1962e-02	  5.7686e-03	  4.2888e-04	  4.0387e-03	  1.6613e+04	  9.9251e-02	  1.0037e-01	  0.0000e+00	
  6.5511e+00	  5.3894e-02	  1.2150e-03	  1.2543e-02	  2.8303e-03	  1.5876e-05	  6.1979e-02	  5.7703e-03	  4.2888e-04	  4.0396e-03	  1.6617e+04	  9.9251e-02	  1.0037e-01	  0.0000e+00	
  6.5511e+00	  5.3909e-02	  1.2153e-03	  1.2545e-02	  2.8308e-03	  1.5876e-05	  6.1995e-02	  5.7719e-03	  4.2888e-04	  4.0404e-03	  1.6621e+04	  9.9251e-02	  1.0037e-01	  0.0000e+00	
  6.5511e+00	  5.3922e-02	  1.2155e-03	  1.2547e-02	  2.8313e-03	  1.5876e-05	  6.2010e-02	  5.7734e-03	  4.2889e-04	  4.0412e-03	  1.6624e+04	  9.9251e-02	  1.0037e-01	  0.0000e+00	
  6.5510e+00	  5.3936e-02	  1.2157e-03	  1.2549e-02	  2.8318e-03	  1.5875e-05	  6.2025e-02	  5.7749e-03	  4.2889e-04	  4.0420e-03	  1.6628e+04	  9.9251e-02	  1.0037e-01	  0.0000e+00	
  6.5510e+00	  5.3949e-02	  1.2160e-03	  1.2551e-02	  2.8322e-03	  1.5875e-05	  6.2039e-02	  5.7764e-03	  4.2889e-04	  4.0428e-03	  1.6631e+04	  9.9251e-02	  1.0037e-01	  0.0000e+00	
  6.5510e+00	  5.3961e-02	  1.2162e-03	  1.2553e-02	  2.8327e-03	  1.5875e-05	  6.2053e-02	  5.7778e-03	  4.2889e-04	  4.0435e-03	  1.6634e+04	  9.9251e-02	  1.0037e-01	  0.0000e+00	
  6.5510e+00	  5.3973e-02	  1.2164e-03	  1.2555e-02	  2.8331e-03	  1.5875e-05	  6.2067e-02	  5.7791e-03	  4.2889e-04	  4.0442e-03	  1.6637e+04	  9.9251e-02	  1.0037e-01	  0.0000e+00	
  6.5510e+00	  5.3985e-02	  1.2166e-03	  1.2557e-02	  2.8335e-03	  1.5875e-05	  6.2080e-02	  5.7804e-03	  4.2889e-04	  4.0449e-03	  1.6641e+04	  9.9251e-02	  1.0037e-01	  0.0000e+00	
  6.5509e+00	  5.3996e-02	  1.2168e-03	  1.2558e-02	  2.8339e-03	  1.5875e-05	  6.2092e-02	  5.7817e-03	  4.2889e-04	  4.0456e-03	  1.6643e+04	  9.9251e-02	  1.0037e-01	  0.0000e+00	
  6.5509e+00	  5.4007e-02	  1.2170e-03	  1.2560e-02	  2.8343e-03	  1.5875e-05	  6.2105e-02	  5.7829e-03	  4.2889e-04	  4.0462e-03	  1.6646e+04	  9.9251e-02	  1.0037e-01	  0.0000e+00	
  6.5509e+00	  5.4017e-02	  1.2172e-03	  1.2561e-02	  2.8347e-03	  1.5875e-05	  6.2116e-02	  5.7840e-03	  4.2889e-04	  4.0468e-03	  1.6649e+04	  9.9251e-02	  1.0037e-01	  0.0000e+00	
  6.5509e+00	  5.4027e-02	  1.2174e-03	  1.2563e-02	  2.8350e-03	  1.5875e-05	  6.2128e-02	  5.7852e-03	  4.2889e-04	  4.0474e-03	  1.6652e+04	  9.9252e-02	  1.0037e-01	  0.0000e+00	
  6.5509e+00	  5.4037e-02	  1.2175e-03	  1.2564e-02	  2.8354e-03	  1.5875e-05	  6.2138e-02	  5.7863e-03	  4.2889e-04	  4.0480e-03	  1.6654e+04	  9.9252e-02	  1.0037e-01	  0.0000e+00	
  6.5508e+00	  5.4046e-02	  1.2177e-03	  1.2566e-02	  2.8357e-03	  1.5875e-05	  6.2149e-02	  5.7873e-03	  4.2889e-04	  4.0486e-03	  1.6657e+04	  9.9252e-02	  1.0037e-01	  0.0000e+00	
  6.5508e+00	  5.4055e-02	  1.2179e-03	  1.2567e-02	  2.8361e-03	  1.5875e-05	  6.2159e-02	  5.7883e-03	  4.2889e-04	  4.0491e-03	  1.6659e+04	  9.9252e-02	  1.0037e-01	  0.0000e+00	
  6.5508e+00	  5.4064e-02	  1.2180e-03	  1.2568e-02	  2.8364e-03	  1.5875e-05	  6.2169e-02	  5.7893e-03	  4.2889e-04	  4.0496e-03	  1.6661e+04	  9.9252e-02	  1.0037e-01	  0.0000e+00	
  6.5508e+00	  5.4073e-02	  1.2182e-03	  1.2570e-02	  2.8367e-03	  1.5874e-05	  6.2178e-02	  5.7903e-03	  4.2889e-04	  4.0501e-03	  1.6664e+04	  9.9252e-02	  1.0037e-01	  0.0000e+00	
  6.5508e+00	  5.4081e-02	  1.2183e-03	  1.2571e-02	  2.8370e-03	  1.5874e-05	  6.2188e-02	  5.7912e-03	  4.2890e-04	  4.0506e-03	  1.6666e+04	  9.9252e-02	  1.0037e-01	  0.0000e+00	
  6.5508e+00	  5.4089e-02	  1.2185e-03	  1.2572e-02	  2.8373e-03	  1.5874e-05	  6.2196e-02	  5.7921e-03	  4.2890e-04	  4.0511e-03	  1.6668e+04	  9.9252e-02	  1.0037e-01	  0.0000e+00	
  6.5508e+00	  5.4096e-02	  1.2186e-03	  1.2573e-02	  2.8375e-03	  1.5874e-05	  6.2205e-02	  5.7929e-03	  4.2890e-04	  4.0515e-03	  1.6670e+04	  9.9252e-02	  1.0037e-01	  0.0000e+00	
  6.5507e+00	  5.4104e-02	  1.2187e-03	  1.2574e-02	  2.8378e-03	  1.5874e-05	  6.2213e-02	  5.7937e-03	  4.2890e-04	  4.0520e-03	  1.6672e+04	  9.9252e-02	  1.0037e-01	  0.0000e+00	
  6.5507e+00	  5.4111e-02	  1.2189e-03	  1.2575e-02	  2.8380e-03	  1.5874e-05	  6.2221e-02	  5.7945e-03	  4.2890e-04	  4.0524e-03	  1.6674e+04	  9.9252e-02	  1.0037e-01	  0.0000e+00	
  6.5507e+00	  5.4118e-02	  1.2190e-03	  1.2576e-02	  2.8383e-03	  1.5874e-05	  6.2229e-02	  5.7953e-03	  4.2890e-04	  4.0528e-03	  1.6675e+04	  9.9252e-02	  1.0037e-01	  0.0000e+00	
  6.5507e+00	  5.4124e-02	  1.2191e-03	  1.2577e-02	  2.8385e-03	  1.5874e-05	  6.2236e-02	  5.7961e-03	  4.2890e-04	  4.0532e-03	  1.6677e+04	  9.9252e-02	  1.0037e-01	  0.0000e+00	
  6.5507e+00	  5.4131e-02	  1.2192e-03	  1.2578e-02	  2.8388e-03	  1.5874e-05	  6.2244e-02	  5.7968e-03	  4.2890e-04	  4.0536e-03	  1.6679e+04	  9.9252e-02	  1.0037e-01	  0.0000e+00	
  6.5507e+00	  5.4137e-02	  1.2193e-03	  1.2579e-02	  2.8390e-03	  1.5874e-05	  6.2250e-02	  5.7975e-03	  4.2890e-04	  4.0539e-03	  1.6680e+04	  9.9252e-02	  1.0037e-01	  0.0000e+00	
  6.5507e+00	  5.4143e-02	  1.2194e-03	  1.2580e-02	  2.8392e-03	  1.5874e-05	  6.2257e-02	  5.7981e-03	  4.2890e-04	  4.0543e-03	  1.6682e+04	  9.9252e-02	  1.0037e-01	  0.0000e+00	
  6.5507e+00	  5.4149e-02	  1.2195e-03	  1.2581e-02	  2.8394e-03	  1.5874e-05	  6.2264e-02	  5.7988e-03	  4.2890e-04	  4.0546e-03	  1.6683e+04	  9.9252e-02	  1.0037e-01	  0.0000e+00	
  6.5506e+00	  5.4154e-02	  1.2196e-03	  1.2582e-02	  2.8396e-03	  1.5874e-05	  6.2270e-02	  5.7994e-03	  4.2890e-04	  4.0550e-03	  1.6685e+04	  9.9252e-02	  1.0037e-01	  0.0000e+00	
  6.5506e+00	  5.4160e-02	  1.2197e-03	  1.2583e-02	  2.8398e-03	  1.5874e-05	  6.2276e-02	  5.8000e-03	  4.2890e-04	  4.0553e-03	  1.6686e+04	  9.9252e-02	  1.0037e-01	  0.0000e+00	
  6.5506e+00	  5.4165e-02	  1.2198e-03	  1.2583e-02	  2.8400e-03	  1.5874e-05	  6.2282e-02	  5.8006e-03	  4.2890e-04	  4.0556e-03	  1.6688e+04	  9.9252e-02	  1.0037e-01	  0.0000e+00	
  6.5506e+00	  5.4170e-02	  1.2199e-03	  1.2584e-02	  2.8402e-03	  1.5874e-05	  6.2287e-02	  5.8012e-03	  4.2890e-04	  4.0559e-03	  1.6689e+04	  9.9252e-02	  1.0037e-01	  0.0000e+00	
  6.5506e+00	  5.4175e-02	  1.2200e-03	  1.2585e-02	  2.8403e-03	  1.5874e-05	  6.2293e-02	  5.8017e-03	  4.2890e-04	  4.0562e-03	  1.6690e+04	  9.9252e-02	  1.0037e-01	  0.0000e+00	
  6.5506e+00	  5.4179e-02	  1.2201e-03	  1.2586e-02	  2.8405e-03	  1.5874e-05	  6.2298e-02	  5.8022e-03	  4.2890e-04	  4.0565e-03	  1.6692e+04	  9.9252e-02	  1.0037e-01	  0.0000e+00	
  6.5506e+00	  5.4184e-02	  1.2202e-03	  1.2586e-02	  2.8407e-03	  1.5874e-05	  6.2303e-02	  5.8027e-03	  4.2890e-04	  4.0567e-03	  1.6693e+04	  9.9252e-02	  1.0037e-01	  0.0000e+00	
  6.5506e+00	  5.4188e-02	  1.2202e-03	  1.2587e-02	  2.8408e-03	  1.5874e-05	  6.2308e-02	  5.8032e-03	  4.2890e-04	  4.0570e-03	  1.6694e+04	  9.9252e-02	  1.0037e-01	  0.0000e+00	
  6.5506e+00	  5.4193e-02	  1.2203e-03	  1.2588e-02	  2.8410e-03	  1.5874e-05	  6.2313e-02	  5.8037e-03	  4.2890e-04	  4.0572e-03	  1.6695e+04	  9.9252e-02	  1.0037e-01	  0.0000e+00	
  6.5506e+00	  5.4197e-02	  1.2204e-03	  1.2588e-02	  2.8411e-03	  1.5873e-05	  6.2317e-02	  5.8042e-03	  4.2890e-04	  4.0575e-03	  1.6696e+04	  9.9252e-02	  1.0037e-01	  0.0000e+00	
  6.5506e+00	  5.4201e-02	  1.2205e-03	  1.2589e-02	  2.8413e-03	  1.5873e-05	  6.2322e-02	  5.8046e-03	  4.2890e-04	  4.0577e-03	  1.6697e+04	  9.9252e-02	  1.0037e-01	  0.0000e+00	
  6.5506e+00	  5.4205e-02	  1.2205e-03	  1.2589e-02	  2.8414e-03	  1.5873e-05	  6.2326e-02	  5.8050e-03	  4.2890e-04	  4.0579e-03	  1.6698e+04	  9.9252e-02	  1.0037e-01	  0.0000e+00	
  6.5506e+00	  5.4208e-02	  1.2206e-03	  1.2590e-02	  2.8415e-03	  1.5873e-05	  6.2330e-02	  5.8055e-03	  4.2890e-04	  4.0582e-03	  1.6699e+04	  9.9252e-02	  1.0037e-01	  0.0000e+00	
  6.5505e+00	  5.4212e-02	  1.2207e-03	  1.2590e-02	  2.8417e-03	  1.5873e-05	  6.2334e-02	  5.8059e-03	  4.2890e-04	  4.0584e-03	  1.6700e+04	  9.9252e-02	  1.0037e-01	  0.0000e+00	
  6.5505e+00	  5.4215e-02	  1.2207e-03	  1.2591e-02	  2.8418e-03	  1.5873e-05	  6.2338e-02	  5.8062e-03	  4.2890e-04	  4.0586e-03	  1.6701e+04	  9.9252e-02	  1.0037e-01	  0.0000e+00	
  6.5505e+00	  5.4219e-02	  1.2208e-03	  1.2591e-02	  2.8419e-03	  1.5873e-05	  6.2342e-02	  5.8066e-03	  4.2890e-04	  4.0588e-03	  1.6702e+04	  9.9253e-02	  1.0037e-01	  0.0000e+00	
  6.5505e+00	  5.4222e-02	  1.2208e-03	  1.2592e-02	  2.8420e-03	  1.5873e-05	  6.2346e-02	  5.8070e-03	  4.2890e-04	  4.0590e-03	  1.6703e+04	  9.9253e-02	  1.0037e-01	  0.0000e+00	
  6.5505e+00	  5.4225e-02	  1.2209e-03	  1.2592e-02	  2.8421e-03	  1.5873e-05	  6.2349e-02	  5.8073e-03	  4.2890e-04	  4.0591e-03	  1.6703e+04	  9.9253e-02	  1.0037e-01	  0.0000e+00	
  6.5505e+00	  5.4228e-02	  1.2209e-03	  1.2593e-02	  2.8422e-03	  1.5873e-05	  6.2352e-02	  5.8077e-03	  4.2890e-04	  4.0593e-03	  1.6704e+04	  9.9253e-02	  1.0037e-01	  0.0000e+00	
  6.5505e+00	  5.4231e-02	  1.2210e-03	  1.2593e-02	  2.8423e-03	  1.5873e-05	  6.2356e-02	  5.8080e-03	  4.2891e-04	  4.0595e-03	  1.6705e+04	  9.9253e-02	  1.0037e-01	  0.0000e+00	
  6.5505e+00	  5.4234e-02	  1.2210e-03	  1.2594e-02	  2.8424e-03	  1.5873e-05	  6.2359e-02	  5.8083e-03	  4.2891e-04	  4.0597e-03	  1.6706e+04	  9.9253e-02	  1.0037e-01	  0.0000e+00	
  6.5505e+00	  5.4236e-02	  1.2211e-03	  1.2594e-02	  2.8425e-03	  1.5873e-05	  6.2362e-02	  5.8086e-03	  4.2891e-04	  4.0598e-03	  1.6706e+04	  9.9253e-02	  1.0037e-01	  0.0000e+00	
  6.5505e+00	  5.4239e-02	  1.2211e-03	  1.2594e-02	  2.8426e-03	  1.5873e-05	  6.2365e-02	  5.8089e-03	  4.2891e-04	  4.0600e-03	  1.6707e+04	  9.9253e-02	  1.0037e-01	  0.0000e+00	
  6.5505e+00	  5.4242e-02	  1.2212e-03	  1.2595e-02	  2.8427e-03	  1.5873e-05	  6.2368e-02	  5.8092e-03	  4.2891e-04	  4.0601e-03	  1.6708e+04	  9.9253e-02	  1.0037e-01	  0.0000e+00	
  6.5505e+00	  5.4244e-02	  1.2212e-03	  1.2595e-02	  2.8428e-03	  1.5873e-05	  6.2370e-02	  5.8095e-03	  4.2891e-04	  4.0603e-03	  1.6708e+04	  9.9253e-02	  1.0037e-01	  0.0000e+00	
  6.5505e+00	  5.4246e-02	  1.2213e-03	  1.2596e-02	  2.8429e-03	  1.5873e-05	  6.2373e-02	  5.8097e-03	  4.2891e-04	  4.0604e-03	  1.6709e+04	  9.9253e-02	  1.0037e-01	  0.0000e+00	
  6.5505e+00	  5.4249e-02	  1.2213e-03	  1.2596e-02	  2.8430e-03	  1.5873e-05	  6.2376e-02	  5.8100e-03	  4.2891e-04	  4.0605e-03	  1.6710e+04	  9.9253e-02	  1.0037e-01	  0.0000e+00	
  6.5505e+00	  5.4251e-02	  1.2213e-03	  1.2596e-02	  2.8431e-03	  1.5873e-05	  6.2378e-02	  5.8102e-03	  4.2891e-04	  4.0607e-03	  1.6710e+04	  9.9253e-02	  1.0037e-01	  0.0000e+00	
  6.5505e+00	  5.4253e-02	  1.2214e-03	  1.2597e-02	  2.8431e-03	  1.5873e-05	  6.2381e-02	  5.8105e-03	  4.2891e-04	  4.0608e-03	  1.6711e+04	  9.9253e-02	  1.0037e-01	  0.0000e+00	
  6.5505e+00	  5.4255e-02	  1.2214e-03	  1.2597e-02	  2.8432e-03	  1.5873e-05	  6.2383e-02	  5.8107e-03	  4.2891e-04	  4.0609e-03	  1.6711e+04	  9.9253e-02	  1.0037e-01	  0.0000e+00	
  6.5505e+00	  5.4257e-02	  1.2215e-03	  1.2597e-02	  2.8433e-03	  1.5873e-05	  6.2385e-02	  5.8109e-03	  4.2891e-04	  4.0610e-03	  1.6712e+04	  9.9253e-02	  1.0037e-01	  0.0000e+00	
  6.5505e+00	  5.4259e-02	  1.2215e-03	  1.2597e-02	  2.8434e-03	  1.5873e-05	  6.2387e-02	  5.8111e-03	  4.2891e-04	  4.0612e-03	  1.6712e+04	  9.9253e-02	  1.0037e-01	  0.0000e+00	
  6.5505e+00	  5.4261e-02	  1.2215e-03	  1.2598e-02	  2.8434e-03	  1.5873e-05	  6.2389e-02	  5.8113e-03	  4.2891e-04	  4.0613e-03	  1.6713e+04	  9.9253e-02	  1.0037e-01	  0.0000e+00	
  6.5505e+00	  5.4263e-02	  1.2216e-03	  1.2598e-02	  2.8435e-03	  1.5873e-05	  6.2391e-02	  5.8116e-03	  4.2891e-04	  4.0614e-03	  1.6713e+04	  9.9253e-02	  1.0037e-01	  0.0000e+00	
  6.5504e+00	  5.4264e-02	  1.2216e-03	  1.2598e-02	  2.8435e-03	  1.5873e-05	  6.2393e-02	  5.8117e-03	  4.2891e-04	  4.0615e-03	  1.6714e+04	  9.9253e-02	  1.0037e-01	  0.0000e+00	
  6.5504e+00	  5.4266e-02	  1.2216e-03	  1.2598e-02	  2.8436e-03	  1.5873e-05	  6.2395e-02	  5.8119e-03	  4.2891e-04	  4.0616e-03	  1.6714e+04	  9.9253e-02	  1.0037e-01	  0.0000e+00	
