          pH	          Na	           K	          Ca	          Mg	         PO4	          Cl	         SO4	         NH4	        HCO3	          sc	         FeS	      Pyrite	     Calcite	
  6.6644e+00	  4.1755e-03	  3.3043e-04	  4.8964e-03	  1.0614e-03	  4.1174e-05	  6.0679e-03	  1.8024e-04	  4.2255e-04	  9.0118e-06	  2.5751e+03	  0.0000e+00	  0.0000e+00	  0.0000e+00	
  6.6644e+00	  4.1755e-03	  3.3043e-04	  4.8964e-03	  1.0614e-03	  4.1174e-05	  6.0679e-03	  1.8024e-04	  4.2255e-04	  9.0118e-06	  2.5751e+03	  0.0000e+00	  0.0000e+00	  0.0000e+00	
  7.4844e+00	  4.3827e-03	  3.3411e-04	  4.8646e-03	  1.0796e-03	  7.7699e-07	  6.2993e-03	  2.0335e-04	  4.2255e-04	  5.0073e-05	  2.6644e+03	  8.4041e-02	  1.0798e-01	  0.0000e+00	
  7.4214e+00	  4.5830e-03	  3.3767e-04	  4.8766e-03	  1.0974e-03	  9.6623e-07	  6.5222e-03	  2.2566e-04	  4.2256e-04	  6.3452e-05	  2.7250e+03	  8.3477e-02	  1.0826e-01	  0.0000e+00	
  7.3716e+00	  4.7764e-03	  3.4111e-04	  4.8881e-03	  1.1146e-03	  1.1518e-06	  6.7375e-03	  2.4720e-04	  4.2256e-04	  7.6369e-05	  2.7834e+03	  8.2922e-02	  1.0854e-01	  0.0000e+00	
  7.3305e+00	  4.9632e-03	  3.4444e-04	  4.8992e-03	  1.1312e-03	  1.3346e-06	  6.9454e-03	  2.6800e-04	  4.2257e-04	  8.8843e-05	  2.8397e+03	  8.2382e-02	  1.0881e-01	  0.0000e+00	
  7.2956e+00	  5.1435e-03	  3.4765e-04	  4.9099e-03	  1.1472e-03	  1.5153e-06	  7.1461e-03	  2.8808e-04	  4.2257e-04	  1.0089e-04	  2.8939e+03	  8.1859e-02	  1.0907e-01	  0.0000e+00	
  7.2654e+00	  5.3177e-03	  3.5075e-04	  4.9202e-03	  1.1627e-03	  1.6939e-06	  7.3399e-03	  3.0747e-04	  4.2258e-04	  1.1252e-04	  2.9463e+03	  8.1354e-02	  1.0932e-01	  0.0000e+00	
  7.2389e+00	  5.4859e-03	  3.5374e-04	  4.9301e-03	  1.1776e-03	  1.8704e-06	  7.5270e-03	  3.2620e-04	  4.2259e-04	  1.2375e-04	  2.9968e+03	  8.0867e-02	  1.0956e-01	  0.0000e+00	
  7.2152e+00	  5.6482e-03	  3.5663e-04	  4.9397e-03	  1.1921e-03	  2.0447e-06	  7.7077e-03	  3.4428e-04	  4.2259e-04	  1.3459e-04	  3.0455e+03	  8.0398e-02	  1.0980e-01	  0.0000e+00	
  7.1940e+00	  5.8050e-03	  3.5942e-04	  4.9490e-03	  1.2060e-03	  2.2169e-06	  7.8822e-03	  3.6174e-04	  4.2260e-04	  1.4506e-04	  3.0924e+03	  7.9946e-02	  1.1003e-01	  0.0000e+00	
  7.1747e+00	  5.9565e-03	  3.6212e-04	  4.9579e-03	  1.2194e-03	  2.3867e-06	  8.0507e-03	  3.7859e-04	  4.2260e-04	  1.5517e-04	  3.1377e+03	  7.9512e-02	  1.1024e-01	  0.0000e+00	
  7.1572e+00	  6.1027e-03	  3.6472e-04	  4.9666e-03	  1.2324e-03	  2.5540e-06	  8.2134e-03	  3.9487e-04	  4.2260e-04	  1.6493e-04	  3.1815e+03	  7.9094e-02	  1.1045e-01	  0.0000e+00	
  7.1411e+00	  6.2438e-03	  3.6723e-04	  4.9749e-03	  1.2450e-03	  2.7188e-06	  8.3705e-03	  4.1059e-04	  4.2261e-04	  1.7435e-04	  3.2236e+03	  7.8691e-02	  1.1065e-01	  0.0000e+00	
  7.1264e+00	  6.3802e-03	  3.6965e-04	  4.9829e-03	  1.2571e-03	  2.8809e-06	  8.5222e-03	  4.2577e-04	  4.2261e-04	  1.8346e-04	  3.2643e+03	  7.8304e-02	  1.1085e-01	  0.0000e+00	
  7.1127e+00	  6.5118e-03	  3.7200e-04	  4.9907e-03	  1.2688e-03	  3.0401e-06	  8.6687e-03	  4.4042e-04	  4.2262e-04	  1.9224e-04	  3.3036e+03	  7.7931e-02	  1.1103e-01	  0.0000e+00	
  7.1001e+00	  6.6389e-03	  3.7426e-04	  4.9982e-03	  1.2801e-03	  3.1965e-06	  8.8101e-03	  4.5457e-04	  4.2262e-04	  2.0073e-04	  3.3414e+03	  7.7573e-02	  1.1121e-01	  0.0000e+00	
  7.0883e+00	  6.7616e-03	  3.7644e-04	  5.0055e-03	  1.2910e-03	  3.3500e-06	  8.9467e-03	  4.6823e-04	  4.2262e-04	  2.0892e-04	  3.3780e+03	  7.7228e-02	  1.1138e-01	  0.0000e+00	
  7.0773e+00	  6.8802e-03	  3.7855e-04	  5.0125e-03	  1.3015e-03	  3.5004e-06	  9.0785e-03	  4.8143e-04	  4.2263e-04	  2.1684e-04	  3.4133e+03	  7.6896e-02	  1.1155e-01	  0.0000e+00	
  7.0671e+00	  6.9946e-03	  3.8059e-04	  5.0192e-03	  1.3117e-03	  3.6477e-06	  9.2059e-03	  4.9417e-04	  4.2263e-04	  2.2448e-04	  3.4473e+03	  7.6576e-02	  1.1171e-01	  0.0000e+00	
  7.0575e+00	  7.1051e-03	  3.8255e-04	  5.0258e-03	  1.3215e-03	  3.7920e-06	  9.3288e-03	  5.0647e-04	  4.2263e-04	  2.3185e-04	  3.4801e+03	  7.6269e-02	  1.1186e-01	  0.0000e+00	
  7.0484e+00	  7.2118e-03	  3.8445e-04	  5.0321e-03	  1.3310e-03	  3.9331e-06	  9.4475e-03	  5.1834e-04	  4.2264e-04	  2.3898e-04	  3.5118e+03	  7.5973e-02	  1.1201e-01	  0.0000e+00	
  7.0400e+00	  7.3149e-03	  3.8629e-04	  5.0382e-03	  1.3401e-03	  4.0711e-06	  9.5622e-03	  5.2981e-04	  4.2264e-04	  2.4585e-04	  3.5424e+03	  7.5687e-02	  1.1215e-01	  0.0000e+00	
  7.0320e+00	  7.4144e-03	  3.8806e-04	  5.0440e-03	  1.3490e-03	  4.2059e-06	  9.6729e-03	  5.4089e-04	  4.2264e-04	  2.5250e-04	  3.5719e+03	  7.5413e-02	  1.1229e-01	  0.0000e+00	
  7.0245e+00	  7.5104e-03	  3.8977e-04	  5.0497e-03	  1.3575e-03	  4.3376e-06	  9.7798e-03	  5.5158e-04	  4.2264e-04	  2.5891e-04	  3.6004e+03	  7.5148e-02	  1.1242e-01	  0.0000e+00	
  7.0173e+00	  7.6032e-03	  3.9142e-04	  5.0552e-03	  1.3658e-03	  4.4661e-06	  9.8830e-03	  5.6191e-04	  4.2265e-04	  2.6510e-04	  3.6279e+03	  7.4894e-02	  1.1255e-01	  0.0000e+00	
  7.0106e+00	  7.6928e-03	  3.9301e-04	  5.0605e-03	  1.3737e-03	  4.5915e-06	  9.9827e-03	  5.7188e-04	  4.2265e-04	  2.7108e-04	  3.6544e+03	  7.4648e-02	  1.1267e-01	  0.0000e+00	
  7.0043e+00	  7.7793e-03	  3.9455e-04	  5.0656e-03	  1.3814e-03	  4.7138e-06	  1.0079e-02	  5.8151e-04	  4.2265e-04	  2.7685e-04	  3.6800e+03	  7.4412e-02	  1.1279e-01	  0.0000e+00	
  6.9982e+00	  7.8628e-03	  3.9603e-04	  5.0706e-03	  1.3888e-03	  4.8329e-06	  1.0172e-02	  5.9080e-04	  4.2265e-04	  2.8243e-04	  3.7047e+03	  7.4185e-02	  1.1290e-01	  0.0000e+00	
  6.9925e+00	  7.9435e-03	  3.9747e-04	  5.0753e-03	  1.3960e-03	  4.9490e-06	  1.0262e-02	  5.9978e-04	  4.2266e-04	  2.8781e-04	  3.7285e+03	  7.3965e-02	  1.1301e-01	  0.0000e+00	
  6.9871e+00	  8.0214e-03	  3.9886e-04	  5.0799e-03	  1.4029e-03	  5.0621e-06	  1.0348e-02	  6.0845e-04	  4.2266e-04	  2.9301e-04	  3.7516e+03	  7.3754e-02	  1.1312e-01	  0.0000e+00	
  6.9819e+00	  8.0966e-03	  4.0019e-04	  5.0844e-03	  1.4096e-03	  5.1721e-06	  1.0432e-02	  6.1682e-04	  4.2266e-04	  2.9803e-04	  3.7738e+03	  7.3551e-02	  1.1322e-01	  0.0000e+00	
  6.9770e+00	  8.1692e-03	  4.0149e-04	  5.0887e-03	  1.4160e-03	  5.2792e-06	  1.0513e-02	  6.2490e-04	  4.2266e-04	  3.0288e-04	  3.7952e+03	  7.3354e-02	  1.1332e-01	  0.0000e+00	
  6.9724e+00	  8.2393e-03	  4.0273e-04	  5.0928e-03	  1.4223e-03	  5.3834e-06	  1.0591e-02	  6.3270e-04	  4.2266e-04	  3.0756e-04	  3.8159e+03	  7.3165e-02	  1.1341e-01	  0.0000e+00	
  6.9679e+00	  8.3070e-03	  4.0394e-04	  5.0969e-03	  1.4283e-03	  5.4848e-06	  1.0666e-02	  6.4024e-04	  4.2267e-04	  3.1208e-04	  3.8359e+03	  7.2983e-02	  1.1351e-01	  0.0000e+00	
  6.9637e+00	  8.3724e-03	  4.0510e-04	  5.1007e-03	  1.4341e-03	  5.5833e-06	  1.0739e-02	  6.4751e-04	  4.2267e-04	  3.1644e-04	  3.8552e+03	  7.2808e-02	  1.1359e-01	  0.0000e+00	
  6.9596e+00	  8.4355e-03	  4.0622e-04	  5.1045e-03	  1.4397e-03	  5.6790e-06	  1.0809e-02	  6.5454e-04	  4.2267e-04	  3.2065e-04	  3.8738e+03	  7.2638e-02	  1.1368e-01	  0.0000e+00	
  6.9558e+00	  8.4965e-03	  4.0731e-04	  5.1081e-03	  1.4451e-03	  5.7721e-06	  1.0877e-02	  6.6132e-04	  4.2267e-04	  3.2472e-04	  3.8918e+03	  7.2475e-02	  1.1376e-01	  0.0000e+00	
  6.9521e+00	  8.5553e-03	  4.0836e-04	  5.1116e-03	  1.4503e-03	  5.8625e-06	  1.0942e-02	  6.6787e-04	  4.2267e-04	  3.2865e-04	  3.9091e+03	  7.2318e-02	  1.1384e-01	  0.0000e+00	
  6.9486e+00	  8.6122e-03	  4.0937e-04	  5.1149e-03	  1.4554e-03	  5.9502e-06	  1.1005e-02	  6.7420e-04	  4.2267e-04	  3.3245e-04	  3.9259e+03	  7.2166e-02	  1.1391e-01	  0.0000e+00	
  6.9452e+00	  8.6671e-03	  4.1034e-04	  5.1182e-03	  1.4603e-03	  6.0354e-06	  1.1067e-02	  6.8031e-04	  4.2267e-04	  3.3611e-04	  3.9420e+03	  7.2020e-02	  1.1399e-01	  0.0000e+00	
  6.9420e+00	  8.7200e-03	  4.1129e-04	  5.1213e-03	  1.4650e-03	  6.1182e-06	  1.1125e-02	  6.8620e-04	  4.2268e-04	  3.3964e-04	  3.9576e+03	  7.1879e-02	  1.1406e-01	  0.0000e+00	
  6.9390e+00	  8.7712e-03	  4.1220e-04	  5.1244e-03	  1.4695e-03	  6.1984e-06	  1.1182e-02	  6.9190e-04	  4.2268e-04	  3.4306e-04	  3.9727e+03	  7.1743e-02	  1.1413e-01	  0.0000e+00	
  6.9360e+00	  8.8206e-03	  4.1307e-04	  5.1273e-03	  1.4739e-03	  6.2763e-06	  1.1237e-02	  6.9740e-04	  4.2268e-04	  3.4636e-04	  3.9872e+03	  7.1612e-02	  1.1419e-01	  0.0000e+00	
  6.9332e+00	  8.8683e-03	  4.1392e-04	  5.1301e-03	  1.4782e-03	  6.3519e-06	  1.1290e-02	  7.0271e-04	  4.2268e-04	  3.4954e-04	  4.0013e+03	  7.1485e-02	  1.1425e-01	  0.0000e+00	
  6.9305e+00	  8.9144e-03	  4.1474e-04	  5.1328e-03	  1.4823e-03	  6.4252e-06	  1.1342e-02	  7.0783e-04	  4.2268e-04	  3.5262e-04	  4.0148e+03	  7.1363e-02	  1.1432e-01	  0.0000e+00	
  6.9279e+00	  8.9589e-03	  4.1553e-04	  5.1355e-03	  1.4862e-03	  6.4963e-06	  1.1391e-02	  7.1278e-04	  4.2268e-04	  3.5559e-04	  4.0279e+03	  7.1246e-02	  1.1437e-01	  0.0000e+00	
  6.9255e+00	  9.0019e-03	  4.1630e-04	  5.1380e-03	  1.4900e-03	  6.5652e-06	  1.1439e-02	  7.1756e-04	  4.2268e-04	  3.5845e-04	  4.0405e+03	  7.1132e-02	  1.1443e-01	  0.0000e+00	
  6.9231e+00	  9.0433e-03	  4.1704e-04	  5.1405e-03	  1.4937e-03	  6.6320e-06	  1.1485e-02	  7.2218e-04	  4.2268e-04	  3.6122e-04	  4.0527e+03	  7.1023e-02	  1.1449e-01	  0.0000e+00	
  6.9208e+00	  9.0834e-03	  4.1775e-04	  5.1429e-03	  1.4973e-03	  6.6967e-06	  1.1530e-02	  7.2664e-04	  4.2268e-04	  3.6389e-04	  4.0645e+03	  7.0918e-02	  1.1454e-01	  0.0000e+00	
  6.9186e+00	  9.1221e-03	  4.1844e-04	  5.1452e-03	  1.5007e-03	  6.7595e-06	  1.1573e-02	  7.3094e-04	  4.2269e-04	  3.6647e-04	  4.0759e+03	  7.0816e-02	  1.1459e-01	  0.0000e+00	
  6.9165e+00	  9.1594e-03	  4.1910e-04	  5.1474e-03	  1.5040e-03	  6.8203e-06	  1.1614e-02	  7.3509e-04	  4.2269e-04	  3.6897e-04	  4.0868e+03	  7.0718e-02	  1.1464e-01	  0.0000e+00	
  6.9145e+00	  9.1955e-03	  4.1974e-04	  5.1495e-03	  1.5072e-03	  6.8792e-06	  1.1654e-02	  7.3911e-04	  4.2269e-04	  3.7137e-04	  4.0974e+03	  7.0623e-02	  1.1469e-01	  0.0000e+00	
  6.9126e+00	  9.2303e-03	  4.2036e-04	  5.1516e-03	  1.5103e-03	  6.9363e-06	  1.1693e-02	  7.4298e-04	  4.2269e-04	  3.7370e-04	  4.1076e+03	  7.0532e-02	  1.1473e-01	  0.0000e+00	
  6.9108e+00	  9.2639e-03	  4.2096e-04	  5.1536e-03	  1.5133e-03	  6.9915e-06	  1.1730e-02	  7.4672e-04	  4.2269e-04	  3.7594e-04	  4.1175e+03	  7.0443e-02	  1.1478e-01	  0.0000e+00	
  6.9090e+00	  9.2964e-03	  4.2154e-04	  5.1555e-03	  1.5162e-03	  7.0451e-06	  1.1767e-02	  7.5034e-04	  4.2269e-04	  3.7811e-04	  4.1270e+03	  7.0358e-02	  1.1482e-01	  0.0000e+00	
  6.9073e+00	  9.3277e-03	  4.2210e-04	  5.1574e-03	  1.5190e-03	  7.0969e-06	  1.1801e-02	  7.5382e-04	  4.2269e-04	  3.8020e-04	  4.1362e+03	  7.0276e-02	  1.1486e-01	  0.0000e+00	
  6.9057e+00	  9.3580e-03	  4.2263e-04	  5.1592e-03	  1.5217e-03	  7.1471e-06	  1.1835e-02	  7.5719e-04	  4.2269e-04	  3.8222e-04	  4.1451e+03	  7.0197e-02	  1.1490e-01	  0.0000e+00	
  6.9041e+00	  9.3872e-03	  4.2315e-04	  5.1609e-03	  1.5243e-03	  7.1957e-06	  1.1868e-02	  7.6045e-04	  4.2269e-04	  3.8417e-04	  4.1537e+03	  7.0121e-02	  1.1494e-01	  0.0000e+00	
  6.9026e+00	  9.4154e-03	  4.2366e-04	  5.1626e-03	  1.5268e-03	  7.2428e-06	  1.1899e-02	  7.6359e-04	  4.2269e-04	  3.8605e-04	  4.1620e+03	  7.0047e-02	  1.1497e-01	  0.0000e+00	
  6.9011e+00	  9.4427e-03	  4.2414e-04	  5.1642e-03	  1.5292e-03	  7.2883e-06	  1.1929e-02	  7.6662e-04	  4.2269e-04	  3.8787e-04	  4.1700e+03	  6.9976e-02	  1.1501e-01	  0.0000e+00	
  6.8997e+00	  9.4690e-03	  4.2461e-04	  5.1658e-03	  1.5315e-03	  7.3324e-06	  1.1959e-02	  7.6955e-04	  4.2269e-04	  3.8963e-04	  4.1777e+03	  6.9907e-02	  1.1504e-01	  0.0000e+00	
  6.8984e+00	  9.4944e-03	  4.2506e-04	  5.1673e-03	  1.5338e-03	  7.3751e-06	  1.1987e-02	  7.7237e-04	  4.2269e-04	  3.9132e-04	  4.1851e+03	  6.9841e-02	  1.1508e-01	  0.0000e+00	
  6.8971e+00	  9.5190e-03	  4.2550e-04	  5.1687e-03	  1.5360e-03	  7.4163e-06	  1.2014e-02	  7.7510e-04	  4.2269e-04	  3.9296e-04	  4.1923e+03	  6.9777e-02	  1.1511e-01	  0.0000e+00	
  6.8958e+00	  9.5426e-03	  4.2592e-04	  5.1701e-03	  1.5381e-03	  7.4563e-06	  1.2041e-02	  7.7774e-04	  4.2269e-04	  3.9454e-04	  4.1993e+03	  6.9716e-02	  1.1514e-01	  0.0000e+00	
  6.8946e+00	  9.5655e-03	  4.2633e-04	  5.1715e-03	  1.5401e-03	  7.4950e-06	  1.2066e-02	  7.8029e-04	  4.2270e-04	  3.9607e-04	  4.2060e+03	  6.9656e-02	  1.1517e-01	  0.0000e+00	
  6.8935e+00	  9.5876e-03	  4.2672e-04	  5.1728e-03	  1.5421e-03	  7.5324e-06	  1.2091e-02	  7.8274e-04	  4.2270e-04	  3.9754e-04	  4.2125e+03	  6.9599e-02	  1.1520e-01	  0.0000e+00	
  6.8924e+00	  9.6089e-03	  4.2710e-04	  5.1741e-03	  1.5440e-03	  7.5685e-06	  1.2114e-02	  7.8512e-04	  4.2270e-04	  3.9897e-04	  4.2187e+03	  6.9543e-02	  1.1522e-01	  0.0000e+00	
  6.8913e+00	  9.6295e-03	  4.2747e-04	  5.1753e-03	  1.5458e-03	  7.6035e-06	  1.2137e-02	  7.8741e-04	  4.2270e-04	  4.0034e-04	  4.2247e+03	  6.9490e-02	  1.1525e-01	  0.0000e+00	
  6.8903e+00	  9.6494e-03	  4.2782e-04	  5.1765e-03	  1.5476e-03	  7.6374e-06	  1.2159e-02	  7.8962e-04	  4.2270e-04	  4.0167e-04	  4.2306e+03	  6.9438e-02	  1.1528e-01	  0.0000e+00	
  6.8893e+00	  9.6686e-03	  4.2816e-04	  5.1776e-03	  1.5493e-03	  7.6701e-06	  1.2181e-02	  7.9176e-04	  4.2270e-04	  4.0295e-04	  4.2362e+03	  6.9388e-02	  1.1530e-01	  0.0000e+00	
  6.8883e+00	  9.6872e-03	  4.2849e-04	  5.1787e-03	  1.5509e-03	  7.7018e-06	  1.2201e-02	  7.9382e-04	  4.2270e-04	  4.0419e-04	  4.2416e+03	  6.9340e-02	  1.1533e-01	  0.0000e+00	
  6.8874e+00	  9.7051e-03	  4.2881e-04	  5.1798e-03	  1.5525e-03	  7.7324e-06	  1.2221e-02	  7.9582e-04	  4.2270e-04	  4.0538e-04	  4.2469e+03	  6.9294e-02	  1.1535e-01	  0.0000e+00	
  6.8866e+00	  9.7224e-03	  4.2912e-04	  5.1808e-03	  1.5540e-03	  7.7621e-06	  1.2240e-02	  7.9774e-04	  4.2270e-04	  4.0654e-04	  4.2519e+03	  6.9249e-02	  1.1537e-01	  0.0000e+00	
  6.8857e+00	  9.7391e-03	  4.2941e-04	  5.1818e-03	  1.5555e-03	  7.7907e-06	  1.2259e-02	  7.9960e-04	  4.2270e-04	  4.0765e-04	  4.2568e+03	  6.9206e-02	  1.1539e-01	  0.0000e+00	
  6.8849e+00	  9.7552e-03	  4.2970e-04	  5.1828e-03	  1.5570e-03	  7.8184e-06	  1.2277e-02	  8.0139e-04	  4.2270e-04	  4.0873e-04	  4.2615e+03	  6.9164e-02	  1.1541e-01	  0.0000e+00	
  6.8841e+00	  9.7708e-03	  4.2998e-04	  5.1837e-03	  1.5583e-03	  7.8452e-06	  1.2294e-02	  8.0312e-04	  4.2270e-04	  4.0977e-04	  4.2661e+03	  6.9124e-02	  1.1543e-01	  0.0000e+00	
  6.8833e+00	  9.7858e-03	  4.3024e-04	  5.1846e-03	  1.5597e-03	  7.8711e-06	  1.2311e-02	  8.0480e-04	  4.2270e-04	  4.1077e-04	  4.2705e+03	  6.9085e-02	  1.1545e-01	  0.0000e+00	
  6.8826e+00	  9.8003e-03	  4.3050e-04	  5.1854e-03	  1.5610e-03	  7.8961e-06	  1.2327e-02	  8.0641e-04	  4.2270e-04	  4.1174e-04	  4.2748e+03	  6.9047e-02	  1.1547e-01	  0.0000e+00	
  6.8819e+00	  9.8143e-03	  4.3075e-04	  5.1863e-03	  1.5622e-03	  7.9203e-06	  1.2343e-02	  8.0797e-04	  4.2270e-04	  4.1267e-04	  4.2789e+03	  6.9011e-02	  1.1549e-01	  0.0000e+00	
  6.8812e+00	  9.8279e-03	  4.3099e-04	  5.1871e-03	  1.5634e-03	  7.9437e-06	  1.2358e-02	  8.0948e-04	  4.2270e-04	  4.1358e-04	  4.2828e+03	  6.8976e-02	  1.1551e-01	  0.0000e+00	
  6.8806e+00	  9.8409e-03	  4.3123e-04	  5.1878e-03	  1.5646e-03	  7.9663e-06	  1.2372e-02	  8.1093e-04	  4.2270e-04	  4.1445e-04	  4.2866e+03	  6.8943e-02	  1.1553e-01	  0.0000e+00	
  6.8799e+00	  9.8535e-03	  4.3145e-04	  5.1886e-03	  1.5657e-03	  7.9882e-06	  1.2386e-02	  8.1234e-04	  4.2270e-04	  4.1529e-04	  4.2903e+03	  6.8910e-02	  1.1554e-01	  0.0000e+00	
  6.8793e+00	  9.8657e-03	  4.3167e-04	  5.1893e-03	  1.5668e-03	  8.0093e-06	  1.2400e-02	  8.1369e-04	  4.2270e-04	  4.1610e-04	  4.2939e+03	  6.8879e-02	  1.1556e-01	  0.0000e+00	
  6.8787e+00	  9.8775e-03	  4.3188e-04	  5.1900e-03	  1.5678e-03	  8.0297e-06	  1.2413e-02	  8.1500e-04	  4.2270e-04	  4.1689e-04	  4.2973e+03	  6.8848e-02	  1.1557e-01	  0.0000e+00	
  6.8782e+00	  9.8889e-03	  4.3208e-04	  5.1907e-03	  1.5688e-03	  8.0495e-06	  1.2426e-02	  8.1626e-04	  4.2270e-04	  4.1765e-04	  4.3007e+03	  6.8819e-02	  1.1559e-01	  0.0000e+00	
  6.8776e+00	  9.8998e-03	  4.3227e-04	  5.1913e-03	  1.5698e-03	  8.0686e-06	  1.2438e-02	  8.1749e-04	  4.2270e-04	  4.1838e-04	  4.3039e+03	  6.8791e-02	  1.1560e-01	  0.0000e+00	
  6.8771e+00	  9.9104e-03	  4.3246e-04	  5.1920e-03	  1.5707e-03	  8.0870e-06	  1.2450e-02	  8.1866e-04	  4.2270e-04	  4.1909e-04	  4.3070e+03	  6.8763e-02	  1.1561e-01	  0.0000e+00	
  6.8766e+00	  9.9207e-03	  4.3264e-04	  5.1926e-03	  1.5717e-03	  8.1048e-06	  1.2461e-02	  8.1980e-04	  4.2270e-04	  4.1977e-04	  4.3100e+03	  6.8737e-02	  1.1563e-01	  0.0000e+00	
  6.8761e+00	  9.9305e-03	  4.3282e-04	  5.1932e-03	  1.5725e-03	  8.1220e-06	  1.2472e-02	  8.2090e-04	  4.2270e-04	  4.2043e-04	  4.3129e+03	  6.8712e-02	  1.1564e-01	  0.0000e+00	
  6.8757e+00	  9.9401e-03	  4.3299e-04	  5.1937e-03	  1.5734e-03	  8.1387e-06	  1.2483e-02	  8.2196e-04	  4.2270e-04	  4.2107e-04	  4.3157e+03	  6.8687e-02	  1.1565e-01	  0.0000e+00	
  6.8752e+00	  9.9493e-03	  4.3315e-04	  5.1943e-03	  1.5742e-03	  8.1548e-06	  1.2493e-02	  8.2299e-04	  4.2270e-04	  4.2168e-04	  4.3183e+03	  6.8663e-02	  1.1566e-01	  0.0000e+00	
  6.8748e+00	  9.9582e-03	  4.3331e-04	  5.1948e-03	  1.5750e-03	  8.1703e-06	  1.2503e-02	  8.2398e-04	  4.2270e-04	  4.2227e-04	  4.3209e+03	  6.8640e-02	  1.1568e-01	  0.0000e+00	
  6.8743e+00	  9.9667e-03	  4.3346e-04	  5.1953e-03	  1.5758e-03	  8.1853e-06	  1.2512e-02	  8.2493e-04	  4.2270e-04	  4.2285e-04	  4.3235e+03	  6.8618e-02	  1.1569e-01	  0.0000e+00	
  6.8739e+00	  9.9750e-03	  4.3361e-04	  5.1958e-03	  1.5765e-03	  8.1999e-06	  1.2521e-02	  8.2585e-04	  4.2270e-04	  4.2340e-04	  4.3259e+03	  6.8597e-02	  1.1570e-01	  0.0000e+00	
  6.8735e+00	  9.9830e-03	  4.3375e-04	  5.1963e-03	  1.5772e-03	  8.2139e-06	  1.2530e-02	  8.2674e-04	  4.2270e-04	  4.2393e-04	  4.3282e+03	  6.8576e-02	  1.1571e-01	  0.0000e+00	
  6.8732e+00	  9.9908e-03	  4.3389e-04	  5.1968e-03	  1.5779e-03	  8.2274e-06	  1.2539e-02	  8.2760e-04	  4.2270e-04	  4.2445e-04	  4.3305e+03	  6.8556e-02	  1.1572e-01	  0.0000e+00	
  6.8728e+00	  9.9982e-03	  4.3402e-04	  5.1972e-03	  1.5785e-03	  8.2405e-06	  1.2547e-02	  8.2844e-04	  4.2270e-04	  4.2495e-04	  4.3327e+03	  6.8537e-02	  1.1573e-01	  0.0000e+00	
  6.8724e+00	  1.0005e-02	  4.3415e-04	  5.1976e-03	  1.5792e-03	  8.2532e-06	  1.2555e-02	  8.2924e-04	  4.2271e-04	  4.2543e-04	  4.3348e+03	  6.8519e-02	  1.1574e-01	  0.0000e+00	
  6.8721e+00	  1.0012e-02	  4.3428e-04	  5.1980e-03	  1.5798e-03	  8.2654e-06	  1.2563e-02	  8.3001e-04	  4.2271e-04	  4.2589e-04	  4.3368e+03	  6.8501e-02	  1.1575e-01	  0.0000e+00	
  6.8718e+00	  1.0019e-02	  4.3440e-04	  5.1984e-03	  1.5804e-03	  8.2772e-06	  1.2571e-02	  8.3076e-04	  4.2271e-04	  4.2634e-04	  4.3388e+03	  6.8484e-02	  1.1575e-01	  0.0000e+00	
  6.8715e+00	  1.0026e-02	  4.3451e-04	  5.1988e-03	  1.5810e-03	  8.2886e-06	  1.2578e-02	  8.3148e-04	  4.2271e-04	  4.2677e-04	  4.3407e+03	  6.8467e-02	  1.1576e-01	  0.0000e+00	
  6.8712e+00	  1.0032e-02	  4.3462e-04	  5.1992e-03	  1.5815e-03	  8.2996e-06	  1.2585e-02	  8.3218e-04	  4.2271e-04	  4.2719e-04	  4.3425e+03	  6.8451e-02	  1.1577e-01	  0.0000e+00	
  6.8709e+00	  1.0038e-02	  4.3473e-04	  5.1996e-03	  1.5821e-03	  8.3103e-06	  1.2591e-02	  8.3285e-04	  4.2271e-04	  4.2760e-04	  4.3443e+03	  6.8435e-02	  1.1578e-01	  0.0000e+00	
  6.8706e+00	  1.0044e-02	  4.3483e-04	  5.1999e-03	  1.5826e-03	  8.3206e-06	  1.2598e-02	  8.3350e-04	  4.2271e-04	  4.2799e-04	  4.3460e+03	  6.8420e-02	  1.1579e-01	  0.0000e+00	
  6.8703e+00	  1.0049e-02	  4.3493e-04	  5.2002e-03	  1.5831e-03	  8.3305e-06	  1.2604e-02	  8.3413e-04	  4.2271e-04	  4.2836e-04	  4.3476e+03	  6.8406e-02	  1.1579e-01	  0.0000e+00	
  6.8700e+00	  1.0055e-02	  4.3503e-04	  5.2006e-03	  1.5836e-03	  8.3401e-06	  1.2610e-02	  8.3474e-04	  4.2271e-04	  4.2873e-04	  4.3492e+03	  6.8392e-02	  1.1580e-01	  0.0000e+00	
  6.8698e+00	  1.0060e-02	  4.3512e-04	  5.2009e-03	  1.5840e-03	  8.3494e-06	  1.2616e-02	  8.3532e-04	  4.2271e-04	  4.2908e-04	  4.3508e+03	  6.8378e-02	  1.1581e-01	  0.0000e+00	
  6.8695e+00	  1.0065e-02	  4.3522e-04	  5.2012e-03	  1.5845e-03	  8.3583e-06	  1.2622e-02	  8.3589e-04	  4.2271e-04	  4.2942e-04	  4.3523e+03	  6.8365e-02	  1.1581e-01	  0.0000e+00	
  6.8693e+00	  1.0070e-02	  4.3530e-04	  5.2015e-03	  1.5849e-03	  8.3670e-06	  1.2627e-02	  8.3643e-04	  4.2271e-04	  4.2974e-04	  4.3537e+03	  6.8353e-02	  1.1582e-01	  0.0000e+00	
  6.8691e+00	  1.0075e-02	  4.3539e-04	  5.2018e-03	  1.5854e-03	  8.3753e-06	  1.2633e-02	  8.3696e-04	  4.2271e-04	  4.3006e-04	  4.3551e+03	  6.8340e-02	  1.1583e-01	  0.0000e+00	
  6.8689e+00	  1.0079e-02	  4.3547e-04	  5.2020e-03	  1.5858e-03	  8.3834e-06	  1.2638e-02	  8.3747e-04	  4.2271e-04	  4.3036e-04	  4.3564e+03	  6.8329e-02	  1.1583e-01	  0.0000e+00	
  6.8686e+00	  1.0084e-02	  4.3555e-04	  5.2023e-03	  1.5862e-03	  8.3912e-06	  1.2642e-02	  8.3796e-04	  4.2271e-04	  4.3066e-04	  4.3577e+03	  6.8317e-02	  1.1584e-01	  0.0000e+00	
  6.8684e+00	  1.0088e-02	  4.3562e-04	  5.2025e-03	  1.5865e-03	  8.3987e-06	  1.2647e-02	  8.3843e-04	  4.2271e-04	  4.3094e-04	  4.3589e+03	  6.8306e-02	  1.1584e-01	  0.0000e+00	
  6.8682e+00	  1.0092e-02	  4.3570e-04	  5.2028e-03	  1.5869e-03	  8.4060e-06	  1.2652e-02	  8.3889e-04	  4.2271e-04	  4.3122e-04	  4.3601e+03	  6.8296e-02	  1.1585e-01	  0.0000e+00	
  6.8681e+00	  1.0096e-02	  4.3577e-04	  5.2030e-03	  1.5873e-03	  8.4130e-06	  1.2656e-02	  8.3933e-04	  4.2271e-04	  4.3148e-04	  4.3613e+03	  6.8286e-02	  1.1585e-01	  0.0000e+00	
  6.8679e+00	  1.0100e-02	  4.3583e-04	  5.2033e-03	  1.5876e-03	  8.4198e-06	  1.2661e-02	  8.3976e-04	  4.2271e-04	  4.3174e-04	  4.3624e+03	  6.8276e-02	  1.1586e-01	  0.0000e+00	
  6.8677e+00	  1.0104e-02	  4.3590e-04	  5.2035e-03	  1.5879e-03	  8.4264e-06	  1.2665e-02	  8.4017e-04	  4.2271e-04	  4.3199e-04	  4.3635e+03	  6.8266e-02	  1.1586e-01	  0.0000e+00	
  6.8675e+00	  1.0107e-02	  4.3596e-04	  5.2037e-03	  1.5882e-03	  8.4327e-06	  1.2669e-02	  8.4057e-04	  4.2271e-04	  4.3223e-04	  4.3646e+03	  6.8257e-02	  1.1587e-01	  0.0000e+00	
  6.8673e+00	  1.0111e-02	  4.3603e-04	  5.2039e-03	  1.5885e-03	  8.4388e-06	  1.2672e-02	  8.4096e-04	  4.2271e-04	  4.3246e-04	  4.3656e+03	  6.8248e-02	  1.1587e-01	  0.0000e+00	
  6.8672e+00	  1.0114e-02	  4.3608e-04	  5.2041e-03	  1.5888e-03	  8.4448e-06	  1.2676e-02	  8.4133e-04	  4.2271e-04	  4.3268e-04	  4.3665e+03	  6.8240e-02	  1.1588e-01	  0.0000e+00	
  6.8670e+00	  1.0117e-02	  4.3614e-04	  5.2043e-03	  1.5891e-03	  8.4505e-06	  1.2680e-02	  8.4169e-04	  4.2271e-04	  4.3289e-04	  4.3675e+03	  6.8231e-02	  1.1588e-01	  0.0000e+00	
  6.8669e+00	  1.0120e-02	  4.3620e-04	  5.2045e-03	  1.5894e-03	  8.4560e-06	  1.2683e-02	  8.4203e-04	  4.2271e-04	  4.3310e-04	  4.3684e+03	  6.8223e-02	  1.1588e-01	  0.0000e+00	
  6.8667e+00	  1.0123e-02	  4.3625e-04	  5.2046e-03	  1.5897e-03	  8.4613e-06	  1.2687e-02	  8.4237e-04	  4.2271e-04	  4.3330e-04	  4.3693e+03	  6.8216e-02	  1.1589e-01	  0.0000e+00	
  6.8666e+00	  1.0126e-02	  4.3630e-04	  5.2048e-03	  1.5899e-03	  8.4664e-06	  1.2690e-02	  8.4269e-04	  4.2271e-04	  4.3350e-04	  4.3701e+03	  6.8208e-02	  1.1589e-01	  0.0000e+00	
  6.8665e+00	  1.0129e-02	  4.3635e-04	  5.2050e-03	  1.5902e-03	  8.4714e-06	  1.2693e-02	  8.4300e-04	  4.2271e-04	  4.3368e-04	  4.3709e+03	  6.8201e-02	  1.1590e-01	  0.0000e+00	
  6.8663e+00	  1.0132e-02	  4.3640e-04	  5.2051e-03	  1.5904e-03	  8.4762e-06	  1.2696e-02	  8.4330e-04	  4.2271e-04	  4.3386e-04	  4.3717e+03	  6.8194e-02	  1.1590e-01	  0.0000e+00	
  6.8662e+00	  1.0134e-02	  4.3645e-04	  5.2053e-03	  1.5907e-03	  8.4808e-06	  1.2699e-02	  8.4359e-04	  4.2271e-04	  4.3404e-04	  4.3725e+03	  6.8188e-02	  1.1590e-01	  0.0000e+00	
  6.8661e+00	  1.0137e-02	  4.3649e-04	  5.2054e-03	  1.5909e-03	  8.4853e-06	  1.2702e-02	  8.4387e-04	  4.2271e-04	  4.3421e-04	  4.3732e+03	  6.8181e-02	  1.1591e-01	  0.0000e+00	
  6.8660e+00	  1.0139e-02	  4.3654e-04	  5.2056e-03	  1.5911e-03	  8.4896e-06	  1.2704e-02	  8.4414e-04	  4.2271e-04	  4.3437e-04	  4.3739e+03	  6.8175e-02	  1.1591e-01	  0.0000e+00	
  6.8659e+00	  1.0142e-02	  4.3658e-04	  5.2057e-03	  1.5913e-03	  8.4938e-06	  1.2707e-02	  8.4440e-04	  4.2271e-04	  4.3453e-04	  4.3746e+03	  6.8169e-02	  1.1591e-01	  0.0000e+00	
  6.8658e+00	  1.0144e-02	  4.3662e-04	  5.2059e-03	  1.5915e-03	  8.4978e-06	  1.2709e-02	  8.4466e-04	  4.2271e-04	  4.3468e-04	  4.3753e+03	  6.8163e-02	  1.1591e-01	  0.0000e+00	
  6.8657e+00	  1.0146e-02	  4.3666e-04	  5.2060e-03	  1.5917e-03	  8.5017e-06	  1.2712e-02	  8.4490e-04	  4.2271e-04	  4.3482e-04	  4.3759e+03	  6.8157e-02	  1.1592e-01	  0.0000e+00	
  6.8655e+00	  1.0148e-02	  4.3669e-04	  5.2061e-03	  1.5919e-03	  8.5055e-06	  1.2714e-02	  8.4514e-04	  4.2271e-04	  4.3496e-04	  4.3766e+03	  6.8152e-02	  1.1592e-01	  0.0000e+00	
  6.8655e+00	  1.0150e-02	  4.3673e-04	  5.2062e-03	  1.5921e-03	  8.5091e-06	  1.2717e-02	  8.4536e-04	  4.2271e-04	  4.3510e-04	  4.3772e+03	  6.8147e-02	  1.1592e-01	  0.0000e+00	
  6.8654e+00	  1.0152e-02	  4.3677e-04	  5.2064e-03	  1.5922e-03	  8.5126e-06	  1.2719e-02	  8.4558e-04	  4.2271e-04	  4.3523e-04	  4.3777e+03	  6.8142e-02	  1.1593e-01	  0.0000e+00	
  6.8653e+00	  1.0154e-02	  4.3680e-04	  5.2065e-03	  1.5924e-03	  8.5160e-06	  1.2721e-02	  8.4580e-04	  4.2271e-04	  4.3536e-04	  4.3783e+03	  6.8137e-02	  1.1593e-01	  0.0000e+00	
  6.8652e+00	  1.0156e-02	  4.3683e-04	  5.2066e-03	  1.5926e-03	  8.5193e-06	  1.2723e-02	  8.4600e-04	  4.2271e-04	  4.3548e-04	  4.3788e+03	  6.8132e-02	  1.1593e-01	  0.0000e+00	
  6.8651e+00	  1.0158e-02	  4.3686e-04	  5.2067e-03	  1.5927e-03	  8.5224e-06	  1.2725e-02	  8.4620e-04	  4.2271e-04	  4.3560e-04	  4.3793e+03	  6.8128e-02	  1.1593e-01	  0.0000e+00	
  6.8650e+00	  1.0160e-02	  4.3689e-04	  5.2068e-03	  1.5929e-03	  8.5255e-06	  1.2727e-02	  8.4639e-04	  4.2271e-04	  4.3572e-04	  4.3798e+03	  6.8123e-02	  1.1593e-01	  0.0000e+00	
  6.8649e+00	  1.0161e-02	  4.3692e-04	  5.2069e-03	  1.5930e-03	  8.5284e-06	  1.2729e-02	  8.4657e-04	  4.2271e-04	  4.3583e-04	  4.3803e+03	  6.8119e-02	  1.1594e-01	  0.0000e+00	
  6.8649e+00	  1.0163e-02	  4.3695e-04	  5.2070e-03	  1.5932e-03	  8.5313e-06	  1.2730e-02	  8.4675e-04	  4.2271e-04	  4.3593e-04	  4.3808e+03	  6.8115e-02	  1.1594e-01	  0.0000e+00	
  6.8648e+00	  1.0164e-02	  4.3698e-04	  5.2071e-03	  1.5933e-03	  8.5340e-06	  1.2732e-02	  8.4692e-04	  4.2271e-04	  4.3604e-04	  4.3812e+03	  6.8111e-02	  1.1594e-01	  0.0000e+00	
  6.8647e+00	  1.0166e-02	  4.3701e-04	  5.2072e-03	  1.5934e-03	  8.5367e-06	  1.2734e-02	  8.4709e-04	  4.2271e-04	  4.3614e-04	  4.3817e+03	  6.8107e-02	  1.1594e-01	  0.0000e+00	
  6.8646e+00	  1.0167e-02	  4.3703e-04	  5.2073e-03	  1.5936e-03	  8.5392e-06	  1.2735e-02	  8.4725e-04	  4.2271e-04	  4.3623e-04	  4.3821e+03	  6.8103e-02	  1.1594e-01	  0.0000e+00	
  6.8646e+00	  1.0169e-02	  4.3706e-04	  5.2073e-03	  1.5937e-03	  8.5417e-06	  1.2737e-02	  8.4740e-04	  4.2271e-04	  4.3632e-04	  4.3825e+03	  6.8100e-02	  1.1595e-01	  0.0000e+00	
  6.8645e+00	  1.0170e-02	  4.3708e-04	  5.2074e-03	  1.5938e-03	  8.5441e-06	  1.2738e-02	  8.4755e-04	  4.2271e-04	  4.3641e-04	  4.3829e+03	  6.8096e-02	  1.1595e-01	  0.0000e+00	
  6.8645e+00	  1.0171e-02	  4.3710e-04	  5.2075e-03	  1.5939e-03	  8.5464e-06	  1.2740e-02	  8.4770e-04	  4.2271e-04	  4.3650e-04	  4.3833e+03	  6.8093e-02	  1.1595e-01	  0.0000e+00	
  6.8644e+00	  1.0173e-02	  4.3713e-04	  5.2076e-03	  1.5940e-03	  8.5486e-06	  1.2741e-02	  8.4784e-04	  4.2271e-04	  4.3658e-04	  4.3836e+03	  6.8090e-02	  1.1595e-01	  0.0000e+00	
  6.8643e+00	  1.0174e-02	  4.3715e-04	  5.2076e-03	  1.5941e-03	  8.5508e-06	  1.2743e-02	  8.4797e-04	  4.2271e-04	  4.3666e-04	  4.3840e+03	  6.8087e-02	  1.1595e-01	  0.0000e+00	
  6.8643e+00	  1.0175e-02	  4.3717e-04	  5.2077e-03	  1.5943e-03	  8.5529e-06	  1.2744e-02	  8.4810e-04	  4.2271e-04	  4.3674e-04	  4.3843e+03	  6.8084e-02	  1.1595e-01	  0.0000e+00	
  6.8642e+00	  1.0176e-02	  4.3719e-04	  5.2078e-03	  1.5944e-03	  8.5549e-06	  1.2745e-02	  8.4823e-04	  4.2271e-04	  4.3682e-04	  4.3847e+03	  6.8081e-02	  1.1596e-01	  0.0000e+00	
  6.8642e+00	  1.0177e-02	  4.3721e-04	  5.2078e-03	  1.5945e-03	  8.5568e-06	  1.2746e-02	  8.4835e-04	  4.2271e-04	  4.3689e-04	  4.3850e+03	  6.8078e-02	  1.1596e-01	  0.0000e+00	
  6.8641e+00	  1.0178e-02	  4.3723e-04	  5.2079e-03	  1.5945e-03	  8.5587e-06	  1.2748e-02	  8.4846e-04	  4.2271e-04	  4.3696e-04	  4.3853e+03	  6.8075e-02	  1.1596e-01	  0.0000e+00	
  6.8641e+00	  1.0179e-02	  4.3724e-04	  5.2080e-03	  1.5946e-03	  8.5605e-06	  1.2749e-02	  8.4858e-04	  4.2271e-04	  4.3703e-04	  4.3856e+03	  6.8073e-02	  1.1596e-01	  0.0000e+00	
  6.8640e+00	  1.0180e-02	  4.3726e-04	  5.2080e-03	  1.5947e-03	  8.5622e-06	  1.2750e-02	  8.4869e-04	  4.2271e-04	  4.3709e-04	  4.3859e+03	  6.8070e-02	  1.1596e-01	  0.0000e+00	
  6.8640e+00	  1.0181e-02	  4.3728e-04	  5.2081e-03	  1.5948e-03	  8.5639e-06	  1.2751e-02	  8.4879e-04	  4.2271e-04	  4.3716e-04	  4.3862e+03	  6.8068e-02	  1.1596e-01	  0.0000e+00	
  6.8639e+00	  1.0182e-02	  4.3729e-04	  5.2081e-03	  1.5949e-03	  8.5655e-06	  1.2752e-02	  8.4889e-04	  4.2271e-04	  4.3722e-04	  4.3864e+03	  6.8065e-02	  1.1596e-01	  0.0000e+00	
  6.8639e+00	  1.0183e-02	  4.3731e-04	  5.2082e-03	  1.5950e-03	  8.5671e-06	  1.2753e-02	  8.4899e-04	  4.2271e-04	  4.3728e-04	  4.3867e+03	  6.8063e-02	  1.1596e-01	  0.0000e+00	
  6.8639e+00	  1.0184e-02	  4.3733e-04	  5.2082e-03	  1.5950e-03	  8.5686e-06	  1.2754e-02	  8.4909e-04	  4.2271e-04	  4.3733e-04	  4.3869e+03	  6.8061e-02	  1.1597e-01	  0.0000e+00	
  6.8638e+00	  1.0185e-02	  4.3734e-04	  5.2083e-03	  1.5951e-03	  8.5701e-06	  1.2755e-02	  8.4918e-04	  4.2271e-04	  4.3739e-04	  4.3872e+03	  6.8059e-02	  1.1597e-01	  0.0000e+00	
  6.8638e+00	  1.0185e-02	  4.3735e-04	  5.2083e-03	  1.5952e-03	  8.5715e-06	  1.2756e-02	  8.4927e-04	  4.2271e-04	  4.3744e-04	  4.3874e+03	  6.8057e-02	  1.1597e-01	  0.0000e+00	
  6.8637e+00	  1.0186e-02	  4.3737e-04	  5.2084e-03	  1.5953e-03	  8.5729e-06	  1.2756e-02	  8.4935e-04	  4.2271e-04	  4.3749e-04	  4.3876e+03	  6.8055e-02	  1.1597e-01	  0.0000e+00	
  6.8637e+00	  1.0187e-02	  4.3738e-04	  5.2084e-03	  1.5953e-03	  8.5742e-06	  1.2757e-02	  8.4943e-04	  4.2271e-04	  4.3754e-04	  4.3878e+03	  6.8053e-02	  1.1597e-01	  0.0000e+00	
  6.8637e+00	  1.0188e-02	  4.3739e-04	  5.2085e-03	  1.5954e-03	  8.5755e-06	  1.2758e-02	  8.4951e-04	  4.2271e-04	  4.3759e-04	  4.3880e+03	  6.8051e-02	  1.1597e-01	  0.0000e+00	
  6.8636e+00	  1.0188e-02	  4.3741e-04	  5.2085e-03	  1.5954e-03	  8.5767e-06	  1.2759e-02	  8.4959e-04	  4.2271e-04	  4.3764e-04	  4.3882e+03	  6.8049e-02	  1.1597e-01	  0.0000e+00	
  6.8636e+00	  1.0189e-02	  4.3742e-04	  5.2085e-03	  1.5955e-03	  8.5779e-06	  1.2760e-02	  8.4966e-04	  4.2271e-04	  4.3768e-04	  4.3884e+03	  6.8048e-02	  1.1597e-01	  0.0000e+00	
  6.8636e+00	  1.0190e-02	  4.3743e-04	  5.2086e-03	  1.5956e-03	  8.5790e-06	  1.2760e-02	  8.4974e-04	  4.2271e-04	  4.3772e-04	  4.3886e+03	  6.8046e-02	  1.1597e-01	  0.0000e+00	
  6.8636e+00	  1.0190e-02	  4.3744e-04	  5.2086e-03	  1.5956e-03	  8.5801e-06	  1.2761e-02	  8.4981e-04	  4.2271e-04	  4.3776e-04	  4.3888e+03	  6.8045e-02	  1.1597e-01	  0.0000e+00	
  6.8635e+00	  1.0191e-02	  4.3745e-04	  5.2087e-03	  1.5957e-03	  8.5812e-06	  1.2762e-02	  8.4987e-04	  4.2271e-04	  4.3780e-04	  4.3890e+03	  6.8043e-02	  1.1597e-01	  0.0000e+00	
  6.8635e+00	  1.0191e-02	  4.3746e-04	  5.2087e-03	  1.5957e-03	  8.5822e-06	  1.2762e-02	  8.4994e-04	  4.2271e-04	  4.3784e-04	  4.3892e+03	  6.8042e-02	  1.1598e-01	  0.0000e+00	
  6.8635e+00	  1.0192e-02	  4.3747e-04	  5.2087e-03	  1.5958e-03	  8.5832e-06	  1.2763e-02	  8.5000e-04	  4.2271e-04	  4.3788e-04	  4.3893e+03	  6.8040e-02	  1.1598e-01	  0.0000e+00	
  6.8634e+00	  1.0193e-02	  4.3748e-04	  5.2088e-03	  1.5958e-03	  8.5842e-06	  1.2763e-02	  8.5006e-04	  4.2271e-04	  4.3792e-04	  4.3895e+03	  6.8039e-02	  1.1598e-01	  0.0000e+00	
  6.8634e+00	  1.0193e-02	  4.3749e-04	  5.2088e-03	  1.5959e-03	  8.5851e-06	  1.2764e-02	  8.5012e-04	  4.2271e-04	  4.3795e-04	  4.3896e+03	  6.8037e-02	  1.1598e-01	  0.0000e+00	
  6.8634e+00	  1.0194e-02	  4.3750e-04	  5.2088e-03	  1.5959e-03	  8.5860e-06	  1.2765e-02	  8.5017e-04	  4.2271e-04	  4.3798e-04	  4.3898e+03	  6.8036e-02	  1.1598e-01	  0.0000e+00	
  6.8634e+00	  1.0194e-02	  4.3751e-04	  5.2088e-03	  1.5960e-03	  8.5869e-06	  1.2765e-02	  8.5023e-04	  4.2271e-04	  4.3802e-04	  4.3899e+03	  6.8035e-02	  1.1598e-01	  0.0000e+00	
  6.8633e+00	  1.0195e-02	  4.3752e-04	  5.2089e-03	  1.5960e-03	  8.5877e-06	  1.2766e-02	  8.5028e-04	  4.2271e-04	  4.3805e-04	  4.3901e+03	  6.8034e-02	  1.1598e-01	  0.0000e+00	
  6.8633e+00	  1.0195e-02	  4.3752e-04	  5.2089e-03	  1.5960e-03	  8.5885e-06	  1.2766e-02	  8.5033e-04	  4.2271e-04	  4.3808e-04	  4.3902e+03	  6.8032e-02	  1.1598e-01	  0.0000e+00	
  6.8633e+00	  1.0195e-02	  4.3753e-04	  5.2089e-03	  1.5961e-03	  8.5893e-06	  1.2767e-02	  8.5038e-04	  4.2271e-04	  4.3811e-04	  4.3903e+03	  6.8031e-02	  1.1598e-01	  0.0000e+00	
  6.8633e+00	  1.0196e-02	  4.3754e-04	  5.2090e-03	  1.5961e-03	  8.5901e-06	  1.2767e-02	  8.5043e-04	  4.2271e-04	  4.3814e-04	  4.3904e+03	  6.8030e-02	  1.1598e-01	  0.0000e+00	
  6.8633e+00	  1.0196e-02	  4.3755e-04	  5.2090e-03	  1.5961e-03	  8.5908e-06	  1.2768e-02	  8.5047e-04	  4.2271e-04	  4.3816e-04	  4.3906e+03	  6.8029e-02	  1.1598e-01	  0.0000e+00	
  6.8632e+00	  1.0197e-02	  4.3755e-04	  5.2090e-03	  1.5962e-03	  8.5915e-06	  1.2768e-02	  8.5051e-04	  4.2271e-04	  4.3819e-04	  4.3907e+03	  6.8028e-02	  1.1598e-01	  0.0000e+00	
  6.8632e+00	  1.0197e-02	  4.3756e-04	  5.2090e-03	  1.5962e-03	  8.5922e-06	  1.2768e-02	  8.5056e-04	  4.2271e-04	  4.3822e-04	  4.3908e+03	  6.8027e-02	  1.1598e-01	  0.0000e+00	
  6.8632e+00	  1.0197e-02	  4.3757e-04	  5.2090e-03	  1.5962e-03	  8.5928e-06	  1.2769e-02	  8.5060e-04	  4.2271e-04	  4.3824e-04	  4.3909e+03	  6.8026e-02	  1.1598e-01	  0.0000e+00	
  6.8632e+00	  1.0198e-02	  4.3757e-04	  5.2091e-03	  1.5963e-03	  8.5935e-06	  1.2769e-02	  8.5064e-04	  4.2271e-04	  4.3826e-04	  4.3910e+03	  6.8025e-02	  1.1598e-01	  0.0000e+00	
  6.8632e+00	  1.0198e-02	  4.3758e-04	  5.2091e-03	  1.5963e-03	  8.5941e-06	  1.2770e-02	  8.5068e-04	  4.2271e-04	  4.3829e-04	  4.3911e+03	  6.8025e-02	  1.1598e-01	  0.0000e+00	
  6.8632e+00	  1.0198e-02	  4.3759e-04	  5.2091e-03	  1.5963e-03	  8.5947e-06	  1.2770e-02	  8.5071e-04	  4.2271e-04	  4.3831e-04	  4.3912e+03	  6.8024e-02	  1.1598e-01	  0.0000e+00	
  6.8631e+00	  1.0199e-02	  4.3759e-04	  5.2091e-03	  1.5964e-03	  8.5952e-06	  1.2770e-02	  8.5075e-04	  4.2271e-04	  4.3833e-04	  4.3913e+03	  6.8023e-02	  1.1598e-01	  0.0000e+00	
  6.8631e+00	  1.0199e-02	  4.3760e-04	  5.2091e-03	  1.5964e-03	  8.5958e-06	  1.2771e-02	  8.5078e-04	  4.2271e-04	  4.3835e-04	  4.3914e+03	  6.8022e-02	  1.1599e-01	  0.0000e+00	
  6.8631e+00	  1.0199e-02	  4.3760e-04	  5.2092e-03	  1.5964e-03	  8.5963e-06	  1.2771e-02	  8.5082e-04	  4.2271e-04	  4.3837e-04	  4.3915e+03	  6.8021e-02	  1.1599e-01	  0.0000e+00	
  6.8631e+00	  1.0200e-02	  4.3761e-04	  5.2092e-03	  1.5964e-03	  8.5968e-06	  1.2771e-02	  8.5085e-04	  4.2271e-04	  4.3839e-04	  4.3916e+03	  6.8021e-02	  1.1599e-01	  0.0000e+00	
  6.8631e+00	  1.0200e-02	  4.3761e-04	  5.2092e-03	  1.5965e-03	  8.5973e-06	  1.2772e-02	  8.5088e-04	  4.2271e-04	  4.3841e-04	  4.3916e+03	  6.8020e-02	  1.1599e-01	  0.0000e+00	
  6.8631e+00	  1.0200e-02	  4.3762e-04	  5.2092e-03	  1.5965e-03	  8.5978e-06	  1.2772e-02	  8.5091e-04	  4.2271e-04	  4.3843e-04	  4.3917e+03	  6.8019e-02	  1.1599e-01	  0.0000e+00	
  6.8631e+00	  1.0200e-02	  4.3762e-04	  5.2092e-03	  1.5965e-03	  8.5983e-06	  1.2772e-02	  8.5094e-04	  4.2271e-04	  4.3844e-04	  4.3918e+03	  6.8019e-02	  1.1599e-01	  0.0000e+00	
  6.8631e+00	  1.0201e-02	  4.3763e-04	  5.2092e-03	  1.5965e-03	  8.5987e-06	  1.2773e-02	  8.5096e-04	  4.2271e-04	  4.3846e-04	  4.3919e+03	  6.8018e-02	  1.1599e-01	  0.0000e+00	
  6.8630e+00	  1.0201e-02	  4.3763e-04	  5.2093e-03	  1.5966e-03	  8.5991e-06	  1.2773e-02	  8.5099e-04	  4.2271e-04	  4.3848e-04	  4.3919e+03	  6.8017e-02	  1.1599e-01	  0.0000e+00	
  6.8630e+00	  1.0201e-02	  4.3763e-04	  5.2093e-03	  1.5966e-03	  8.5996e-06	  1.2773e-02	  8.5102e-04	  4.2271e-04	  4.3849e-04	  4.3920e+03	  6.8017e-02	  1.1599e-01	  0.0000e+00	
  6.8630e+00	  1.0201e-02	  4.3764e-04	  5.2093e-03	  1.5966e-03	  8.6000e-06	  1.2773e-02	  8.5104e-04	  4.2271e-04	  4.3851e-04	  4.3921e+03	  6.8016e-02	  1.1599e-01	  0.0000e+00	
  6.8630e+00	  1.0202e-02	  4.3764e-04	  5.2093e-03	  1.5966e-03	  8.6004e-06	  1.2774e-02	  8.5107e-04	  4.2271e-04	  4.3852e-04	  4.3921e+03	  6.8016e-02	  1.1599e-01	  0.0000e+00	
  6.8630e+00	  1.0202e-02	  4.3765e-04	  5.2093e-03	  1.5966e-03	  8.6007e-06	  1.2774e-02	  8.5109e-04	  4.2271e-04	  4.3853e-04	  4.3922e+03	  6.8015e-02	  1.1599e-01	  0.0000e+00	
  6.8630e+00	  1.0202e-02	  4.3765e-04	  5.2093e-03	  1.5967e-03	  8.6011e-06	  1.2774e-02	  8.5111e-04	  4.2271e-04	  4.3855e-04	  4.3922e+03	  6.8014e-02	  1.1599e-01	  0.0000e+00	
  6.8630e+00	  1.0202e-02	  4.3765e-04	  5.2093e-03	  1.5967e-03	  8.6014e-06	  1.2774e-02	  8.5113e-04	  4.2271e-04	  4.3856e-04	  4.3923e+03	  6.8014e-02	  1.1599e-01	  0.0000e+00	
