          pH	          Na	           K	          Ca	          Mg	         PO4	          Cl	         SO4	         NH4	        HCO3	          sc	         FeS	      Pyrite	     Calcite	
  6.6644e+00	  4.1755e-03	  3.3043e-04	  4.8964e-03	  1.0614e-03	  4.1174e-05	  6.0679e-03	  1.8024e-04	  4.2255e-04	  9.0118e-06	  2.5751e+03	  0.0000e+00	  0.0000e+00	  0.0000e+00	
  6.6644e+00	  4.1755e-03	  3.3043e-04	  4.8964e-03	  1.0614e-03	  4.1174e-05	  6.0679e-03	  1.8024e-04	  4.2255e-04	  9.0118e-06	  2.5751e+03	  0.0000e+00	  0.0000e+00	  0.0000e+00	
  6.8502e+00	  7.9650e-03	  5.7911e-04	  1.5576e-02	  3.4092e-03	  2.6196e-06	  3.0169e-02	  2.5903e-03	  7.3926e-04	  1.7197e-03	  8.7168e+03	  3.5780e-02	  1.3211e-01	  0.0000e+00	
  6.6977e+00	  1.1057e-02	  7.4444e-04	  2.5911e-02	  5.7011e-03	  3.2279e-06	  5.3457e-02	  4.9190e-03	  9.4585e-04	  2.9629e-03	  1.4010e+04	  3.8446e-02	  1.3077e-01	  4.6517e-04	
  6.5844e+00	  1.3918e-02	  8.7480e-04	  3.5694e-02	  7.8868e-03	  4.0040e-06	  7.5953e-02	  7.1685e-03	  1.1066e-03	  3.3954e-03	  1.8753e+04	  3.7665e-02	  1.3116e-01	  3.6795e-03	
  6.4968e+00	  1.6688e-02	  9.8614e-04	  4.5144e-02	  1.0010e-02	  4.8152e-06	  9.7681e-02	  9.3413e-03	  1.2421e-03	  3.8330e-03	  2.3133e+04	  3.6286e-02	  1.3185e-01	  6.7061e-03	
  6.4253e+00	  1.9398e-02	  1.0842e-03	  5.4256e-02	  1.2067e-02	  5.6559e-06	  1.1867e-01	  1.1440e-02	  1.3601e-03	  4.2702e-03	  2.7210e+04	  3.4595e-02	  1.3270e-01	  9.5703e-03	
  6.3650e+00	  2.2059e-02	  1.1723e-03	  6.3034e-02	  1.4059e-02	  6.5220e-06	  1.3894e-01	  1.3467e-02	  1.4648e-03	  4.7046e-03	  3.1024e+04	  3.2740e-02	  1.3363e-01	  1.2287e-02	
  6.3129e+00	  2.4675e-02	  1.2525e-03	  7.1489e-02	  1.5985e-02	  7.4093e-06	  1.5852e-01	  1.5425e-02	  1.5590e-03	  5.1347e-03	  3.4605e+04	  3.0801e-02	  1.3459e-01	  1.4866e-02	
  6.2672e+00	  2.7249e-02	  1.3263e-03	  7.9630e-02	  1.7848e-02	  8.3143e-06	  1.7743e-01	  1.7316e-02	  1.6446e-03	  5.5592e-03	  3.7976e+04	  2.8827e-02	  1.3558e-01	  1.7319e-02	
  6.2266e+00	  2.9780e-02	  1.3946e-03	  8.7471e-02	  1.9649e-02	  9.2335e-06	  1.9570e-01	  1.9143e-02	  1.7231e-03	  5.9775e-03	  4.1157e+04	  2.6848e-02	  1.3657e-01	  1.9651e-02	
  6.1901e+00	  3.2266e-02	  1.4582e-03	  9.5020e-02	  2.1389e-02	  1.0164e-05	  2.1334e-01	  2.0907e-02	  1.7954e-03	  6.3889e-03	  4.4165e+04	  2.4883e-02	  1.3755e-01	  2.1872e-02	
  6.1570e+00	  3.4706e-02	  1.5177e-03	  1.0229e-01	  2.3072e-02	  1.1102e-05	  2.3038e-01	  2.2611e-02	  1.8624e-03	  6.7928e-03	  4.7013e+04	  2.2943e-02	  1.3852e-01	  2.3986e-02	
  6.1269e+00	  3.7099e-02	  1.5736e-03	  1.0929e-01	  2.4697e-02	  1.2045e-05	  2.4683e-01	  2.4256e-02	  1.9248e-03	  7.1890e-03	  4.9714e+04	  2.1036e-02	  1.3947e-01	  2.6002e-02	
  6.0992e+00	  3.9444e-02	  1.6263e-03	  1.1604e-01	  2.6268e-02	  1.2992e-05	  2.6273e-01	  2.5846e-02	  1.9830e-03	  7.5771e-03	  5.2278e+04	  1.9167e-02	  1.4041e-01	  2.7923e-02	
  6.0738e+00	  4.1739e-02	  1.6760e-03	  1.2254e-01	  2.7786e-02	  1.3939e-05	  2.7808e-01	  2.7381e-02	  2.0375e-03	  7.9568e-03	  5.4715e+04	  1.7340e-02	  1.4132e-01	  2.9755e-02	
  6.0503e+00	  4.3985e-02	  1.7232e-03	  1.2880e-01	  2.9253e-02	  1.4884e-05	  2.9291e-01	  2.8863e-02	  2.0887e-03	  8.3280e-03	  5.7034e+04	  1.5557e-02	  1.4221e-01	  3.1503e-02	
  6.0284e+00	  4.6180e-02	  1.7679e-03	  1.3483e-01	  3.0670e-02	  1.5826e-05	  3.0722e-01	  3.0295e-02	  2.1368e-03	  8.6906e-03	  5.9242e+04	  1.3819e-02	  1.4308e-01	  3.3171e-02	
  6.0081e+00	  4.8324e-02	  1.8103e-03	  1.4064e-01	  3.2040e-02	  1.6762e-05	  3.2105e-01	  3.1678e-02	  2.1822e-03	  9.0445e-03	  6.1346e+04	  1.2126e-02	  1.4393e-01	  3.4763e-02	
  5.9891e+00	  5.0418e-02	  1.8507e-03	  1.4624e-01	  3.3362e-02	  1.7692e-05	  3.3441e-01	  3.3013e-02	  2.2251e-03	  9.3897e-03	  6.3352e+04	  1.0479e-02	  1.4475e-01	  3.6284e-02	
  5.9714e+00	  5.2460e-02	  1.8892e-03	  1.5163e-01	  3.4640e-02	  1.8614e-05	  3.4731e-01	  3.4303e-02	  2.2657e-03	  9.7262e-03	  6.5266e+04	  8.8785e-03	  1.4555e-01	  3.7737e-02	
  5.9547e+00	  5.4451e-02	  1.9260e-03	  1.5683e-01	  3.5875e-02	  1.9526e-05	  3.5976e-01	  3.5549e-02	  2.3041e-03	  1.0054e-02	  6.7094e+04	  7.3230e-03	  1.4633e-01	  3.9126e-02	
  5.9390e+00	  5.6392e-02	  1.9610e-03	  1.6185e-01	  3.7068e-02	  2.0427e-05	  3.7180e-01	  3.6752e-02	  2.3405e-03	  1.0373e-02	  6.8841e+04	  5.8126e-03	  1.4708e-01	  4.0453e-02	
  5.9243e+00	  5.8282e-02	  1.9945e-03	  1.6668e-01	  3.8220e-02	  2.1317e-05	  3.8341e-01	  3.7914e-02	  2.3751e-03	  1.0683e-02	  7.0510e+04	  4.3464e-03	  1.4782e-01	  4.1722e-02	
  5.9104e+00	  6.0123e-02	  2.0266e-03	  1.7134e-01	  3.9334e-02	  2.2194e-05	  3.9464e-01	  3.9036e-02	  2.4080e-03	  1.0985e-02	  7.2106e+04	  2.9239e-03	  1.4853e-01	  4.2935e-02	
  5.8973e+00	  6.1914e-02	  2.0573e-03	  1.7583e-01	  4.0409e-02	  2.3058e-05	  4.0547e-01	  4.0119e-02	  2.4393e-03	  1.1279e-02	  7.3634e+04	  1.5443e-03	  1.4922e-01	  4.4096e-02	
  5.8848e+00	  6.3656e-02	  2.0866e-03	  1.8016e-01	  4.1448e-02	  2.3908e-05	  4.1594e-01	  4.1166e-02	  2.4691e-03	  1.1564e-02	  7.5096e+04	  2.0672e-04	  1.4989e-01	  4.5206e-02	
  5.8711e+00	  6.5353e-02	  2.1148e-03	  1.8436e-01	  4.2456e-02	  2.4959e-05	  4.2604e-01	  4.2177e-02	  2.4975e-03	  1.1922e-02	  7.6497e+04	  0.0000e+00	  1.4999e-01	  4.5955e-02	
  5.8578e+00	  6.7002e-02	  2.1419e-03	  1.8841e-01	  4.3431e-02	  2.6036e-05	  4.3580e-01	  4.3153e-02	  2.5247e-03	  1.2284e-02	  7.7840e+04	  0.0000e+00	  1.4999e-01	  4.6604e-02	
  5.8452e+00	  6.8604e-02	  2.1678e-03	  1.9232e-01	  4.4372e-02	  2.7098e-05	  4.4523e-01	  4.4095e-02	  2.5506e-03	  1.2638e-02	  7.9126e+04	  0.0000e+00	  1.4999e-01	  4.7214e-02	
  5.8332e+00	  7.0161e-02	  2.1927e-03	  1.9609e-01	  4.5282e-02	  2.8142e-05	  4.5433e-01	  4.5005e-02	  2.5753e-03	  1.2981e-02	  8.0359e+04	  0.0000e+00	  1.4999e-01	  4.7787e-02	
  5.8219e+00	  7.1674e-02	  2.2166e-03	  1.9973e-01	  4.6160e-02	  2.9169e-05	  4.6312e-01	  4.5884e-02	  2.5990e-03	  1.3315e-02	  8.1542e+04	  0.0000e+00	  1.4999e-01	  4.8327e-02	
  5.8112e+00	  7.3142e-02	  2.2395e-03	  2.0324e-01	  4.7009e-02	  3.0178e-05	  4.7161e-01	  4.6733e-02	  2.6215e-03	  1.3640e-02	  8.2676e+04	  0.0000e+00	  1.4999e-01	  4.8835e-02	
  5.8010e+00	  7.4567e-02	  2.2616e-03	  2.0662e-01	  4.7829e-02	  3.1168e-05	  4.7981e-01	  4.7553e-02	  2.6432e-03	  1.3955e-02	  8.3764e+04	  0.0000e+00	  1.4999e-01	  4.9312e-02	
  5.7913e+00	  7.5950e-02	  2.2827e-03	  2.0989e-01	  4.8621e-02	  3.2138e-05	  4.8773e-01	  4.8345e-02	  2.6639e-03	  1.4261e-02	  8.4808e+04	  0.0000e+00	  1.4999e-01	  4.9762e-02	
  5.7821e+00	  7.7292e-02	  2.3031e-03	  2.1304e-01	  4.9386e-02	  3.3089e-05	  4.9537e-01	  4.9109e-02	  2.6837e-03	  1.4558e-02	  8.5811e+04	  0.0000e+00	  1.4999e-01	  5.0186e-02	
  5.7734e+00	  7.8594e-02	  2.3227e-03	  2.1608e-01	  5.0124e-02	  3.4019e-05	  5.0275e-01	  4.9847e-02	  2.7026e-03	  1.4847e-02	  8.6773e+04	  0.0000e+00	  1.4999e-01	  5.0585e-02	
  5.7651e+00	  7.9857e-02	  2.3415e-03	  2.1901e-01	  5.0838e-02	  3.4928e-05	  5.0988e-01	  5.0560e-02	  2.7208e-03	  1.5126e-02	  8.7698e+04	  0.0000e+00	  1.4999e-01	  5.0961e-02	
  5.7571e+00	  8.1081e-02	  2.3596e-03	  2.2184e-01	  5.1528e-02	  3.5816e-05	  5.1677e-01	  5.1249e-02	  2.7382e-03	  1.5397e-02	  8.8586e+04	  0.0000e+00	  1.4998e-01	  5.1315e-02	
  5.7496e+00	  8.2268e-02	  2.3770e-03	  2.2457e-01	  5.2193e-02	  3.6684e-05	  5.2342e-01	  5.1914e-02	  2.7549e-03	  1.5659e-02	  8.9439e+04	  0.0000e+00	  1.4998e-01	  5.1649e-02	
  5.7423e+00	  8.3418e-02	  2.3938e-03	  2.2720e-01	  5.2837e-02	  3.7530e-05	  5.2984e-01	  5.2556e-02	  2.7709e-03	  1.5913e-02	  9.0259e+04	  0.0000e+00	  1.4998e-01	  5.1964e-02	
  5.7355e+00	  8.4533e-02	  2.4099e-03	  2.2974e-01	  5.3458e-02	  3.8355e-05	  5.3604e-01	  5.3176e-02	  2.7863e-03	  1.6160e-02	  9.1047e+04	  0.0000e+00	  1.4998e-01	  5.2262e-02	
  5.7289e+00	  8.5613e-02	  2.4255e-03	  2.3219e-01	  5.4058e-02	  3.9159e-05	  5.4202e-01	  5.3774e-02	  2.8011e-03	  1.6398e-02	  9.1805e+04	  0.0000e+00	  1.4998e-01	  5.2542e-02	
  5.7226e+00	  8.6660e-02	  2.4404e-03	  2.3456e-01	  5.4637e-02	  3.9943e-05	  5.4781e-01	  5.4352e-02	  2.8152e-03	  1.6628e-02	  9.2533e+04	  0.0000e+00	  1.4998e-01	  5.2807e-02	
  5.7166e+00	  8.7674e-02	  2.4548e-03	  2.3684e-01	  5.5197e-02	  4.0705e-05	  5.5339e-01	  5.4911e-02	  2.8288e-03	  1.6852e-02	  9.3233e+04	  0.0000e+00	  1.4998e-01	  5.3057e-02	
  5.7109e+00	  8.8656e-02	  2.4687e-03	  2.3905e-01	  5.5738e-02	  4.1447e-05	  5.5878e-01	  5.5450e-02	  2.8419e-03	  1.7067e-02	  9.3907e+04	  0.0000e+00	  1.4998e-01	  5.3293e-02	
  5.7054e+00	  8.9607e-02	  2.4820e-03	  2.4117e-01	  5.6260e-02	  4.2169e-05	  5.6399e-01	  5.5971e-02	  2.8544e-03	  1.7276e-02	  9.4555e+04	  0.0000e+00	  1.4998e-01	  5.3516e-02	
  5.7001e+00	  9.0528e-02	  2.4949e-03	  2.4322e-01	  5.6764e-02	  4.2871e-05	  5.6902e-01	  5.6473e-02	  2.8665e-03	  1.7478e-02	  9.5179e+04	  0.0000e+00	  1.4998e-01	  5.3726e-02	
  5.6951e+00	  9.1420e-02	  2.5073e-03	  2.4520e-01	  5.7251e-02	  4.3552e-05	  5.7387e-01	  5.6959e-02	  2.8781e-03	  1.7673e-02	  9.5779e+04	  0.0000e+00	  1.4998e-01	  5.3926e-02	
  5.6903e+00	  9.2283e-02	  2.5193e-03	  2.4711e-01	  5.7722e-02	  4.4215e-05	  5.7856e-01	  5.7428e-02	  2.8892e-03	  1.7862e-02	  9.6356e+04	  0.0000e+00	  1.4998e-01	  5.4114e-02	
  5.6857e+00	  9.3119e-02	  2.5308e-03	  2.4896e-01	  5.8176e-02	  4.4858e-05	  5.8309e-01	  5.7880e-02	  2.8999e-03	  1.8044e-02	  9.6912e+04	  0.0000e+00	  1.4998e-01	  5.4292e-02	
  5.6813e+00	  9.3928e-02	  2.5419e-03	  2.5074e-01	  5.8615e-02	  4.5482e-05	  5.8746e-01	  5.8318e-02	  2.9102e-03	  1.8220e-02	  9.7447e+04	  0.0000e+00	  1.4998e-01	  5.4461e-02	
  5.6771e+00	  9.4710e-02	  2.5526e-03	  2.5246e-01	  5.9038e-02	  4.6087e-05	  5.9168e-01	  5.8740e-02	  2.9201e-03	  1.8390e-02	  9.7962e+04	  0.0000e+00	  1.4998e-01	  5.4620e-02	
  5.6730e+00	  9.5468e-02	  2.5629e-03	  2.5411e-01	  5.9448e-02	  4.6675e-05	  5.9576e-01	  5.9148e-02	  2.9297e-03	  1.8555e-02	  9.8458e+04	  0.0000e+00	  1.4998e-01	  5.4771e-02	
  5.6691e+00	  9.6201e-02	  2.5728e-03	  2.5571e-01	  5.9843e-02	  4.7245e-05	  5.9969e-01	  5.9541e-02	  2.9388e-03	  1.8714e-02	  9.8936e+04	  0.0000e+00	  1.4998e-01	  5.4915e-02	
  5.6654e+00	  9.6910e-02	  2.5824e-03	  2.5726e-01	  6.0225e-02	  4.7797e-05	  6.0350e-01	  5.9921e-02	  2.9477e-03	  1.8867e-02	  9.9396e+04	  0.0000e+00	  1.4998e-01	  5.5050e-02	
  5.6619e+00	  9.7597e-02	  2.5916e-03	  2.5875e-01	  6.0593e-02	  4.8332e-05	  6.0717e-01	  6.0288e-02	  2.9561e-03	  1.9015e-02	  9.9839e+04	  0.0000e+00	  1.4998e-01	  5.5179e-02	
  5.6584e+00	  9.8260e-02	  2.6005e-03	  2.6019e-01	  6.0949e-02	  4.8851e-05	  6.1071e-01	  6.0643e-02	  2.9643e-03	  1.9158e-02	  1.0027e+05	  0.0000e+00	  1.4998e-01	  5.5301e-02	
  5.6551e+00	  9.8903e-02	  2.6091e-03	  2.6158e-01	  6.1293e-02	  4.9354e-05	  6.1414e-01	  6.0985e-02	  2.9722e-03	  1.9296e-02	  1.0068e+05	  0.0000e+00	  1.4998e-01	  5.5416e-02	
  5.6520e+00	  9.9524e-02	  2.6174e-03	  2.6292e-01	  6.1625e-02	  4.9841e-05	  6.1744e-01	  6.1316e-02	  2.9798e-03	  1.9429e-02	  1.0107e+05	  0.0000e+00	  1.4998e-01	  5.5526e-02	
  5.6490e+00	  1.0012e-01	  2.6254e-03	  2.6421e-01	  6.1946e-02	  5.0312e-05	  6.2063e-01	  6.1635e-02	  2.9870e-03	  1.9558e-02	  1.0145e+05	  0.0000e+00	  1.4998e-01	  5.5630e-02	
  5.6460e+00	  1.0071e-01	  2.6331e-03	  2.6546e-01	  6.2255e-02	  5.0769e-05	  6.2371e-01	  6.1943e-02	  2.9941e-03	  1.9682e-02	  1.0182e+05	  0.0000e+00	  1.4998e-01	  5.5729e-02	
  5.6433e+00	  1.0127e-01	  2.6405e-03	  2.6667e-01	  6.2554e-02	  5.1211e-05	  6.2669e-01	  6.2241e-02	  3.0008e-03	  1.9802e-02	  1.0218e+05	  0.0000e+00	  1.4998e-01	  5.5823e-02	
  5.6406e+00	  1.0181e-01	  2.6477e-03	  2.6783e-01	  6.2843e-02	  5.1638e-05	  6.2957e-01	  6.2528e-02	  3.0073e-03	  1.9917e-02	  1.0252e+05	  0.0000e+00	  1.4998e-01	  5.5912e-02	
  5.6380e+00	  1.0234e-01	  2.6546e-03	  2.6895e-01	  6.3122e-02	  5.2052e-05	  6.3234e-01	  6.2806e-02	  3.0136e-03	  2.0029e-02	  1.0285e+05	  0.0000e+00	  1.4998e-01	  5.5996e-02	
  5.6355e+00	  1.0285e-01	  2.6613e-03	  2.7004e-01	  6.3391e-02	  5.2453e-05	  6.3502e-01	  6.3074e-02	  3.0197e-03	  2.0137e-02	  1.0316e+05	  0.0000e+00	  1.4998e-01	  5.6077e-02	
  5.6331e+00	  1.0334e-01	  2.6677e-03	  2.7108e-01	  6.3651e-02	  5.2840e-05	  6.3761e-01	  6.3332e-02	  3.0255e-03	  2.0241e-02	  1.0347e+05	  0.0000e+00	  1.4998e-01	  5.6153e-02	
  5.6309e+00	  1.0381e-01	  2.6739e-03	  2.7209e-01	  6.3902e-02	  5.3215e-05	  6.4011e-01	  6.3582e-02	  3.0311e-03	  2.0341e-02	  1.0376e+05	  0.0000e+00	  1.4998e-01	  5.6226e-02	
  5.6287e+00	  1.0427e-01	  2.6799e-03	  2.7307e-01	  6.4145e-02	  5.3578e-05	  6.4252e-01	  6.3824e-02	  3.0365e-03	  2.0438e-02	  1.0405e+05	  0.0000e+00	  1.4998e-01	  5.6295e-02	
  5.6265e+00	  1.0471e-01	  2.6857e-03	  2.7401e-01	  6.4379e-02	  5.3929e-05	  6.4485e-01	  6.4057e-02	  3.0417e-03	  2.0531e-02	  1.0432e+05	  0.0000e+00	  1.4998e-01	  5.6361e-02	
  5.6245e+00	  1.0514e-01	  2.6912e-03	  2.7492e-01	  6.4605e-02	  5.4268e-05	  6.4710e-01	  6.4282e-02	  3.0467e-03	  2.0622e-02	  1.0459e+05	  0.0000e+00	  1.4998e-01	  5.6424e-02	
  5.6225e+00	  1.0556e-01	  2.6966e-03	  2.7580e-01	  6.4824e-02	  5.4596e-05	  6.4927e-01	  6.4499e-02	  3.0516e-03	  2.0709e-02	  1.0484e+05	  0.0000e+00	  1.4998e-01	  5.6484e-02	
  5.6207e+00	  1.0596e-01	  2.7018e-03	  2.7665e-01	  6.5035e-02	  5.4913e-05	  6.5137e-01	  6.4709e-02	  3.0562e-03	  2.0792e-02	  1.0509e+05	  0.0000e+00	  1.4998e-01	  5.6540e-02	
  5.6189e+00	  1.0635e-01	  2.7068e-03	  2.7746e-01	  6.5238e-02	  5.5219e-05	  6.5340e-01	  6.4911e-02	  3.0607e-03	  2.0873e-02	  1.0532e+05	  0.0000e+00	  1.4998e-01	  5.6595e-02	
  5.6171e+00	  1.0672e-01	  2.7116e-03	  2.7825e-01	  6.5435e-02	  5.5515e-05	  6.5535e-01	  6.5107e-02	  3.0651e-03	  2.0952e-02	  1.0555e+05	  0.0000e+00	  1.4998e-01	  5.6646e-02	
  5.6154e+00	  1.0708e-01	  2.7163e-03	  2.7902e-01	  6.5625e-02	  5.5802e-05	  6.5724e-01	  6.5296e-02	  3.0693e-03	  2.1027e-02	  1.0577e+05	  0.0000e+00	  1.4998e-01	  5.6696e-02	
  5.6138e+00	  1.0743e-01	  2.7208e-03	  2.7975e-01	  6.5809e-02	  5.6078e-05	  6.5907e-01	  6.5478e-02	  3.0733e-03	  2.1100e-02	  1.0598e+05	  0.0000e+00	  1.4998e-01	  5.6743e-02	
  5.6123e+00	  1.0777e-01	  2.7251e-03	  2.8046e-01	  6.5986e-02	  5.6346e-05	  6.6083e-01	  6.5654e-02	  3.0772e-03	  2.1170e-02	  1.0619e+05	  0.0000e+00	  1.4998e-01	  5.6787e-02	
  5.6108e+00	  1.0810e-01	  2.7293e-03	  2.8115e-01	  6.6157e-02	  5.6604e-05	  6.6253e-01	  6.5824e-02	  3.0809e-03	  2.1238e-02	  1.0638e+05	  0.0000e+00	  1.4998e-01	  5.6830e-02	
  5.6093e+00	  1.0842e-01	  2.7334e-03	  2.8181e-01	  6.6322e-02	  5.6854e-05	  6.6417e-01	  6.5989e-02	  3.0845e-03	  2.1303e-02	  1.0658e+05	  0.0000e+00	  1.4998e-01	  5.6871e-02	
  5.6080e+00	  1.0872e-01	  2.7373e-03	  2.8245e-01	  6.6481e-02	  5.7096e-05	  6.6576e-01	  6.6147e-02	  3.0880e-03	  2.1366e-02	  1.0676e+05	  0.0000e+00	  1.4998e-01	  5.6910e-02	
  5.6066e+00	  1.0902e-01	  2.7410e-03	  2.8307e-01	  6.6635e-02	  5.7329e-05	  6.6729e-01	  6.6300e-02	  3.0914e-03	  2.1427e-02	  1.0694e+05	  0.0000e+00	  1.4998e-01	  5.6947e-02	
  5.6053e+00	  1.0930e-01	  2.7446e-03	  2.8366e-01	  6.6784e-02	  5.7554e-05	  6.6877e-01	  6.6448e-02	  3.0946e-03	  2.1485e-02	  1.0711e+05	  0.0000e+00	  1.4998e-01	  5.6983e-02	
  5.6041e+00	  1.0958e-01	  2.7482e-03	  2.8424e-01	  6.6928e-02	  5.7772e-05	  6.7020e-01	  6.6591e-02	  3.0977e-03	  2.1542e-02	  1.0727e+05	  0.0000e+00	  1.4998e-01	  5.7016e-02	
  5.6029e+00	  1.0984e-01	  2.7515e-03	  2.8479e-01	  6.7066e-02	  5.7982e-05	  6.7157e-01	  6.6729e-02	  3.1008e-03	  2.1597e-02	  1.0743e+05	  0.0000e+00	  1.4998e-01	  5.7049e-02	
  5.6018e+00	  1.1010e-01	  2.7548e-03	  2.8533e-01	  6.7200e-02	  5.8186e-05	  6.7291e-01	  6.6862e-02	  3.1037e-03	  2.1649e-02	  1.0758e+05	  0.0000e+00	  1.4998e-01	  5.7080e-02	
  5.6007e+00	  1.1035e-01	  2.7580e-03	  2.8585e-01	  6.7330e-02	  5.8382e-05	  6.7419e-01	  6.6991e-02	  3.1065e-03	  2.1700e-02	  1.0773e+05	  0.0000e+00	  1.4998e-01	  5.7110e-02	
  5.5996e+00	  1.1059e-01	  2.7610e-03	  2.8635e-01	  6.7455e-02	  5.8572e-05	  6.7543e-01	  6.7115e-02	  3.1092e-03	  2.1749e-02	  1.0788e+05	  0.0000e+00	  1.4998e-01	  5.7138e-02	
  5.5986e+00	  1.1082e-01	  2.7639e-03	  2.8683e-01	  6.7575e-02	  5.8755e-05	  6.7663e-01	  6.7235e-02	  3.1118e-03	  2.1797e-02	  1.0801e+05	  0.0000e+00	  1.4998e-01	  5.7165e-02	
  5.5976e+00	  1.1104e-01	  2.7668e-03	  2.8729e-01	  6.7692e-02	  5.8932e-05	  6.7779e-01	  6.7350e-02	  3.1143e-03	  2.1842e-02	  1.0815e+05	  0.0000e+00	  1.4998e-01	  5.7191e-02	
  5.5966e+00	  1.1126e-01	  2.7695e-03	  2.8774e-01	  6.7804e-02	  5.9103e-05	  6.7891e-01	  6.7462e-02	  3.1167e-03	  2.1886e-02	  1.0827e+05	  0.0000e+00	  1.4998e-01	  5.7216e-02	
  5.5957e+00	  1.1147e-01	  2.7721e-03	  2.8818e-01	  6.7913e-02	  5.9268e-05	  6.7999e-01	  6.7570e-02	  3.1191e-03	  2.1929e-02	  1.0840e+05	  0.0000e+00	  1.4998e-01	  5.7240e-02	
  5.5948e+00	  1.1167e-01	  2.7747e-03	  2.8860e-01	  6.8018e-02	  5.9427e-05	  6.8103e-01	  6.7674e-02	  3.1213e-03	  2.1970e-02	  1.0852e+05	  0.0000e+00	  1.4998e-01	  5.7263e-02	
  5.5940e+00	  1.1187e-01	  2.7772e-03	  2.8900e-01	  6.8119e-02	  5.9581e-05	  6.8204e-01	  6.7775e-02	  3.1235e-03	  2.2010e-02	  1.0863e+05	  0.0000e+00	  1.4998e-01	  5.7284e-02	
  5.5932e+00	  1.1206e-01	  2.7795e-03	  2.8939e-01	  6.8217e-02	  5.9730e-05	  6.8301e-01	  6.7872e-02	  3.1256e-03	  2.2048e-02	  1.0874e+05	  0.0000e+00	  1.4998e-01	  5.7305e-02	
  5.5924e+00	  1.1224e-01	  2.7818e-03	  2.8977e-01	  6.8311e-02	  5.9874e-05	  6.8395e-01	  6.7966e-02	  3.1277e-03	  2.2085e-02	  1.0885e+05	  0.0000e+00	  1.4998e-01	  5.7325e-02	
  5.5916e+00	  1.1241e-01	  2.7840e-03	  2.9013e-01	  6.8402e-02	  6.0013e-05	  6.8485e-01	  6.8057e-02	  3.1296e-03	  2.2120e-02	  1.0896e+05	  0.0000e+00	  1.4998e-01	  5.7344e-02	
  5.5909e+00	  1.1258e-01	  2.7862e-03	  2.9049e-01	  6.8490e-02	  6.0147e-05	  6.8573e-01	  6.8144e-02	  3.1315e-03	  2.2155e-02	  1.0906e+05	  0.0000e+00	  1.4998e-01	  5.7363e-02	
  5.5902e+00	  1.1275e-01	  2.7882e-03	  2.9083e-01	  6.8575e-02	  6.0276e-05	  6.8657e-01	  6.8229e-02	  3.1333e-03	  2.2188e-02	  1.0915e+05	  0.0000e+00	  1.4998e-01	  5.7380e-02	
  5.5895e+00	  1.1291e-01	  2.7902e-03	  2.9115e-01	  6.8657e-02	  6.0401e-05	  6.8739e-01	  6.8310e-02	  3.1351e-03	  2.2220e-02	  1.0925e+05	  0.0000e+00	  1.4998e-01	  5.7397e-02	
  5.5888e+00	  1.1306e-01	  2.7922e-03	  2.9147e-01	  6.8737e-02	  6.0522e-05	  6.8818e-01	  6.8389e-02	  3.1368e-03	  2.2251e-02	  1.0934e+05	  0.0000e+00	  1.4998e-01	  5.7414e-02	
  5.5882e+00	  1.1321e-01	  2.7940e-03	  2.9178e-01	  6.8813e-02	  6.0638e-05	  6.8894e-01	  6.8465e-02	  3.1384e-03	  2.2281e-02	  1.0942e+05	  0.0000e+00	  1.4998e-01	  5.7429e-02	
  5.5876e+00	  1.1335e-01	  2.7958e-03	  2.9207e-01	  6.8887e-02	  6.0751e-05	  6.8967e-01	  6.8539e-02	  3.1400e-03	  2.2309e-02	  1.0951e+05	  0.0000e+00	  1.4998e-01	  5.7444e-02	
  5.5870e+00	  1.1349e-01	  2.7975e-03	  2.9236e-01	  6.8959e-02	  6.0860e-05	  6.9038e-01	  6.8609e-02	  3.1415e-03	  2.2337e-02	  1.0959e+05	  0.0000e+00	  1.4998e-01	  5.7458e-02	
  5.5864e+00	  1.1362e-01	  2.7992e-03	  2.9263e-01	  6.9027e-02	  6.0965e-05	  6.9106e-01	  6.8678e-02	  3.1430e-03	  2.2364e-02	  1.0966e+05	  0.0000e+00	  1.4998e-01	  5.7472e-02	
  5.5859e+00	  1.1375e-01	  2.8008e-03	  2.9290e-01	  6.9094e-02	  6.1066e-05	  6.9173e-01	  6.8744e-02	  3.1444e-03	  2.2390e-02	  1.0974e+05	  0.0000e+00	  1.4998e-01	  5.7485e-02	
  5.5853e+00	  1.1388e-01	  2.8024e-03	  2.9315e-01	  6.9158e-02	  6.1164e-05	  6.9236e-01	  6.8808e-02	  3.1458e-03	  2.2415e-02	  1.0981e+05	  0.0000e+00	  1.4998e-01	  5.7498e-02	
  5.5848e+00	  1.1400e-01	  2.8039e-03	  2.9340e-01	  6.9220e-02	  6.1259e-05	  6.9298e-01	  6.8870e-02	  3.1471e-03	  2.2439e-02	  1.0988e+05	  0.0000e+00	  1.4998e-01	  5.7510e-02	
  5.5843e+00	  1.1411e-01	  2.8053e-03	  2.9364e-01	  6.9280e-02	  6.1350e-05	  6.9358e-01	  6.8929e-02	  3.1484e-03	  2.2462e-02	  1.0995e+05	  0.0000e+00	  1.4998e-01	  5.7522e-02	
  5.5838e+00	  1.1422e-01	  2.8067e-03	  2.9387e-01	  6.9338e-02	  6.1438e-05	  6.9415e-01	  6.8987e-02	  3.1496e-03	  2.2484e-02	  1.1002e+05	  0.0000e+00	  1.4998e-01	  5.7533e-02	
  5.5834e+00	  1.1433e-01	  2.8081e-03	  2.9409e-01	  6.9394e-02	  6.1523e-05	  6.9471e-01	  6.9042e-02	  3.1508e-03	  2.2506e-02	  1.1008e+05	  0.0000e+00	  1.4998e-01	  5.7544e-02	
  5.5829e+00	  1.1444e-01	  2.8094e-03	  2.9431e-01	  6.9448e-02	  6.1605e-05	  6.9524e-01	  6.9096e-02	  3.1520e-03	  2.2527e-02	  1.1014e+05	  0.0000e+00	  1.4998e-01	  5.7554e-02	
  5.5825e+00	  1.1454e-01	  2.8106e-03	  2.9452e-01	  6.9500e-02	  6.1685e-05	  6.9576e-01	  6.9147e-02	  3.1531e-03	  2.2547e-02	  1.1020e+05	  0.0000e+00	  1.4998e-01	  5.7564e-02	
  5.5821e+00	  1.1464e-01	  2.8119e-03	  2.9472e-01	  6.9550e-02	  6.1761e-05	  6.9626e-01	  6.9197e-02	  3.1542e-03	  2.2567e-02	  1.1026e+05	  0.0000e+00	  1.4998e-01	  5.7574e-02	
  5.5817e+00	  1.1473e-01	  2.8130e-03	  2.9491e-01	  6.9599e-02	  6.1836e-05	  6.9674e-01	  6.9246e-02	  3.1552e-03	  2.2585e-02	  1.1031e+05	  0.0000e+00	  1.4998e-01	  5.7583e-02	
  5.5813e+00	  1.1482e-01	  2.8142e-03	  2.9510e-01	  6.9646e-02	  6.1907e-05	  6.9721e-01	  6.9292e-02	  3.1562e-03	  2.2603e-02	  1.1036e+05	  0.0000e+00	  1.4998e-01	  5.7592e-02	
  5.5810e+00	  1.1491e-01	  2.8153e-03	  2.9528e-01	  6.9691e-02	  6.1976e-05	  6.9766e-01	  6.9337e-02	  3.1572e-03	  2.2621e-02	  1.1041e+05	  0.0000e+00	  1.4998e-01	  5.7601e-02	
  5.5806e+00	  1.1499e-01	  2.8163e-03	  2.9545e-01	  6.9735e-02	  6.2043e-05	  6.9809e-01	  6.9381e-02	  3.1581e-03	  2.2638e-02	  1.1046e+05	  0.0000e+00	  1.4998e-01	  5.7609e-02	
  5.5803e+00	  1.1508e-01	  2.8173e-03	  2.9562e-01	  6.9777e-02	  6.2107e-05	  6.9851e-01	  6.9423e-02	  3.1590e-03	  2.2654e-02	  1.1051e+05	  0.0000e+00	  1.4998e-01	  5.7617e-02	
  5.5799e+00	  1.1516e-01	  2.8183e-03	  2.9578e-01	  6.9818e-02	  6.2169e-05	  6.9892e-01	  6.9463e-02	  3.1598e-03	  2.2670e-02	  1.1056e+05	  0.0000e+00	  1.4998e-01	  5.7624e-02	
  5.5796e+00	  1.1523e-01	  2.8193e-03	  2.9594e-01	  6.9857e-02	  6.2229e-05	  6.9931e-01	  6.9502e-02	  3.1607e-03	  2.2685e-02	  1.1060e+05	  0.0000e+00	  1.4998e-01	  5.7632e-02	
  5.5793e+00	  1.1531e-01	  2.8202e-03	  2.9609e-01	  6.9895e-02	  6.2287e-05	  6.9969e-01	  6.9540e-02	  3.1615e-03	  2.2700e-02	  1.1064e+05	  0.0000e+00	  1.4998e-01	  5.7639e-02	
  5.5790e+00	  1.1538e-01	  2.8211e-03	  2.9624e-01	  6.9932e-02	  6.2343e-05	  7.0005e-01	  6.9577e-02	  3.1623e-03	  2.2714e-02	  1.1068e+05	  0.0000e+00	  1.4998e-01	  5.7645e-02	
  5.5787e+00	  1.1545e-01	  2.8219e-03	  2.9638e-01	  6.9967e-02	  6.2397e-05	  7.0040e-01	  6.9612e-02	  3.1630e-03	  2.2728e-02	  1.1072e+05	  0.0000e+00	  1.4998e-01	  5.7652e-02	
  5.5784e+00	  1.1551e-01	  2.8228e-03	  2.9652e-01	  7.0002e-02	  6.2449e-05	  7.0074e-01	  6.9646e-02	  3.1637e-03	  2.2741e-02	  1.1076e+05	  0.0000e+00	  1.4998e-01	  5.7658e-02	
  5.5782e+00	  1.1558e-01	  2.8236e-03	  2.9665e-01	  7.0035e-02	  6.2500e-05	  7.0107e-01	  6.9679e-02	  3.1644e-03	  2.2753e-02	  1.1080e+05	  0.0000e+00	  1.4998e-01	  5.7664e-02	
  5.5779e+00	  1.1564e-01	  2.8243e-03	  2.9678e-01	  7.0067e-02	  6.2548e-05	  7.0139e-01	  6.9710e-02	  3.1651e-03	  2.2766e-02	  1.1084e+05	  0.0000e+00	  1.4998e-01	  5.7670e-02	
  5.5777e+00	  1.1570e-01	  2.8251e-03	  2.9690e-01	  7.0098e-02	  6.2595e-05	  7.0170e-01	  6.9741e-02	  3.1658e-03	  2.2778e-02	  1.1087e+05	  0.0000e+00	  1.4998e-01	  5.7675e-02	
  5.5774e+00	  1.1576e-01	  2.8258e-03	  2.9702e-01	  7.0127e-02	  6.2641e-05	  7.0199e-01	  6.9771e-02	  3.1664e-03	  2.2789e-02	  1.1090e+05	  0.0000e+00	  1.4998e-01	  5.7681e-02	
  5.5772e+00	  1.1581e-01	  2.8265e-03	  2.9713e-01	  7.0156e-02	  6.2685e-05	  7.0228e-01	  6.9799e-02	  3.1670e-03	  2.2800e-02	  1.1094e+05	  0.0000e+00	  1.4998e-01	  5.7686e-02	
  5.5770e+00	  1.1587e-01	  2.8272e-03	  2.9724e-01	  7.0184e-02	  6.2727e-05	  7.0255e-01	  6.9827e-02	  3.1676e-03	  2.2811e-02	  1.1097e+05	  0.0000e+00	  1.4998e-01	  5.7691e-02	
  5.5767e+00	  1.1592e-01	  2.8278e-03	  2.9735e-01	  7.0211e-02	  6.2768e-05	  7.0282e-01	  6.9853e-02	  3.1682e-03	  2.2821e-02	  1.1100e+05	  0.0000e+00	  1.4998e-01	  5.7696e-02	
  5.5765e+00	  1.1597e-01	  2.8284e-03	  2.9745e-01	  7.0236e-02	  6.2807e-05	  7.0308e-01	  6.9879e-02	  3.1687e-03	  2.2831e-02	  1.1103e+05	  0.0000e+00	  1.4998e-01	  5.7700e-02	
  5.5763e+00	  1.1602e-01	  2.8290e-03	  2.9755e-01	  7.0261e-02	  6.2845e-05	  7.0332e-01	  6.9904e-02	  3.1693e-03	  2.2841e-02	  1.1105e+05	  0.0000e+00	  1.4998e-01	  5.7705e-02	
  5.5761e+00	  1.1607e-01	  2.8296e-03	  2.9765e-01	  7.0286e-02	  6.2882e-05	  7.0356e-01	  6.9928e-02	  3.1698e-03	  2.2850e-02	  1.1108e+05	  0.0000e+00	  1.4998e-01	  5.7709e-02	
  5.5759e+00	  1.1611e-01	  2.8302e-03	  2.9774e-01	  7.0309e-02	  6.2918e-05	  7.0380e-01	  6.9951e-02	  3.1703e-03	  2.2859e-02	  1.1111e+05	  0.0000e+00	  1.4998e-01	  5.7713e-02	
  5.5758e+00	  1.1615e-01	  2.8307e-03	  2.9783e-01	  7.0331e-02	  6.2952e-05	  7.0402e-01	  6.9973e-02	  3.1707e-03	  2.2868e-02	  1.1113e+05	  0.0000e+00	  1.4998e-01	  5.7717e-02	
  5.5756e+00	  1.1620e-01	  2.8312e-03	  2.9792e-01	  7.0353e-02	  6.2985e-05	  7.0423e-01	  6.9995e-02	  3.1712e-03	  2.2876e-02	  1.1116e+05	  0.0000e+00	  1.4998e-01	  5.7721e-02	
  5.5754e+00	  1.1624e-01	  2.8317e-03	  2.9800e-01	  7.0374e-02	  6.3017e-05	  7.0444e-01	  7.0016e-02	  3.1716e-03	  2.2884e-02	  1.1118e+05	  0.0000e+00	  1.4998e-01	  5.7725e-02	
  5.5753e+00	  1.1628e-01	  2.8322e-03	  2.9808e-01	  7.0394e-02	  6.3048e-05	  7.0464e-01	  7.0036e-02	  3.1721e-03	  2.2892e-02	  1.1120e+05	  0.0000e+00	  1.4998e-01	  5.7728e-02	
  5.5751e+00	  1.1632e-01	  2.8327e-03	  2.9816e-01	  7.0414e-02	  6.3078e-05	  7.0484e-01	  7.0055e-02	  3.1725e-03	  2.2899e-02	  1.1123e+05	  0.0000e+00	  1.4998e-01	  5.7732e-02	
  5.5749e+00	  1.1635e-01	  2.8332e-03	  2.9824e-01	  7.0433e-02	  6.3106e-05	  7.0503e-01	  7.0074e-02	  3.1729e-03	  2.2906e-02	  1.1125e+05	  0.0000e+00	  1.4998e-01	  5.7735e-02	
  5.5748e+00	  1.1639e-01	  2.8336e-03	  2.9831e-01	  7.0451e-02	  6.3134e-05	  7.0521e-01	  7.0092e-02	  3.1733e-03	  2.2913e-02	  1.1127e+05	  0.0000e+00	  1.4998e-01	  5.7738e-02	
  5.5747e+00	  1.1642e-01	  2.8340e-03	  2.9838e-01	  7.0469e-02	  6.3161e-05	  7.0538e-01	  7.0110e-02	  3.1736e-03	  2.2920e-02	  1.1129e+05	  0.0000e+00	  1.4998e-01	  5.7741e-02	
  5.5745e+00	  1.1645e-01	  2.8344e-03	  2.9845e-01	  7.0486e-02	  6.3187e-05	  7.0555e-01	  7.0127e-02	  3.1740e-03	  2.2927e-02	  1.1131e+05	  0.0000e+00	  1.4998e-01	  5.7744e-02	
  5.5744e+00	  1.1649e-01	  2.8348e-03	  2.9851e-01	  7.0502e-02	  6.3212e-05	  7.0571e-01	  7.0143e-02	  3.1743e-03	  2.2933e-02	  1.1132e+05	  0.0000e+00	  1.4998e-01	  5.7747e-02	
  5.5743e+00	  1.1652e-01	  2.8352e-03	  2.9857e-01	  7.0518e-02	  6.3236e-05	  7.0587e-01	  7.0159e-02	  3.1747e-03	  2.2939e-02	  1.1134e+05	  0.0000e+00	  1.4998e-01	  5.7750e-02	
  5.5741e+00	  1.1655e-01	  2.8356e-03	  2.9864e-01	  7.0533e-02	  6.3259e-05	  7.0602e-01	  7.0174e-02	  3.1750e-03	  2.2945e-02	  1.1136e+05	  0.0000e+00	  1.4998e-01	  5.7753e-02	
  5.5740e+00	  1.1658e-01	  2.8359e-03	  2.9869e-01	  7.0548e-02	  6.3282e-05	  7.0617e-01	  7.0188e-02	  3.1753e-03	  2.2951e-02	  1.1138e+05	  0.0000e+00	  1.4998e-01	  5.7755e-02	
  5.5739e+00	  1.1660e-01	  2.8363e-03	  2.9875e-01	  7.0562e-02	  6.3304e-05	  7.0631e-01	  7.0203e-02	  3.1756e-03	  2.2956e-02	  1.1139e+05	  0.0000e+00	  1.4998e-01	  5.7758e-02	
  5.5738e+00	  1.1663e-01	  2.8366e-03	  2.9881e-01	  7.0576e-02	  6.3325e-05	  7.0645e-01	  7.0216e-02	  3.1759e-03	  2.2961e-02	  1.1141e+05	  0.0000e+00	  1.4998e-01	  5.7760e-02	
  5.5737e+00	  1.1666e-01	  2.8369e-03	  2.9886e-01	  7.0589e-02	  6.3345e-05	  7.0658e-01	  7.0230e-02	  3.1762e-03	  2.2967e-02	  1.1142e+05	  0.0000e+00	  1.4998e-01	  5.7762e-02	
  5.5736e+00	  1.1668e-01	  2.8372e-03	  2.9891e-01	  7.0602e-02	  6.3365e-05	  7.0671e-01	  7.0242e-02	  3.1765e-03	  2.2971e-02	  1.1144e+05	  0.0000e+00	  1.4998e-01	  5.7764e-02	
  5.5735e+00	  1.1671e-01	  2.8375e-03	  2.9896e-01	  7.0615e-02	  6.3384e-05	  7.0683e-01	  7.0255e-02	  3.1767e-03	  2.2976e-02	  1.1145e+05	  0.0000e+00	  1.4998e-01	  5.7767e-02	
  5.5734e+00	  1.1673e-01	  2.8378e-03	  2.9901e-01	  7.0627e-02	  6.3402e-05	  7.0695e-01	  7.0267e-02	  3.1770e-03	  2.2981e-02	  1.1146e+05	  0.0000e+00	  1.4998e-01	  5.7769e-02	
  5.5733e+00	  1.1675e-01	  2.8381e-03	  2.9905e-01	  7.0638e-02	  6.3419e-05	  7.0707e-01	  7.0278e-02	  3.1772e-03	  2.2985e-02	  1.1148e+05	  0.0000e+00	  1.4998e-01	  5.7771e-02	
  5.5732e+00	  1.1677e-01	  2.8384e-03	  2.9910e-01	  7.0649e-02	  6.3436e-05	  7.0718e-01	  7.0289e-02	  3.1774e-03	  2.2989e-02	  1.1149e+05	  0.0000e+00	  1.4998e-01	  5.7773e-02	
  5.5731e+00	  1.1680e-01	  2.8386e-03	  2.9914e-01	  7.0660e-02	  6.3453e-05	  7.0728e-01	  7.0300e-02	  3.1777e-03	  2.2994e-02	  1.1150e+05	  0.0000e+00	  1.4998e-01	  5.7774e-02	
  5.5730e+00	  1.1682e-01	  2.8389e-03	  2.9918e-01	  7.0671e-02	  6.3469e-05	  7.0739e-01	  7.0310e-02	  3.1779e-03	  2.2998e-02	  1.1151e+05	  0.0000e+00	  1.4998e-01	  5.7776e-02	
  5.5730e+00	  1.1683e-01	  2.8391e-03	  2.9922e-01	  7.0681e-02	  6.3484e-05	  7.0749e-01	  7.0320e-02	  3.1781e-03	  2.3001e-02	  1.1152e+05	  0.0000e+00	  1.4998e-01	  5.7778e-02	
  5.5729e+00	  1.1685e-01	  2.8394e-03	  2.9926e-01	  7.0690e-02	  6.3499e-05	  7.0758e-01	  7.0330e-02	  3.1783e-03	  2.3005e-02	  1.1154e+05	  0.0000e+00	  1.4998e-01	  5.7780e-02	
  5.5728e+00	  1.1687e-01	  2.8396e-03	  2.9930e-01	  7.0700e-02	  6.3513e-05	  7.0768e-01	  7.0339e-02	  3.1785e-03	  2.3009e-02	  1.1155e+05	  0.0000e+00	  1.4998e-01	  5.7781e-02	
  5.5727e+00	  1.1689e-01	  2.8398e-03	  2.9933e-01	  7.0709e-02	  6.3527e-05	  7.0777e-01	  7.0348e-02	  3.1787e-03	  2.3012e-02	  1.1156e+05	  0.0000e+00	  1.4998e-01	  5.7783e-02	
  5.5727e+00	  1.1691e-01	  2.8400e-03	  2.9937e-01	  7.0717e-02	  6.3540e-05	  7.0785e-01	  7.0357e-02	  3.1789e-03	  2.3016e-02	  1.1157e+05	  0.0000e+00	  1.4998e-01	  5.7784e-02	
  5.5726e+00	  1.1692e-01	  2.8402e-03	  2.9940e-01	  7.0726e-02	  6.3553e-05	  7.0794e-01	  7.0365e-02	  3.1791e-03	  2.3019e-02	  1.1158e+05	  0.0000e+00	  1.4998e-01	  5.7786e-02	
  5.5725e+00	  1.1694e-01	  2.8404e-03	  2.9944e-01	  7.0734e-02	  6.3566e-05	  7.0802e-01	  7.0373e-02	  3.1792e-03	  2.3022e-02	  1.1158e+05	  0.0000e+00	  1.4998e-01	  5.7787e-02	
  5.5725e+00	  1.1695e-01	  2.8406e-03	  2.9947e-01	  7.0742e-02	  6.3578e-05	  7.0810e-01	  7.0381e-02	  3.1794e-03	  2.3025e-02	  1.1159e+05	  0.0000e+00	  1.4998e-01	  5.7788e-02	
  5.5724e+00	  1.1697e-01	  2.8408e-03	  2.9950e-01	  7.0750e-02	  6.3589e-05	  7.0817e-01	  7.0389e-02	  3.1796e-03	  2.3028e-02	  1.1160e+05	  0.0000e+00	  1.4998e-01	  5.7790e-02	
  5.5723e+00	  1.1698e-01	  2.8410e-03	  2.9953e-01	  7.0757e-02	  6.3600e-05	  7.0825e-01	  7.0396e-02	  3.1797e-03	  2.3031e-02	  1.1161e+05	  0.0000e+00	  1.4998e-01	  5.7791e-02	
  5.5723e+00	  1.1700e-01	  2.8411e-03	  2.9955e-01	  7.0764e-02	  6.3611e-05	  7.0832e-01	  7.0403e-02	  3.1799e-03	  2.3033e-02	  1.1162e+05	  0.0000e+00	  1.4998e-01	  5.7792e-02	
  5.5722e+00	  1.1701e-01	  2.8413e-03	  2.9958e-01	  7.0771e-02	  6.3622e-05	  7.0838e-01	  7.0410e-02	  3.1800e-03	  2.3036e-02	  1.1163e+05	  0.0000e+00	  1.4998e-01	  5.7793e-02	
  5.5722e+00	  1.1702e-01	  2.8415e-03	  2.9961e-01	  7.0777e-02	  6.3632e-05	  7.0845e-01	  7.0416e-02	  3.1801e-03	  2.3039e-02	  1.1163e+05	  0.0000e+00	  1.4998e-01	  5.7794e-02	
  5.5721e+00	  1.1704e-01	  2.8416e-03	  2.9963e-01	  7.0784e-02	  6.3641e-05	  7.0851e-01	  7.0423e-02	  3.1803e-03	  2.3041e-02	  1.1164e+05	  0.0000e+00	  1.4998e-01	  5.7795e-02	
  5.5721e+00	  1.1705e-01	  2.8418e-03	  2.9966e-01	  7.0790e-02	  6.3651e-05	  7.0857e-01	  7.0429e-02	  3.1804e-03	  2.3043e-02	  1.1165e+05	  0.0000e+00	  1.4998e-01	  5.7796e-02	
  5.5720e+00	  1.1706e-01	  2.8419e-03	  2.9968e-01	  7.0796e-02	  6.3660e-05	  7.0863e-01	  7.0435e-02	  3.1805e-03	  2.3046e-02	  1.1165e+05	  0.0000e+00	  1.4998e-01	  5.7798e-02	
  5.5720e+00	  1.1707e-01	  2.8420e-03	  2.9970e-01	  7.0802e-02	  6.3669e-05	  7.0869e-01	  7.0440e-02	  3.1807e-03	  2.3048e-02	  1.1166e+05	  0.0000e+00	  1.4998e-01	  5.7798e-02	
  5.5719e+00	  1.1708e-01	  2.8422e-03	  2.9973e-01	  7.0807e-02	  6.3677e-05	  7.0875e-01	  7.0446e-02	  3.1808e-03	  2.3050e-02	  1.1167e+05	  0.0000e+00	  1.4998e-01	  5.7799e-02	
  5.5719e+00	  1.1709e-01	  2.8423e-03	  2.9975e-01	  7.0813e-02	  6.3685e-05	  7.0880e-01	  7.0451e-02	  3.1809e-03	  2.3052e-02	  1.1167e+05	  0.0000e+00	  1.4998e-01	  5.7800e-02	
  5.5719e+00	  1.1710e-01	  2.8424e-03	  2.9977e-01	  7.0818e-02	  6.3693e-05	  7.0885e-01	  7.0456e-02	  3.1810e-03	  2.3054e-02	  1.1168e+05	  0.0000e+00	  1.4998e-01	  5.7801e-02	
  5.5718e+00	  1.1711e-01	  2.8426e-03	  2.9979e-01	  7.0823e-02	  6.3701e-05	  7.0890e-01	  7.0461e-02	  3.1811e-03	  2.3056e-02	  1.1168e+05	  0.0000e+00	  1.4998e-01	  5.7802e-02	
  5.5718e+00	  1.1712e-01	  2.8427e-03	  2.9981e-01	  7.0828e-02	  6.3708e-05	  7.0895e-01	  7.0466e-02	  3.1812e-03	  2.3058e-02	  1.1169e+05	  0.0000e+00	  1.4998e-01	  5.7803e-02	
  5.5717e+00	  1.1713e-01	  2.8428e-03	  2.9983e-01	  7.0832e-02	  6.3715e-05	  7.0899e-01	  7.0471e-02	  3.1813e-03	  2.3059e-02	  1.1169e+05	  0.0000e+00	  1.4998e-01	  5.7804e-02	
  5.5717e+00	  1.1714e-01	  2.8429e-03	  2.9984e-01	  7.0837e-02	  6.3722e-05	  7.0904e-01	  7.0475e-02	  3.1814e-03	  2.3061e-02	  1.1170e+05	  0.0000e+00	  1.4998e-01	  5.7804e-02	
  5.5717e+00	  1.1715e-01	  2.8430e-03	  2.9986e-01	  7.0841e-02	  6.3729e-05	  7.0908e-01	  7.0480e-02	  3.1815e-03	  2.3063e-02	  1.1170e+05	  0.0000e+00	  1.4998e-01	  5.7805e-02	
  5.5716e+00	  1.1716e-01	  2.8431e-03	  2.9988e-01	  7.0845e-02	  6.3735e-05	  7.0912e-01	  7.0484e-02	  3.1816e-03	  2.3064e-02	  1.1171e+05	  0.0000e+00	  1.4998e-01	  5.7806e-02	
  5.5716e+00	  1.1716e-01	  2.8432e-03	  2.9989e-01	  7.0849e-02	  6.3741e-05	  7.0916e-01	  7.0488e-02	  3.1817e-03	  2.3066e-02	  1.1171e+05	  0.0000e+00	  1.4998e-01	  5.7806e-02	
  5.5716e+00	  1.1717e-01	  2.8433e-03	  2.9991e-01	  7.0853e-02	  6.3747e-05	  7.0920e-01	  7.0492e-02	  3.1817e-03	  2.3067e-02	  1.1172e+05	  0.0000e+00	  1.4998e-01	  5.7807e-02	
  5.5715e+00	  1.1718e-01	  2.8434e-03	  2.9992e-01	  7.0857e-02	  6.3753e-05	  7.0924e-01	  7.0495e-02	  3.1818e-03	  2.3069e-02	  1.1172e+05	  0.0000e+00	  1.4998e-01	  5.7808e-02	
  5.5715e+00	  1.1719e-01	  2.8435e-03	  2.9994e-01	  7.0861e-02	  6.3758e-05	  7.0928e-01	  7.0499e-02	  3.1819e-03	  2.3070e-02	  1.1173e+05	  0.0000e+00	  1.4998e-01	  5.7808e-02	
  5.5715e+00	  1.1719e-01	  2.8436e-03	  2.9995e-01	  7.0864e-02	  6.3764e-05	  7.0931e-01	  7.0503e-02	  3.1820e-03	  2.3072e-02	  1.1173e+05	  0.0000e+00	  1.4998e-01	  5.7809e-02	
  5.5715e+00	  1.1720e-01	  2.8436e-03	  2.9997e-01	  7.0868e-02	  6.3769e-05	  7.0934e-01	  7.0506e-02	  3.1820e-03	  2.3073e-02	  1.1173e+05	  0.0000e+00	  1.4998e-01	  5.7810e-02	
  5.5714e+00	  1.1721e-01	  2.8437e-03	  2.9998e-01	  7.0871e-02	  6.3774e-05	  7.0938e-01	  7.0509e-02	  3.1821e-03	  2.3074e-02	  1.1174e+05	  0.0000e+00	  1.4998e-01	  5.7810e-02	
  5.5714e+00	  1.1721e-01	  2.8438e-03	  2.9999e-01	  7.0874e-02	  6.3779e-05	  7.0941e-01	  7.0512e-02	  3.1822e-03	  2.3075e-02	  1.1174e+05	  0.0000e+00	  1.4998e-01	  5.7811e-02	
  5.5714e+00	  1.1722e-01	  2.8439e-03	  3.0000e-01	  7.0877e-02	  6.3783e-05	  7.0944e-01	  7.0515e-02	  3.1822e-03	  2.3077e-02	  1.1174e+05	  0.0000e+00	  1.4998e-01	  5.7811e-02	
  5.5714e+00	  1.1722e-01	  2.8439e-03	  3.0002e-01	  7.0880e-02	  6.3788e-05	  7.0947e-01	  7.0518e-02	  3.1823e-03	  2.3078e-02	  1.1175e+05	  0.0000e+00	  1.4998e-01	  5.7812e-02	
  5.5713e+00	  1.1723e-01	  2.8440e-03	  3.0003e-01	  7.0883e-02	  6.3792e-05	  7.0950e-01	  7.0521e-02	  3.1824e-03	  2.3079e-02	  1.1175e+05	  0.0000e+00	  1.4998e-01	  5.7812e-02	
  5.5713e+00	  1.1723e-01	  2.8441e-03	  3.0004e-01	  7.0886e-02	  6.3796e-05	  7.0952e-01	  7.0524e-02	  3.1824e-03	  2.3080e-02	  1.1175e+05	  0.0000e+00	  1.4998e-01	  5.7813e-02	
  5.5713e+00	  1.1724e-01	  2.8441e-03	  3.0005e-01	  7.0888e-02	  6.3801e-05	  7.0955e-01	  7.0527e-02	  3.1825e-03	  2.3081e-02	  1.1176e+05	  0.0000e+00	  1.4998e-01	  5.7813e-02	
  5.5713e+00	  1.1725e-01	  2.8442e-03	  3.0006e-01	  7.0891e-02	  6.3804e-05	  7.0958e-01	  7.0529e-02	  3.1825e-03	  2.3082e-02	  1.1176e+05	  0.0000e+00	  1.4998e-01	  5.7813e-02	
  5.5713e+00	  1.1725e-01	  2.8443e-03	  3.0007e-01	  7.0893e-02	  6.3808e-05	  7.0960e-01	  7.0532e-02	  3.1826e-03	  2.3083e-02	  1.1176e+05	  0.0000e+00	  1.4998e-01	  5.7814e-02	
  5.5712e+00	  1.1725e-01	  2.8443e-03	  3.0008e-01	  7.0896e-02	  6.3812e-05	  7.0962e-01	  7.0534e-02	  3.1826e-03	  2.3084e-02	  1.1177e+05	  0.0000e+00	  1.4998e-01	  5.7814e-02	
  5.5712e+00	  1.1726e-01	  2.8444e-03	  3.0009e-01	  7.0898e-02	  6.3815e-05	  7.0965e-01	  7.0536e-02	  3.1827e-03	  2.3085e-02	  1.1177e+05	  0.0000e+00	  1.4998e-01	  5.7815e-02	
