          pH	          Na	           K	          Ca	          Mg	         PO4	          Cl	         SO4	         NH4	        HCO3	          sc	         FeS	      Pyrite	     Calcite	       CaPO4	      Fe3PO4	     CaMgCO3	
  6.8627e+00	  2.2824e-03	  2.8029e-04	  3.8340e-03	  7.9083e-04	  4.9892e-05	  1.3314e-03	  2.0021e-05	  3.8070e-04	  9.0095e-06	  1.4414e+03	  0.0000e+00	  0.0000e+00	  0.0000e+00	  0.0000e+00	  0.0000e+00	  0.0000e+00	
  6.8627e+00	  2.2824e-03	  2.8029e-04	  3.8340e-03	  7.9083e-04	  4.9892e-05	  1.3314e-03	  2.0021e-05	  3.8070e-04	  9.0095e-06	  1.4414e+03	  0.0000e+00	  0.0000e+00	  0.0000e+00	  0.0000e+00	  0.0000e+00	  0.0000e+00	
  6.7028e+00	  2.3225e-03	  2.8502e-04	  3.8615e-03	  8.1944e-04	  3.6454e-05	  1.3778e-03	  3.1424e-05	  3.8684e-04	  8.1077e-05	  1.4834e+03	  0.0000e+00	  1.4998e-01	  0.0000e+00	  3.1792e-01	  2.3248e-02	  0.0000e+00	
  6.7028e+00	  2.3297e-03	  2.8564e-04	  3.8811e-03	  8.2366e-04	  3.6276e-05	  1.4242e-03	  4.2502e-05	  3.8767e-04	  1.0459e-04	  1.4986e+03	  0.0000e+00	  1.4998e-01	  0.0000e+00	  3.1805e-01	  2.3052e-02	  0.0000e+00	
  6.7028e+00	  2.3368e-03	  2.8623e-04	  3.8999e-03	  8.2775e-04	  3.6104e-05	  1.4688e-03	  5.3155e-05	  3.8846e-04	  1.2725e-04	  1.5133e+03	  0.0000e+00	  1.4998e-01	  0.0000e+00	  3.1818e-01	  2.2863e-02	  0.0000e+00	
  6.7028e+00	  2.3435e-03	  2.8681e-04	  3.9182e-03	  8.3169e-04	  3.5940e-05	  1.5118e-03	  6.3401e-05	  3.8923e-04	  1.4911e-04	  1.5274e+03	  0.0000e+00	  1.4998e-01	  0.0000e+00	  3.1830e-01	  2.2680e-02	  0.0000e+00	
  6.7028e+00	  2.3501e-03	  2.8736e-04	  3.9358e-03	  8.3550e-04	  3.5783e-05	  1.5531e-03	  7.3258e-05	  3.8996e-04	  1.7018e-04	  1.5410e+03	  0.0000e+00	  1.4998e-01	  0.0000e+00	  3.1842e-01	  2.2504e-02	  0.0000e+00	
  6.7028e+00	  2.3564e-03	  2.8790e-04	  3.9528e-03	  8.3918e-04	  3.5632e-05	  1.5930e-03	  8.2741e-05	  3.9067e-04	  1.9049e-04	  1.5541e+03	  0.0000e+00	  1.4998e-01	  0.0000e+00	  3.1853e-01	  2.2334e-02	  0.0000e+00	
  6.7028e+00	  2.3625e-03	  2.8841e-04	  3.9692e-03	  8.4273e-04	  3.5487e-05	  1.6315e-03	  9.1866e-05	  3.9136e-04	  2.1008e-04	  1.5667e+03	  0.0000e+00	  1.4998e-01	  0.0000e+00	  3.1864e-01	  2.2170e-02	  0.0000e+00	
  6.7028e+00	  2.3684e-03	  2.8890e-04	  3.9850e-03	  8.4616e-04	  3.5349e-05	  1.6685e-03	  1.0065e-04	  3.9202e-04	  2.2898e-04	  1.5789e+03	  0.0000e+00	  1.4998e-01	  0.0000e+00	  3.1875e-01	  2.2011e-02	  0.0000e+00	
  6.7028e+00	  2.3740e-03	  2.8938e-04	  4.0003e-03	  8.4947e-04	  3.5215e-05	  1.7042e-03	  1.0910e-04	  3.9265e-04	  2.4720e-04	  1.5907e+03	  0.0000e+00	  1.4998e-01	  0.0000e+00	  3.1885e-01	  2.1858e-02	  0.0000e+00	
  6.7029e+00	  2.3795e-03	  2.8984e-04	  4.0151e-03	  8.5267e-04	  3.5088e-05	  1.7386e-03	  1.1724e-04	  3.9327e-04	  2.6477e-04	  1.6020e+03	  0.0000e+00	  1.4998e-01	  0.0000e+00	  3.1895e-01	  2.1711e-02	  0.0000e+00	
  6.7029e+00	  2.3848e-03	  2.9029e-04	  4.0294e-03	  8.5576e-04	  3.4965e-05	  1.7717e-03	  1.2507e-04	  3.9386e-04	  2.8172e-04	  1.6129e+03	  0.0000e+00	  1.4998e-01	  0.0000e+00	  3.1905e-01	  2.1568e-02	  0.0000e+00	
  6.7029e+00	  2.3899e-03	  2.9071e-04	  4.0432e-03	  8.5875e-04	  3.4847e-05	  1.8037e-03	  1.3262e-04	  3.9443e-04	  2.9807e-04	  1.6234e+03	  0.0000e+00	  1.4998e-01	  0.0000e+00	  3.1914e-01	  2.1430e-02	  0.0000e+00	
  6.7029e+00	  2.3949e-03	  2.9113e-04	  4.0565e-03	  8.6163e-04	  3.4734e-05	  1.8345e-03	  1.3988e-04	  3.9498e-04	  3.1384e-04	  1.6335e+03	  0.0000e+00	  1.4998e-01	  0.0000e+00	  3.1923e-01	  2.1297e-02	  0.0000e+00	
  6.7029e+00	  2.3996e-03	  2.9152e-04	  4.0693e-03	  8.6441e-04	  3.4625e-05	  1.8642e-03	  1.4688e-04	  3.9550e-04	  3.2905e-04	  1.6432e+03	  0.0000e+00	  1.4998e-01	  0.0000e+00	  3.1931e-01	  2.1169e-02	  0.0000e+00	
  6.7029e+00	  2.4042e-03	  2.9191e-04	  4.0817e-03	  8.6709e-04	  3.4521e-05	  1.8928e-03	  1.5362e-04	  3.9601e-04	  3.4373e-04	  1.6527e+03	  0.0000e+00	  1.4998e-01	  0.0000e+00	  3.1940e-01	  2.1045e-02	  0.0000e+00	
  6.7030e+00	  2.4087e-03	  2.9228e-04	  4.0937e-03	  8.6969e-04	  3.4420e-05	  1.9204e-03	  1.6011e-04	  3.9651e-04	  3.5788e-04	  1.6617e+03	  0.0000e+00	  1.4998e-01	  0.0000e+00	  3.1948e-01	  2.0926e-02	  0.0000e+00	
  6.7030e+00	  2.4129e-03	  2.9263e-04	  4.1053e-03	  8.7219e-04	  3.4324e-05	  1.9470e-03	  1.6636e-04	  3.9698e-04	  3.7154e-04	  1.6705e+03	  0.0000e+00	  1.4998e-01	  0.0000e+00	  3.1955e-01	  2.0810e-02	  0.0000e+00	
  6.7030e+00	  2.4171e-03	  2.9298e-04	  4.1165e-03	  8.7461e-04	  3.4231e-05	  1.9727e-03	  1.7239e-04	  3.9744e-04	  3.8472e-04	  1.6789e+03	  0.0000e+00	  1.4998e-01	  0.0000e+00	  3.1963e-01	  2.0699e-02	  0.0000e+00	
  6.7030e+00	  2.4211e-03	  2.9331e-04	  4.1273e-03	  8.7695e-04	  3.4142e-05	  1.9974e-03	  1.7819e-04	  3.9788e-04	  3.9743e-04	  1.6871e+03	  0.0000e+00	  1.4998e-01	  0.0000e+00	  3.1970e-01	  2.0591e-02	  0.0000e+00	
  6.7030e+00	  2.4249e-03	  2.9363e-04	  4.1377e-03	  8.7921e-04	  3.4056e-05	  2.0213e-03	  1.8379e-04	  3.9830e-04	  4.0970e-04	  1.6949e+03	  0.0000e+00	  1.4998e-01	  0.0000e+00	  3.1977e-01	  2.0487e-02	  0.0000e+00	
  6.7030e+00	  2.4286e-03	  2.9393e-04	  4.1478e-03	  8.8139e-04	  3.3974e-05	  2.0443e-03	  1.8918e-04	  3.9871e-04	  4.2153e-04	  1.7025e+03	  0.0000e+00	  1.4998e-01	  0.0000e+00	  3.1984e-01	  2.0387e-02	  0.0000e+00	
  6.7031e+00	  2.4322e-03	  2.9423e-04	  4.1575e-03	  8.8349e-04	  3.3894e-05	  2.0665e-03	  1.9438e-04	  3.9911e-04	  4.3295e-04	  1.7098e+03	  0.0000e+00	  1.4998e-01	  0.0000e+00	  3.1990e-01	  2.0290e-02	  0.0000e+00	
  6.7031e+00	  2.4357e-03	  2.9452e-04	  4.1669e-03	  8.8552e-04	  3.3818e-05	  2.0879e-03	  1.9939e-04	  3.9949e-04	  4.4397e-04	  1.7168e+03	  0.0000e+00	  1.4998e-01	  0.0000e+00	  3.1997e-01	  2.0197e-02	  0.0000e+00	
  6.7031e+00	  2.4391e-03	  2.9480e-04	  4.1759e-03	  8.8748e-04	  3.3745e-05	  2.1086e-03	  2.0422e-04	  3.9986e-04	  4.5460e-04	  1.7236e+03	  0.0000e+00	  1.4998e-01	  0.0000e+00	  3.2003e-01	  2.0107e-02	  0.0000e+00	
  6.7031e+00	  2.4423e-03	  2.9506e-04	  4.1847e-03	  8.8938e-04	  3.3674e-05	  2.1285e-03	  2.0887e-04	  4.0021e-04	  4.6486e-04	  1.7302e+03	  0.0000e+00	  1.4998e-01	  0.0000e+00	  3.2008e-01	  2.0020e-02	  0.0000e+00	
  6.7031e+00	  2.4454e-03	  2.9532e-04	  4.1931e-03	  8.9121e-04	  3.3606e-05	  2.1477e-03	  2.1336e-04	  4.0055e-04	  4.7477e-04	  1.7365e+03	  0.0000e+00	  1.4998e-01	  0.0000e+00	  3.2014e-01	  1.9936e-02	  0.0000e+00	
  6.7032e+00	  2.4484e-03	  2.9557e-04	  4.2013e-03	  8.9297e-04	  3.3541e-05	  2.1663e-03	  2.1768e-04	  4.0088e-04	  4.8432e-04	  1.7426e+03	  0.0000e+00	  1.4998e-01	  0.0000e+00	  3.2020e-01	  1.9854e-02	  0.0000e+00	
  6.7032e+00	  2.4513e-03	  2.9581e-04	  4.2092e-03	  8.9468e-04	  3.3478e-05	  2.1841e-03	  2.2185e-04	  4.0120e-04	  4.9354e-04	  1.7484e+03	  0.0000e+00	  1.4998e-01	  0.0000e+00	  3.2025e-01	  1.9776e-02	  0.0000e+00	
  6.7032e+00	  2.4541e-03	  2.9604e-04	  4.2168e-03	  8.9633e-04	  3.3417e-05	  2.2014e-03	  2.2588e-04	  4.0151e-04	  5.0244e-04	  1.7541e+03	  0.0000e+00	  1.4998e-01	  0.0000e+00	  3.2030e-01	  1.9700e-02	  0.0000e+00	
  6.7032e+00	  2.4569e-03	  2.9626e-04	  4.2241e-03	  8.9792e-04	  3.3358e-05	  2.2180e-03	  2.2975e-04	  4.0181e-04	  5.1103e-04	  1.7596e+03	  0.0000e+00	  1.4998e-01	  0.0000e+00	  3.2035e-01	  1.9627e-02	  0.0000e+00	
  6.7032e+00	  2.4595e-03	  2.9648e-04	  4.2312e-03	  8.9945e-04	  3.3302e-05	  2.2341e-03	  2.3349e-04	  4.0209e-04	  5.1932e-04	  1.7649e+03	  0.0000e+00	  1.4998e-01	  0.0000e+00	  3.2039e-01	  1.9557e-02	  0.0000e+00	
  6.7033e+00	  2.4620e-03	  2.9668e-04	  4.2381e-03	  9.0094e-04	  3.3248e-05	  2.2496e-03	  2.3710e-04	  4.0237e-04	  5.2732e-04	  1.7700e+03	  0.0000e+00	  1.4998e-01	  0.0000e+00	  3.2044e-01	  1.9489e-02	  0.0000e+00	
  6.7033e+00	  2.4644e-03	  2.9688e-04	  4.2447e-03	  9.0237e-04	  3.3196e-05	  2.2646e-03	  2.4058e-04	  4.0263e-04	  5.3504e-04	  1.7749e+03	  0.0000e+00	  1.4998e-01	  0.0000e+00	  3.2048e-01	  1.9423e-02	  0.0000e+00	
  6.7033e+00	  2.4668e-03	  2.9708e-04	  4.2511e-03	  9.0375e-04	  3.3146e-05	  2.2790e-03	  2.4393e-04	  4.0289e-04	  5.4249e-04	  1.7796e+03	  0.0000e+00	  1.4998e-01	  0.0000e+00	  3.2053e-01	  1.9359e-02	  0.0000e+00	
  6.7033e+00	  2.4691e-03	  2.9726e-04	  4.2572e-03	  9.0509e-04	  3.3097e-05	  2.2929e-03	  2.4717e-04	  4.0314e-04	  5.4968e-04	  1.7842e+03	  0.0000e+00	  1.4998e-01	  0.0000e+00	  3.2057e-01	  1.9298e-02	  0.0000e+00	
  6.7033e+00	  2.4713e-03	  2.9744e-04	  4.2632e-03	  9.0638e-04	  3.3051e-05	  2.3063e-03	  2.5029e-04	  4.0338e-04	  5.5663e-04	  1.7886e+03	  0.0000e+00	  1.4998e-01	  0.0000e+00	  3.2061e-01	  1.9239e-02	  0.0000e+00	
  6.7033e+00	  2.4734e-03	  2.9762e-04	  4.2690e-03	  9.0762e-04	  3.3006e-05	  2.3193e-03	  2.5330e-04	  4.0361e-04	  5.6333e-04	  1.7929e+03	  0.0000e+00	  1.4998e-01	  0.0000e+00	  3.2065e-01	  1.9182e-02	  0.0000e+00	
  6.7033e+00	  2.4755e-03	  2.9779e-04	  4.2745e-03	  9.0883e-04	  3.2962e-05	  2.3318e-03	  2.5620e-04	  4.0383e-04	  5.6980e-04	  1.7970e+03	  0.0000e+00	  1.4998e-01	  0.0000e+00	  3.2068e-01	  1.9127e-02	  0.0000e+00	
  6.7034e+00	  2.4774e-03	  2.9795e-04	  4.2799e-03	  9.0999e-04	  3.2921e-05	  2.3439e-03	  2.5901e-04	  4.0404e-04	  5.7604e-04	  1.8010e+03	  0.0000e+00	  1.4998e-01	  0.0000e+00	  3.2072e-01	  1.9073e-02	  0.0000e+00	
  6.7034e+00	  2.4793e-03	  2.9810e-04	  4.2850e-03	  9.1111e-04	  3.2881e-05	  2.3555e-03	  2.6171e-04	  4.0425e-04	  5.8206e-04	  1.8048e+03	  0.0000e+00	  1.4998e-01	  0.0000e+00	  3.2075e-01	  1.9022e-02	  0.0000e+00	
  6.7034e+00	  2.4812e-03	  2.9825e-04	  4.2900e-03	  9.1219e-04	  3.2842e-05	  2.3668e-03	  2.6431e-04	  4.0445e-04	  5.8788e-04	  1.8085e+03	  0.0000e+00	  1.4998e-01	  0.0000e+00	  3.2079e-01	  1.8972e-02	  0.0000e+00	
  6.7034e+00	  2.4830e-03	  2.9840e-04	  4.2949e-03	  9.1324e-04	  3.2805e-05	  2.3776e-03	  2.6683e-04	  4.0464e-04	  5.9349e-04	  1.8121e+03	  0.0000e+00	  1.4998e-01	  0.0000e+00	  3.2082e-01	  1.8924e-02	  0.0000e+00	
  6.7034e+00	  2.4847e-03	  2.9854e-04	  4.2995e-03	  9.1425e-04	  3.2769e-05	  2.3881e-03	  2.6926e-04	  4.0483e-04	  5.9891e-04	  1.8155e+03	  0.0000e+00	  1.4998e-01	  0.0000e+00	  3.2085e-01	  1.8878e-02	  0.0000e+00	
  6.7034e+00	  2.4863e-03	  2.9867e-04	  4.3040e-03	  9.1522e-04	  3.2734e-05	  2.3982e-03	  2.7160e-04	  4.0501e-04	  6.0414e-04	  1.8188e+03	  0.0000e+00	  1.4998e-01	  0.0000e+00	  3.2088e-01	  1.8834e-02	  0.0000e+00	
  6.7034e+00	  2.4879e-03	  2.9881e-04	  4.3084e-03	  9.1616e-04	  3.2700e-05	  2.4079e-03	  2.7386e-04	  4.0518e-04	  6.0919e-04	  1.8220e+03	  0.0000e+00	  1.4998e-01	  0.0000e+00	  3.2091e-01	  1.8790e-02	  0.0000e+00	
  6.7035e+00	  2.4895e-03	  2.9893e-04	  4.3126e-03	  9.1707e-04	  3.2668e-05	  2.4173e-03	  2.7603e-04	  4.0535e-04	  6.1407e-04	  1.8251e+03	  0.0000e+00	  1.4998e-01	  0.0000e+00	  3.2094e-01	  1.8749e-02	  0.0000e+00	
  6.7035e+00	  2.4910e-03	  2.9905e-04	  4.3166e-03	  9.1795e-04	  3.2637e-05	  2.4264e-03	  2.7814e-04	  4.0551e-04	  6.1877e-04	  1.8281e+03	  0.0000e+00	  1.4998e-01	  0.0000e+00	  3.2096e-01	  1.8709e-02	  0.0000e+00	
  6.7035e+00	  2.4924e-03	  2.9917e-04	  4.3206e-03	  9.1880e-04	  3.2607e-05	  2.4352e-03	  2.8017e-04	  4.0567e-04	  6.2332e-04	  1.8310e+03	  0.0000e+00	  1.4998e-01	  0.0000e+00	  3.2099e-01	  1.8670e-02	  0.0000e+00	
  6.7035e+00	  2.4938e-03	  2.9928e-04	  4.3243e-03	  9.1962e-04	  3.2578e-05	  2.4437e-03	  2.8212e-04	  4.0582e-04	  6.2770e-04	  1.8338e+03	  0.0000e+00	  1.4998e-01	  0.0000e+00	  3.2102e-01	  1.8632e-02	  0.0000e+00	
  6.7035e+00	  2.4952e-03	  2.9939e-04	  4.3280e-03	  9.2041e-04	  3.2551e-05	  2.4518e-03	  2.8401e-04	  4.0596e-04	  6.3194e-04	  1.8365e+03	  0.0000e+00	  1.4998e-01	  0.0000e+00	  3.2104e-01	  1.8596e-02	  0.0000e+00	
  6.7035e+00	  2.4965e-03	  2.9950e-04	  4.3315e-03	  9.2117e-04	  3.2524e-05	  2.4597e-03	  2.8584e-04	  4.0610e-04	  6.3602e-04	  1.8391e+03	  0.0000e+00	  1.4998e-01	  0.0000e+00	  3.2106e-01	  1.8561e-02	  0.0000e+00	
  6.7035e+00	  2.4977e-03	  2.9960e-04	  4.3349e-03	  9.2191e-04	  3.2498e-05	  2.4673e-03	  2.8760e-04	  4.0624e-04	  6.3997e-04	  1.8416e+03	  0.0000e+00	  1.4998e-01	  0.0000e+00	  3.2109e-01	  1.8527e-02	  0.0000e+00	
  6.7035e+00	  2.4989e-03	  2.9970e-04	  4.3382e-03	  9.2262e-04	  3.2473e-05	  2.4747e-03	  2.8929e-04	  4.0637e-04	  6.4378e-04	  1.8440e+03	  0.0000e+00	  1.4998e-01	  0.0000e+00	  3.2111e-01	  1.8495e-02	  0.0000e+00	
  6.7035e+00	  2.5001e-03	  2.9979e-04	  4.3414e-03	  9.2330e-04	  3.2449e-05	  2.4818e-03	  2.9093e-04	  4.0650e-04	  6.4745e-04	  1.8463e+03	  0.0000e+00	  1.4998e-01	  0.0000e+00	  3.2113e-01	  1.8463e-02	  0.0000e+00	
  6.7036e+00	  2.5012e-03	  2.9989e-04	  4.3444e-03	  9.2397e-04	  3.2425e-05	  2.4886e-03	  2.9251e-04	  4.0662e-04	  6.5100e-04	  1.8486e+03	  0.0000e+00	  1.4998e-01	  0.0000e+00	  3.2115e-01	  1.8433e-02	  0.0000e+00	
  6.7036e+00	  2.5023e-03	  2.9997e-04	  4.3474e-03	  9.2461e-04	  3.2403e-05	  2.4952e-03	  2.9404e-04	  4.0674e-04	  6.5443e-04	  1.8507e+03	  0.0000e+00	  1.4998e-01	  0.0000e+00	  3.2117e-01	  1.8404e-02	  0.0000e+00	
  6.7036e+00	  2.5034e-03	  3.0006e-04	  4.3503e-03	  9.2523e-04	  3.2381e-05	  2.5016e-03	  2.9551e-04	  4.0685e-04	  6.5774e-04	  1.8528e+03	  0.0000e+00	  1.4998e-01	  0.0000e+00	  3.2119e-01	  1.8375e-02	  0.0000e+00	
  6.7036e+00	  2.5044e-03	  3.0014e-04	  4.3530e-03	  9.2582e-04	  3.2361e-05	  2.5077e-03	  2.9694e-04	  4.0696e-04	  6.6093e-04	  1.8549e+03	  0.0000e+00	  1.4998e-01	  0.0000e+00	  3.2121e-01	  1.8348e-02	  0.0000e+00	
  6.7036e+00	  2.5054e-03	  3.0022e-04	  4.3557e-03	  9.2640e-04	  3.2340e-05	  2.5137e-03	  2.9831e-04	  4.0706e-04	  6.6401e-04	  1.8568e+03	  0.0000e+00	  1.4998e-01	  0.0000e+00	  3.2122e-01	  1.8322e-02	  0.0000e+00	
  6.7036e+00	  2.5063e-03	  3.0030e-04	  4.3582e-03	  9.2696e-04	  3.2321e-05	  2.5194e-03	  2.9963e-04	  4.0717e-04	  6.6699e-04	  1.8587e+03	  0.0000e+00	  1.4998e-01	  0.0000e+00	  3.2124e-01	  1.8296e-02	  0.0000e+00	
  6.7036e+00	  2.5072e-03	  3.0037e-04	  4.3607e-03	  9.2750e-04	  3.2302e-05	  2.5250e-03	  3.0091e-04	  4.0726e-04	  6.6986e-04	  1.8605e+03	  0.0000e+00	  1.4998e-01	  0.0000e+00	  3.2126e-01	  1.8271e-02	  0.0000e+00	
  6.7036e+00	  2.5081e-03	  3.0044e-04	  4.3631e-03	  9.2802e-04	  3.2284e-05	  2.5303e-03	  3.0214e-04	  4.0736e-04	  6.7264e-04	  1.8623e+03	  0.0000e+00	  1.4998e-01	  0.0000e+00	  3.2127e-01	  1.8248e-02	  0.0000e+00	
  6.7036e+00	  2.5090e-03	  3.0051e-04	  4.3655e-03	  9.2852e-04	  3.2267e-05	  2.5355e-03	  3.0333e-04	  4.0745e-04	  6.7532e-04	  1.8640e+03	  0.0000e+00	  1.4998e-01	  0.0000e+00	  3.2129e-01	  1.8225e-02	  0.0000e+00	
  6.7036e+00	  2.5098e-03	  3.0058e-04	  4.3677e-03	  9.2900e-04	  3.2250e-05	  2.5404e-03	  3.0448e-04	  4.0754e-04	  6.7790e-04	  1.8656e+03	  0.0000e+00	  1.4998e-01	  0.0000e+00	  3.2130e-01	  1.8203e-02	  0.0000e+00	
  6.7036e+00	  2.5106e-03	  3.0065e-04	  4.3698e-03	  9.2947e-04	  3.2234e-05	  2.5453e-03	  3.0559e-04	  4.0762e-04	  6.8040e-04	  1.8672e+03	  0.0000e+00	  1.4998e-01	  0.0000e+00	  3.2132e-01	  1.8181e-02	  0.0000e+00	
  6.7036e+00	  2.5114e-03	  3.0071e-04	  4.3719e-03	  9.2992e-04	  3.2218e-05	  2.5499e-03	  3.0666e-04	  4.0771e-04	  6.8281e-04	  1.8687e+03	  0.0000e+00	  1.4998e-01	  0.0000e+00	  3.2133e-01	  1.8161e-02	  0.0000e+00	
  6.7037e+00	  2.5121e-03	  3.0077e-04	  4.3739e-03	  9.3036e-04	  3.2203e-05	  2.5544e-03	  3.0770e-04	  4.0779e-04	  6.8514e-04	  1.8702e+03	  0.0000e+00	  1.4998e-01	  0.0000e+00	  3.2135e-01	  1.8141e-02	  0.0000e+00	
  6.7037e+00	  2.5128e-03	  3.0083e-04	  4.3759e-03	  9.3078e-04	  3.2189e-05	  2.5587e-03	  3.0870e-04	  4.0786e-04	  6.8739e-04	  1.8716e+03	  0.0000e+00	  1.4998e-01	  0.0000e+00	  3.2136e-01	  1.8121e-02	  0.0000e+00	
  6.7037e+00	  2.5135e-03	  3.0088e-04	  4.3778e-03	  9.3119e-04	  3.2175e-05	  2.5629e-03	  3.0966e-04	  4.0794e-04	  6.8956e-04	  1.8730e+03	  0.0000e+00	  1.4998e-01	  0.0000e+00	  3.2137e-01	  1.8103e-02	  0.0000e+00	
  6.7037e+00	  2.5142e-03	  3.0094e-04	  4.3796e-03	  9.3158e-04	  3.2161e-05	  2.5669e-03	  3.1059e-04	  4.0801e-04	  6.9165e-04	  1.8743e+03	  0.0000e+00	  1.4998e-01	  0.0000e+00	  3.2138e-01	  1.8085e-02	  0.0000e+00	
  6.7037e+00	  2.5148e-03	  3.0099e-04	  4.3813e-03	  9.3196e-04	  3.2148e-05	  2.5708e-03	  3.1149e-04	  4.0808e-04	  6.9367e-04	  1.8756e+03	  0.0000e+00	  1.4998e-01	  0.0000e+00	  3.2139e-01	  1.8068e-02	  0.0000e+00	
  6.7037e+00	  2.5154e-03	  3.0104e-04	  4.3830e-03	  9.3232e-04	  3.2135e-05	  2.5746e-03	  3.1235e-04	  4.0815e-04	  6.9563e-04	  1.8768e+03	  0.0000e+00	  1.4998e-01	  0.0000e+00	  3.2141e-01	  1.8051e-02	  0.0000e+00	
  6.7037e+00	  2.5160e-03	  3.0109e-04	  4.3847e-03	  9.3268e-04	  3.2123e-05	  2.5782e-03	  3.1319e-04	  4.0821e-04	  6.9751e-04	  1.8780e+03	  0.0000e+00	  1.4998e-01	  0.0000e+00	  3.2142e-01	  1.8035e-02	  0.0000e+00	
  6.7037e+00	  2.5166e-03	  3.0113e-04	  4.3862e-03	  9.3302e-04	  3.2111e-05	  2.5817e-03	  3.1400e-04	  4.0827e-04	  6.9933e-04	  1.8792e+03	  0.0000e+00	  1.4998e-01	  0.0000e+00	  3.2143e-01	  1.8019e-02	  0.0000e+00	
  6.7037e+00	  2.5172e-03	  3.0118e-04	  4.3878e-03	  9.3335e-04	  3.2100e-05	  2.5851e-03	  3.1477e-04	  4.0833e-04	  7.0109e-04	  1.8803e+03	  0.0000e+00	  1.4998e-01	  0.0000e+00	  3.2144e-01	  1.8004e-02	  0.0000e+00	
  6.7037e+00	  2.5177e-03	  3.0122e-04	  4.3892e-03	  9.3367e-04	  3.2089e-05	  2.5883e-03	  3.1553e-04	  4.0839e-04	  7.0279e-04	  1.8814e+03	  0.0000e+00	  1.4998e-01	  0.0000e+00	  3.2145e-01	  1.7989e-02	  0.0000e+00	
  6.7037e+00	  2.5182e-03	  3.0126e-04	  4.3906e-03	  9.3397e-04	  3.2078e-05	  2.5915e-03	  3.1625e-04	  4.0845e-04	  7.0442e-04	  1.8824e+03	  0.0000e+00	  1.4998e-01	  0.0000e+00	  3.2146e-01	  1.7975e-02	  0.0000e+00	
  6.7037e+00	  2.5187e-03	  3.0131e-04	  4.3920e-03	  9.3427e-04	  3.2068e-05	  2.5945e-03	  3.1695e-04	  4.0850e-04	  7.0601e-04	  1.8834e+03	  0.0000e+00	  1.4998e-01	  0.0000e+00	  3.2147e-01	  1.7962e-02	  0.0000e+00	
  6.7037e+00	  2.5192e-03	  3.0135e-04	  4.3933e-03	  9.3456e-04	  3.2058e-05	  2.5975e-03	  3.1763e-04	  4.0855e-04	  7.0753e-04	  1.8844e+03	  0.0000e+00	  1.4998e-01	  0.0000e+00	  3.2147e-01	  1.7949e-02	  0.0000e+00	
  6.7037e+00	  2.5197e-03	  3.0138e-04	  4.3946e-03	  9.3483e-04	  3.2049e-05	  2.6003e-03	  3.1829e-04	  4.0860e-04	  7.0901e-04	  1.8853e+03	  0.0000e+00	  1.4998e-01	  0.0000e+00	  3.2148e-01	  1.7936e-02	  0.0000e+00	
  6.7037e+00	  2.5202e-03	  3.0142e-04	  4.3958e-03	  9.3510e-04	  3.2040e-05	  2.6031e-03	  3.1892e-04	  4.0865e-04	  7.1043e-04	  1.8862e+03	  0.0000e+00	  1.4998e-01	  0.0000e+00	  3.2149e-01	  1.7924e-02	  0.0000e+00	
  6.7037e+00	  2.5206e-03	  3.0146e-04	  4.3970e-03	  9.3536e-04	  3.2031e-05	  2.6057e-03	  3.1952e-04	  4.0870e-04	  7.1181e-04	  1.8871e+03	  0.0000e+00	  1.4998e-01	  0.0000e+00	  3.2150e-01	  1.7912e-02	  0.0000e+00	
  6.7037e+00	  2.5210e-03	  3.0149e-04	  4.3982e-03	  9.3561e-04	  3.2022e-05	  2.6083e-03	  3.2011e-04	  4.0874e-04	  7.1313e-04	  1.8879e+03	  0.0000e+00	  1.4998e-01	  0.0000e+00	  3.2151e-01	  1.7901e-02	  0.0000e+00	
  6.7037e+00	  2.5214e-03	  3.0152e-04	  4.3993e-03	  9.3585e-04	  3.2014e-05	  2.6107e-03	  3.2068e-04	  4.0879e-04	  7.1441e-04	  1.8887e+03	  0.0000e+00	  1.4998e-01	  0.0000e+00	  3.2151e-01	  1.7890e-02	  0.0000e+00	
  6.7037e+00	  2.5218e-03	  3.0155e-04	  4.4004e-03	  9.3608e-04	  3.2006e-05	  2.6131e-03	  3.2123e-04	  4.0883e-04	  7.1565e-04	  1.8895e+03	  0.0000e+00	  1.4998e-01	  0.0000e+00	  3.2152e-01	  1.7879e-02	  0.0000e+00	
  6.7037e+00	  2.5222e-03	  3.0159e-04	  4.4014e-03	  9.3631e-04	  3.1999e-05	  2.6154e-03	  3.2176e-04	  4.0887e-04	  7.1685e-04	  1.8903e+03	  0.0000e+00	  1.4998e-01	  0.0000e+00	  3.2153e-01	  1.7869e-02	  0.0000e+00	
  6.7037e+00	  2.5226e-03	  3.0162e-04	  4.4024e-03	  9.3652e-04	  3.1991e-05	  2.6176e-03	  3.2227e-04	  4.0891e-04	  7.1800e-04	  1.8910e+03	  0.0000e+00	  1.4998e-01	  0.0000e+00	  3.2153e-01	  1.7859e-02	  0.0000e+00	
  6.7038e+00	  2.5229e-03	  3.0164e-04	  4.4034e-03	  9.3673e-04	  3.1984e-05	  2.6198e-03	  3.2276e-04	  4.0895e-04	  7.1911e-04	  1.8917e+03	  0.0000e+00	  1.4998e-01	  0.0000e+00	  3.2154e-01	  1.7849e-02	  0.0000e+00	
  6.7038e+00	  2.5233e-03	  3.0167e-04	  4.4043e-03	  9.3693e-04	  3.1977e-05	  2.6218e-03	  3.2324e-04	  4.0899e-04	  7.2019e-04	  1.8924e+03	  0.0000e+00	  1.4998e-01	  0.0000e+00	  3.2155e-01	  1.7840e-02	  0.0000e+00	
  6.7038e+00	  2.5236e-03	  3.0170e-04	  4.4052e-03	  9.3713e-04	  3.1970e-05	  2.6238e-03	  3.2370e-04	  4.0902e-04	  7.2123e-04	  1.8931e+03	  0.0000e+00	  1.4998e-01	  0.0000e+00	  3.2155e-01	  1.7831e-02	  0.0000e+00	
  6.7038e+00	  2.5239e-03	  3.0172e-04	  4.4061e-03	  9.3732e-04	  3.1964e-05	  2.6257e-03	  3.2414e-04	  4.0906e-04	  7.2223e-04	  1.8937e+03	  0.0000e+00	  1.4998e-01	  0.0000e+00	  3.2156e-01	  1.7823e-02	  0.0000e+00	
  6.7038e+00	  2.5242e-03	  3.0175e-04	  4.4069e-03	  9.3750e-04	  3.1958e-05	  2.6276e-03	  3.2457e-04	  4.0909e-04	  7.2320e-04	  1.8943e+03	  0.0000e+00	  1.4998e-01	  0.0000e+00	  3.2156e-01	  1.7814e-02	  0.0000e+00	
  6.7038e+00	  2.5245e-03	  3.0177e-04	  4.4077e-03	  9.3767e-04	  3.1952e-05	  2.6294e-03	  3.2498e-04	  4.0912e-04	  7.2413e-04	  1.8949e+03	  0.0000e+00	  1.4998e-01	  0.0000e+00	  3.2157e-01	  1.7806e-02	  0.0000e+00	
  6.7038e+00	  2.5248e-03	  3.0180e-04	  4.4085e-03	  9.3784e-04	  3.1946e-05	  2.6311e-03	  3.2538e-04	  4.0915e-04	  7.2503e-04	  1.8955e+03	  0.0000e+00	  1.4998e-01	  0.0000e+00	  3.2157e-01	  1.7799e-02	  0.0000e+00	
  6.7038e+00	  2.5251e-03	  3.0182e-04	  4.4093e-03	  9.3801e-04	  3.1940e-05	  2.6328e-03	  3.2577e-04	  4.0918e-04	  7.2591e-04	  1.8960e+03	  0.0000e+00	  1.4998e-01	  0.0000e+00	  3.2158e-01	  1.7791e-02	  0.0000e+00	
  6.7038e+00	  2.5254e-03	  3.0184e-04	  4.4100e-03	  9.3817e-04	  3.1935e-05	  2.6344e-03	  3.2614e-04	  4.0921e-04	  7.2675e-04	  1.8965e+03	  0.0000e+00	  1.4998e-01	  0.0000e+00	  3.2158e-01	  1.7784e-02	  0.0000e+00	
  6.7038e+00	  2.5256e-03	  3.0186e-04	  4.4107e-03	  9.3832e-04	  3.1930e-05	  2.6360e-03	  3.2650e-04	  4.0924e-04	  7.2756e-04	  1.8971e+03	  0.0000e+00	  1.4998e-01	  0.0000e+00	  3.2159e-01	  1.7777e-02	  0.0000e+00	
  6.7038e+00	  2.5259e-03	  3.0188e-04	  4.4114e-03	  9.3847e-04	  3.1925e-05	  2.6375e-03	  3.2685e-04	  4.0926e-04	  7.2834e-04	  1.8976e+03	  0.0000e+00	  1.4998e-01	  0.0000e+00	  3.2159e-01	  1.7770e-02	  0.0000e+00	
  6.7038e+00	  2.5261e-03	  3.0190e-04	  4.4120e-03	  9.3861e-04	  3.1920e-05	  2.6390e-03	  3.2718e-04	  4.0929e-04	  7.2910e-04	  1.8980e+03	  0.0000e+00	  1.4998e-01	  0.0000e+00	  3.2160e-01	  1.7764e-02	  0.0000e+00	
  6.7038e+00	  2.5264e-03	  3.0192e-04	  4.4127e-03	  9.3875e-04	  3.1915e-05	  2.6404e-03	  3.2750e-04	  4.0932e-04	  7.2983e-04	  1.8985e+03	  0.0000e+00	  1.4998e-01	  0.0000e+00	  3.2160e-01	  1.7757e-02	  0.0000e+00	
  6.7038e+00	  2.5266e-03	  3.0194e-04	  4.4133e-03	  9.3888e-04	  3.1911e-05	  2.6417e-03	  3.2782e-04	  4.0934e-04	  7.3054e-04	  1.8989e+03	  0.0000e+00	  1.4998e-01	  0.0000e+00	  3.2161e-01	  1.7751e-02	  0.0000e+00	
  6.7038e+00	  2.5268e-03	  3.0196e-04	  4.4139e-03	  9.3901e-04	  3.1906e-05	  2.6430e-03	  3.2812e-04	  4.0936e-04	  7.3122e-04	  1.8994e+03	  0.0000e+00	  1.4998e-01	  0.0000e+00	  3.2161e-01	  1.7745e-02	  0.0000e+00	
  6.7038e+00	  2.5270e-03	  3.0197e-04	  4.4145e-03	  9.3913e-04	  3.1902e-05	  2.6443e-03	  3.2841e-04	  4.0939e-04	  7.3188e-04	  1.8998e+03	  0.0000e+00	  1.4998e-01	  0.0000e+00	  3.2161e-01	  1.7740e-02	  0.0000e+00	
  6.7038e+00	  2.5272e-03	  3.0199e-04	  4.4150e-03	  9.3925e-04	  3.1898e-05	  2.6455e-03	  3.2869e-04	  4.0941e-04	  7.3251e-04	  1.9002e+03	  0.0000e+00	  1.4998e-01	  0.0000e+00	  3.2162e-01	  1.7734e-02	  0.0000e+00	
  6.7038e+00	  2.5274e-03	  3.0201e-04	  4.4155e-03	  9.3937e-04	  3.1894e-05	  2.6467e-03	  3.2896e-04	  4.0943e-04	  7.3313e-04	  1.9006e+03	  0.0000e+00	  1.4998e-01	  0.0000e+00	  3.2162e-01	  1.7729e-02	  0.0000e+00	
  6.7038e+00	  2.5276e-03	  3.0202e-04	  4.4161e-03	  9.3948e-04	  3.1890e-05	  2.6478e-03	  3.2922e-04	  4.0945e-04	  7.3372e-04	  1.9010e+03	  0.0000e+00	  1.4998e-01	  0.0000e+00	  3.2162e-01	  1.7724e-02	  0.0000e+00	
  6.7038e+00	  2.5278e-03	  3.0204e-04	  4.4166e-03	  9.3958e-04	  3.1887e-05	  2.6489e-03	  3.2948e-04	  4.0947e-04	  7.3429e-04	  1.9013e+03	  0.0000e+00	  1.4998e-01	  0.0000e+00	  3.2163e-01	  1.7719e-02	  0.0000e+00	
  6.7038e+00	  2.5280e-03	  3.0205e-04	  4.4170e-03	  9.3969e-04	  3.1883e-05	  2.6500e-03	  3.2972e-04	  4.0949e-04	  7.3485e-04	  1.9017e+03	  0.0000e+00	  1.4998e-01	  0.0000e+00	  3.2163e-01	  1.7714e-02	  0.0000e+00	
  6.7038e+00	  2.5281e-03	  3.0206e-04	  4.4175e-03	  9.3979e-04	  3.1880e-05	  2.6510e-03	  3.2996e-04	  4.0951e-04	  7.3538e-04	  1.9020e+03	  0.0000e+00	  1.4998e-01	  0.0000e+00	  3.2163e-01	  1.7710e-02	  0.0000e+00	
  6.7038e+00	  2.5283e-03	  3.0208e-04	  4.4179e-03	  9.3989e-04	  3.1876e-05	  2.6520e-03	  3.3018e-04	  4.0952e-04	  7.3589e-04	  1.9023e+03	  0.0000e+00	  1.4998e-01	  0.0000e+00	  3.2164e-01	  1.7705e-02	  0.0000e+00	
  6.7038e+00	  2.5284e-03	  3.0209e-04	  4.4184e-03	  9.3998e-04	  3.1873e-05	  2.6530e-03	  3.3040e-04	  4.0954e-04	  7.3639e-04	  1.9026e+03	  0.0000e+00	  1.4998e-01	  0.0000e+00	  3.2164e-01	  1.7701e-02	  0.0000e+00	
  6.7038e+00	  2.5286e-03	  3.0210e-04	  4.4188e-03	  9.4007e-04	  3.1870e-05	  2.6539e-03	  3.3062e-04	  4.0956e-04	  7.3687e-04	  1.9029e+03	  0.0000e+00	  1.4998e-01	  0.0000e+00	  3.2164e-01	  1.7697e-02	  0.0000e+00	
  6.7038e+00	  2.5287e-03	  3.0211e-04	  4.4192e-03	  9.4016e-04	  3.1867e-05	  2.6548e-03	  3.3082e-04	  4.0957e-04	  7.3734e-04	  1.9032e+03	  0.0000e+00	  1.4998e-01	  0.0000e+00	  3.2165e-01	  1.7693e-02	  0.0000e+00	
  6.7038e+00	  2.5289e-03	  3.0212e-04	  4.4196e-03	  9.4024e-04	  3.1864e-05	  2.6556e-03	  3.3102e-04	  4.0959e-04	  7.3778e-04	  1.9035e+03	  0.0000e+00	  1.4998e-01	  0.0000e+00	  3.2165e-01	  1.7689e-02	  0.0000e+00	
  6.7038e+00	  2.5290e-03	  3.0214e-04	  4.4200e-03	  9.4032e-04	  3.1862e-05	  2.6565e-03	  3.3121e-04	  4.0960e-04	  7.3822e-04	  1.9038e+03	  0.0000e+00	  1.4998e-01	  0.0000e+00	  3.2165e-01	  1.7685e-02	  0.0000e+00	
  6.7038e+00	  2.5292e-03	  3.0215e-04	  4.4203e-03	  9.4040e-04	  3.1859e-05	  2.6573e-03	  3.3139e-04	  4.0962e-04	  7.3863e-04	  1.9041e+03	  0.0000e+00	  1.4998e-01	  0.0000e+00	  3.2165e-01	  1.7682e-02	  0.0000e+00	
  6.7038e+00	  2.5293e-03	  3.0216e-04	  4.4207e-03	  9.4048e-04	  3.1856e-05	  2.6581e-03	  3.3157e-04	  4.0963e-04	  7.3904e-04	  1.9043e+03	  0.0000e+00	  1.4998e-01	  0.0000e+00	  3.2166e-01	  1.7678e-02	  0.0000e+00	
  6.7038e+00	  2.5294e-03	  3.0217e-04	  4.4210e-03	  9.4055e-04	  3.1854e-05	  2.6588e-03	  3.3174e-04	  4.0964e-04	  7.3943e-04	  1.9046e+03	  0.0000e+00	  1.4998e-01	  0.0000e+00	  3.2166e-01	  1.7675e-02	  0.0000e+00	
  6.7038e+00	  2.5295e-03	  3.0218e-04	  4.4213e-03	  9.4062e-04	  3.1851e-05	  2.6595e-03	  3.3191e-04	  4.0966e-04	  7.3980e-04	  1.9048e+03	  0.0000e+00	  1.4998e-01	  0.0000e+00	  3.2166e-01	  1.7672e-02	  0.0000e+00	
  6.7038e+00	  2.5297e-03	  3.0219e-04	  4.4217e-03	  9.4069e-04	  3.1849e-05	  2.6602e-03	  3.3207e-04	  4.0967e-04	  7.4016e-04	  1.9050e+03	  0.0000e+00	  1.4998e-01	  0.0000e+00	  3.2166e-01	  1.7669e-02	  0.0000e+00	
  6.7038e+00	  2.5298e-03	  3.0220e-04	  4.4220e-03	  9.4075e-04	  3.1847e-05	  2.6609e-03	  3.3223e-04	  4.0968e-04	  7.4052e-04	  1.9053e+03	  0.0000e+00	  1.4998e-01	  0.0000e+00	  3.2166e-01	  1.7666e-02	  0.0000e+00	
  6.7038e+00	  2.5299e-03	  3.0220e-04	  4.4223e-03	  9.4082e-04	  3.1845e-05	  2.6615e-03	  3.3238e-04	  4.0969e-04	  7.4085e-04	  1.9055e+03	  0.0000e+00	  1.4998e-01	  0.0000e+00	  3.2167e-01	  1.7663e-02	  0.0000e+00	
  6.7038e+00	  2.5300e-03	  3.0221e-04	  4.4225e-03	  9.4088e-04	  3.1843e-05	  2.6622e-03	  3.3252e-04	  4.0970e-04	  7.4118e-04	  1.9057e+03	  0.0000e+00	  1.4998e-01	  0.0000e+00	  3.2167e-01	  1.7660e-02	  0.0000e+00	
  6.7038e+00	  2.5301e-03	  3.0222e-04	  4.4228e-03	  9.4094e-04	  3.1841e-05	  2.6628e-03	  3.3266e-04	  4.0971e-04	  7.4150e-04	  1.9059e+03	  0.0000e+00	  1.4998e-01	  0.0000e+00	  3.2167e-01	  1.7657e-02	  0.0000e+00	
  6.7038e+00	  2.5302e-03	  3.0223e-04	  4.4231e-03	  9.4100e-04	  3.1839e-05	  2.6634e-03	  3.3279e-04	  4.0972e-04	  7.4180e-04	  1.9061e+03	  0.0000e+00	  1.4998e-01	  0.0000e+00	  3.2167e-01	  1.7655e-02	  0.0000e+00	
  6.7038e+00	  2.5303e-03	  3.0224e-04	  4.4233e-03	  9.4105e-04	  3.1837e-05	  2.6639e-03	  3.3292e-04	  4.0973e-04	  7.4209e-04	  1.9063e+03	  0.0000e+00	  1.4998e-01	  0.0000e+00	  3.2167e-01	  1.7652e-02	  0.0000e+00	
  6.7038e+00	  2.5304e-03	  3.0224e-04	  4.4236e-03	  9.4110e-04	  3.1835e-05	  2.6645e-03	  3.3305e-04	  4.0974e-04	  7.4238e-04	  1.9064e+03	  0.0000e+00	  1.4998e-01	  0.0000e+00	  3.2167e-01	  1.7650e-02	  0.0000e+00	
  6.7038e+00	  2.5304e-03	  3.0225e-04	  4.4238e-03	  9.4116e-04	  3.1833e-05	  2.6650e-03	  3.3317e-04	  4.0975e-04	  7.4265e-04	  1.9066e+03	  0.0000e+00	  1.4998e-01	  0.0000e+00	  3.2168e-01	  1.7647e-02	  0.0000e+00	
  6.7038e+00	  2.5305e-03	  3.0226e-04	  4.4240e-03	  9.4121e-04	  3.1832e-05	  2.6655e-03	  3.3329e-04	  4.0976e-04	  7.4292e-04	  1.9068e+03	  0.0000e+00	  1.4998e-01	  0.0000e+00	  3.2168e-01	  1.7645e-02	  0.0000e+00	
  6.7038e+00	  2.5306e-03	  3.0226e-04	  4.4243e-03	  9.4125e-04	  3.1830e-05	  2.6660e-03	  3.3340e-04	  4.0977e-04	  7.4317e-04	  1.9069e+03	  0.0000e+00	  1.4998e-01	  0.0000e+00	  3.2168e-01	  1.7643e-02	  0.0000e+00	
  6.7038e+00	  2.5307e-03	  3.0227e-04	  4.4245e-03	  9.4130e-04	  3.1828e-05	  2.6665e-03	  3.3351e-04	  4.0978e-04	  7.4342e-04	  1.9071e+03	  0.0000e+00	  1.4998e-01	  0.0000e+00	  3.2168e-01	  1.7641e-02	  0.0000e+00	
  6.7038e+00	  2.5308e-03	  3.0228e-04	  4.4247e-03	  9.4135e-04	  3.1827e-05	  2.6669e-03	  3.3361e-04	  4.0979e-04	  7.4366e-04	  1.9072e+03	  0.0000e+00	  1.4998e-01	  0.0000e+00	  3.2168e-01	  1.7639e-02	  0.0000e+00	
  6.7038e+00	  2.5308e-03	  3.0228e-04	  4.4249e-03	  9.4139e-04	  3.1825e-05	  2.6674e-03	  3.3372e-04	  4.0980e-04	  7.4389e-04	  1.9074e+03	  0.0000e+00	  1.4998e-01	  0.0000e+00	  3.2168e-01	  1.7637e-02	  0.0000e+00	
  6.7038e+00	  2.5309e-03	  3.0229e-04	  4.4251e-03	  9.4143e-04	  3.1824e-05	  2.6678e-03	  3.3381e-04	  4.0980e-04	  7.4411e-04	  1.9075e+03	  0.0000e+00	  1.4998e-01	  0.0000e+00	  3.2168e-01	  1.7635e-02	  0.0000e+00	
  6.7038e+00	  2.5310e-03	  3.0229e-04	  4.4253e-03	  9.4147e-04	  3.1823e-05	  2.6682e-03	  3.3391e-04	  4.0981e-04	  7.4432e-04	  1.9077e+03	  0.0000e+00	  1.4998e-01	  0.0000e+00	  3.2169e-01	  1.7633e-02	  0.0000e+00	
  6.7038e+00	  2.5310e-03	  3.0230e-04	  4.4255e-03	  9.4151e-04	  3.1821e-05	  2.6686e-03	  3.3400e-04	  4.0982e-04	  7.4453e-04	  1.9078e+03	  0.0000e+00	  1.4998e-01	  0.0000e+00	  3.2169e-01	  1.7631e-02	  0.0000e+00	
  6.7038e+00	  2.5311e-03	  3.0230e-04	  4.4256e-03	  9.4155e-04	  3.1820e-05	  2.6690e-03	  3.3409e-04	  4.0982e-04	  7.4473e-04	  1.9079e+03	  0.0000e+00	  1.4998e-01	  0.0000e+00	  3.2169e-01	  1.7630e-02	  0.0000e+00	
  6.7038e+00	  2.5312e-03	  3.0231e-04	  4.4258e-03	  9.4159e-04	  3.1819e-05	  2.6694e-03	  3.3417e-04	  4.0983e-04	  7.4493e-04	  1.9080e+03	  0.0000e+00	  1.4998e-01	  0.0000e+00	  3.2169e-01	  1.7628e-02	  0.0000e+00	
  6.7038e+00	  2.5312e-03	  3.0231e-04	  4.4260e-03	  9.4162e-04	  3.1818e-05	  2.6697e-03	  3.3426e-04	  4.0984e-04	  7.4511e-04	  1.9082e+03	  0.0000e+00	  1.4998e-01	  0.0000e+00	  3.2169e-01	  1.7626e-02	  0.0000e+00	
  6.7038e+00	  2.5313e-03	  3.0232e-04	  4.4261e-03	  9.4165e-04	  3.1816e-05	  2.6701e-03	  3.3434e-04	  4.0984e-04	  7.4529e-04	  1.9083e+03	  0.0000e+00	  1.4998e-01	  0.0000e+00	  3.2169e-01	  1.7625e-02	  0.0000e+00	
  6.7038e+00	  2.5313e-03	  3.0232e-04	  4.4263e-03	  9.4169e-04	  3.1815e-05	  2.6704e-03	  3.3441e-04	  4.0985e-04	  7.4547e-04	  1.9084e+03	  0.0000e+00	  1.4998e-01	  0.0000e+00	  3.2169e-01	  1.7623e-02	  0.0000e+00	
  6.7038e+00	  2.5314e-03	  3.0233e-04	  4.4264e-03	  9.4172e-04	  3.1814e-05	  2.6707e-03	  3.3449e-04	  4.0986e-04	  7.4563e-04	  1.9085e+03	  0.0000e+00	  1.4998e-01	  0.0000e+00	  3.2169e-01	  1.7622e-02	  0.0000e+00	
  6.7038e+00	  2.5315e-03	  3.0233e-04	  4.4266e-03	  9.4175e-04	  3.1813e-05	  2.6710e-03	  3.3456e-04	  4.0986e-04	  7.4580e-04	  1.9086e+03	  0.0000e+00	  1.4998e-01	  0.0000e+00	  3.2169e-01	  1.7620e-02	  0.0000e+00	
  6.7038e+00	  2.5315e-03	  3.0234e-04	  4.4267e-03	  9.4178e-04	  3.1812e-05	  2.6713e-03	  3.3463e-04	  4.0987e-04	  7.4595e-04	  1.9087e+03	  0.0000e+00	  1.4998e-01	  0.0000e+00	  3.2170e-01	  1.7619e-02	  0.0000e+00	
  6.7038e+00	  2.5316e-03	  3.0234e-04	  4.4268e-03	  9.4181e-04	  3.1811e-05	  2.6716e-03	  3.3469e-04	  4.0987e-04	  7.4610e-04	  1.9088e+03	  0.0000e+00	  1.4998e-01	  0.0000e+00	  3.2170e-01	  1.7618e-02	  0.0000e+00	
  6.7038e+00	  2.5316e-03	  3.0234e-04	  4.4269e-03	  9.4184e-04	  3.1810e-05	  2.6719e-03	  3.3476e-04	  4.0988e-04	  7.4625e-04	  1.9089e+03	  0.0000e+00	  1.4998e-01	  0.0000e+00	  3.2170e-01	  1.7616e-02	  0.0000e+00	
  6.7038e+00	  2.5316e-03	  3.0235e-04	  4.4271e-03	  9.4186e-04	  3.1809e-05	  2.6722e-03	  3.3482e-04	  4.0988e-04	  7.4639e-04	  1.9090e+03	  0.0000e+00	  1.4998e-01	  0.0000e+00	  3.2170e-01	  1.7615e-02	  0.0000e+00	
  6.7038e+00	  2.5317e-03	  3.0235e-04	  4.4272e-03	  9.4189e-04	  3.1809e-05	  2.6724e-03	  3.3488e-04	  4.0989e-04	  7.4653e-04	  1.9091e+03	  0.0000e+00	  1.4998e-01	  0.0000e+00	  3.2170e-01	  1.7614e-02	  0.0000e+00	
  6.7038e+00	  2.5317e-03	  3.0235e-04	  4.4273e-03	  9.4191e-04	  3.1808e-05	  2.6727e-03	  3.3494e-04	  4.0989e-04	  7.4666e-04	  1.9091e+03	  0.0000e+00	  1.4998e-01	  0.0000e+00	  3.2170e-01	  1.7613e-02	  0.0000e+00	
  6.7038e+00	  2.5318e-03	  3.0236e-04	  4.4274e-03	  9.4194e-04	  3.1807e-05	  2.6729e-03	  3.3499e-04	  4.0990e-04	  7.4678e-04	  1.9092e+03	  0.0000e+00	  1.4998e-01	  0.0000e+00	  3.2170e-01	  1.7612e-02	  0.0000e+00	
  6.7038e+00	  2.5318e-03	  3.0236e-04	  4.4275e-03	  9.4196e-04	  3.1806e-05	  2.6732e-03	  3.3505e-04	  4.0990e-04	  7.4691e-04	  1.9093e+03	  0.0000e+00	  1.4998e-01	  0.0000e+00	  3.2170e-01	  1.7611e-02	  0.0000e+00	
  6.7038e+00	  2.5318e-03	  3.0236e-04	  4.4276e-03	  9.4198e-04	  3.1805e-05	  2.6734e-03	  3.3510e-04	  4.0990e-04	  7.4703e-04	  1.9094e+03	  0.0000e+00	  1.4998e-01	  0.0000e+00	  3.2170e-01	  1.7610e-02	  0.0000e+00	
  6.7038e+00	  2.5319e-03	  3.0237e-04	  4.4277e-03	  9.4200e-04	  3.1805e-05	  2.6736e-03	  3.3515e-04	  4.0991e-04	  7.4714e-04	  1.9094e+03	  0.0000e+00	  1.4998e-01	  0.0000e+00	  3.2170e-01	  1.7609e-02	  0.0000e+00	
  6.7038e+00	  2.5319e-03	  3.0237e-04	  4.4278e-03	  9.4202e-04	  3.1804e-05	  2.6738e-03	  3.3520e-04	  4.0991e-04	  7.4725e-04	  1.9095e+03	  0.0000e+00	  1.4998e-01	  0.0000e+00	  3.2170e-01	  1.7608e-02	  0.0000e+00	
  6.7038e+00	  2.5320e-03	  3.0237e-04	  4.4279e-03	  9.4204e-04	  3.1803e-05	  2.6740e-03	  3.3525e-04	  4.0991e-04	  7.4736e-04	  1.9096e+03	  0.0000e+00	  1.4998e-01	  0.0000e+00	  3.2170e-01	  1.7607e-02	  0.0000e+00	
  6.7038e+00	  2.5320e-03	  3.0237e-04	  4.4280e-03	  9.4206e-04	  3.1803e-05	  2.6742e-03	  3.3529e-04	  4.0992e-04	  7.4746e-04	  1.9096e+03	  0.0000e+00	  1.4998e-01	  0.0000e+00	  3.2170e-01	  1.7606e-02	  0.0000e+00	
  6.7038e+00	  2.5320e-03	  3.0238e-04	  4.4281e-03	  9.4208e-04	  3.1802e-05	  2.6744e-03	  3.3534e-04	  4.0992e-04	  7.4756e-04	  1.9097e+03	  0.0000e+00	  1.4998e-01	  0.0000e+00	  3.2170e-01	  1.7605e-02	  0.0000e+00	
  6.7038e+00	  2.5320e-03	  3.0238e-04	  4.4282e-03	  9.4210e-04	  3.1801e-05	  2.6746e-03	  3.3538e-04	  4.0992e-04	  7.4765e-04	  1.9098e+03	  0.0000e+00	  1.4998e-01	  0.0000e+00	  3.2170e-01	  1.7604e-02	  0.0000e+00	
  6.7038e+00	  2.5321e-03	  3.0238e-04	  4.4283e-03	  9.4212e-04	  3.1801e-05	  2.6748e-03	  3.3542e-04	  4.0993e-04	  7.4775e-04	  1.9098e+03	  0.0000e+00	  1.4998e-01	  0.0000e+00	  3.2171e-01	  1.7604e-02	  0.0000e+00	
  6.7038e+00	  2.5321e-03	  3.0238e-04	  4.4283e-03	  9.4213e-04	  3.1800e-05	  2.6750e-03	  3.3546e-04	  4.0993e-04	  7.4784e-04	  1.9099e+03	  0.0000e+00	  1.4998e-01	  0.0000e+00	  3.2171e-01	  1.7603e-02	  0.0000e+00	
  6.7038e+00	  2.5321e-03	  3.0239e-04	  4.4284e-03	  9.4215e-04	  3.1800e-05	  2.6751e-03	  3.3550e-04	  4.0993e-04	  7.4792e-04	  1.9099e+03	  0.0000e+00	  1.4998e-01	  0.0000e+00	  3.2171e-01	  1.7602e-02	  0.0000e+00	
  6.7038e+00	  2.5322e-03	  3.0239e-04	  4.4285e-03	  9.4217e-04	  3.1799e-05	  2.6753e-03	  3.3553e-04	  4.0994e-04	  7.4801e-04	  1.9100e+03	  0.0000e+00	  1.4998e-01	  0.0000e+00	  3.2171e-01	  1.7601e-02	  0.0000e+00	
  6.7038e+00	  2.5322e-03	  3.0239e-04	  4.4285e-03	  9.4218e-04	  3.1799e-05	  2.6754e-03	  3.3557e-04	  4.0994e-04	  7.4809e-04	  1.9100e+03	  0.0000e+00	  1.4998e-01	  0.0000e+00	  3.2171e-01	  1.7601e-02	  0.0000e+00	
  6.7038e+00	  2.5322e-03	  3.0239e-04	  4.4286e-03	  9.4220e-04	  3.1798e-05	  2.6756e-03	  3.3560e-04	  4.0994e-04	  7.4816e-04	  1.9101e+03	  0.0000e+00	  1.4998e-01	  0.0000e+00	  3.2171e-01	  1.7600e-02	  0.0000e+00	
  6.7038e+00	  2.5322e-03	  3.0239e-04	  4.4287e-03	  9.4221e-04	  3.1798e-05	  2.6757e-03	  3.3564e-04	  4.0994e-04	  7.4824e-04	  1.9101e+03	  0.0000e+00	  1.4998e-01	  0.0000e+00	  3.2171e-01	  1.7599e-02	  0.0000e+00	
  6.7038e+00	  2.5323e-03	  3.0240e-04	  4.4287e-03	  9.4222e-04	  3.1797e-05	  2.6759e-03	  3.3567e-04	  4.0995e-04	  7.4831e-04	  1.9102e+03	  0.0000e+00	  1.4998e-01	  0.0000e+00	  3.2171e-01	  1.7599e-02	  0.0000e+00	
  6.7038e+00	  2.5323e-03	  3.0240e-04	  4.4288e-03	  9.4224e-04	  3.1797e-05	  2.6760e-03	  3.3570e-04	  4.0995e-04	  7.4838e-04	  1.9102e+03	  0.0000e+00	  1.4998e-01	  0.0000e+00	  3.2171e-01	  1.7598e-02	  0.0000e+00	
  6.7038e+00	  2.5323e-03	  3.0240e-04	  4.4289e-03	  9.4225e-04	  3.1796e-05	  2.6761e-03	  3.3573e-04	  4.0995e-04	  7.4845e-04	  1.9103e+03	  0.0000e+00	  1.4998e-01	  0.0000e+00	  3.2171e-01	  1.7598e-02	  0.0000e+00	
  6.7038e+00	  2.5323e-03	  3.0240e-04	  4.4289e-03	  9.4226e-04	  3.1796e-05	  2.6763e-03	  3.3576e-04	  4.0995e-04	  7.4851e-04	  1.9103e+03	  0.0000e+00	  1.4998e-01	  0.0000e+00	  3.2171e-01	  1.7597e-02	  0.0000e+00	
  6.7038e+00	  2.5323e-03	  3.0240e-04	  4.4290e-03	  9.4227e-04	  3.1795e-05	  2.6764e-03	  3.3579e-04	  4.0996e-04	  7.4858e-04	  1.9104e+03	  0.0000e+00	  1.4998e-01	  0.0000e+00	  3.2171e-01	  1.7597e-02	  0.0000e+00	
  6.7038e+00	  2.5324e-03	  3.0241e-04	  4.4290e-03	  9.4229e-04	  3.1795e-05	  2.6765e-03	  3.3581e-04	  4.0996e-04	  7.4864e-04	  1.9104e+03	  0.0000e+00	  1.4998e-01	  0.0000e+00	  3.2171e-01	  1.7596e-02	  0.0000e+00	
  6.7038e+00	  2.5324e-03	  3.0241e-04	  4.4291e-03	  9.4230e-04	  3.1795e-05	  2.6766e-03	  3.3584e-04	  4.0996e-04	  7.4870e-04	  1.9104e+03	  0.0000e+00	  1.4998e-01	  0.0000e+00	  3.2171e-01	  1.7595e-02	  0.0000e+00	
  6.7038e+00	  2.5324e-03	  3.0241e-04	  4.4291e-03	  9.4231e-04	  3.1794e-05	  2.6767e-03	  3.3586e-04	  4.0996e-04	  7.4875e-04	  1.9105e+03	  0.0000e+00	  1.4998e-01	  0.0000e+00	  3.2171e-01	  1.7595e-02	  0.0000e+00	
  6.7038e+00	  2.5324e-03	  3.0241e-04	  4.4292e-03	  9.4232e-04	  3.1794e-05	  2.6768e-03	  3.3589e-04	  4.0996e-04	  7.4881e-04	  1.9105e+03	  0.0000e+00	  1.4998e-01	  0.0000e+00	  3.2171e-01	  1.7595e-02	  0.0000e+00	
  6.7038e+00	  2.5324e-03	  3.0241e-04	  4.4292e-03	  9.4233e-04	  3.1794e-05	  2.6769e-03	  3.3591e-04	  4.0997e-04	  7.4886e-04	  1.9105e+03	  0.0000e+00	  1.4998e-01	  0.0000e+00	  3.2171e-01	  1.7594e-02	  0.0000e+00	
  6.7038e+00	  2.5325e-03	  3.0241e-04	  4.4293e-03	  9.4234e-04	  3.1793e-05	  2.6770e-03	  3.3593e-04	  4.0997e-04	  7.4891e-04	  1.9106e+03	  0.0000e+00	  1.4998e-01	  0.0000e+00	  3.2171e-01	  1.7594e-02	  0.0000e+00	
  6.7038e+00	  2.5325e-03	  3.0241e-04	  4.4293e-03	  9.4235e-04	  3.1793e-05	  2.6771e-03	  3.3596e-04	  4.0997e-04	  7.4896e-04	  1.9106e+03	  0.0000e+00	  1.4998e-01	  0.0000e+00	  3.2171e-01	  1.7593e-02	  0.0000e+00	
  6.7038e+00	  2.5325e-03	  3.0241e-04	  4.4294e-03	  9.4236e-04	  3.1793e-05	  2.6772e-03	  3.3598e-04	  4.0997e-04	  7.4901e-04	  1.9106e+03	  0.0000e+00	  1.4998e-01	  0.0000e+00	  3.2171e-01	  1.7593e-02	  0.0000e+00	
  6.7038e+00	  2.5325e-03	  3.0242e-04	  4.4294e-03	  9.4237e-04	  3.1792e-05	  2.6773e-03	  3.3600e-04	  4.0997e-04	  7.4905e-04	  1.9107e+03	  0.0000e+00	  1.4998e-01	  0.0000e+00	  3.2171e-01	  1.7592e-02	  0.0000e+00	
  6.7038e+00	  2.5325e-03	  3.0242e-04	  4.4294e-03	  9.4237e-04	  3.1792e-05	  2.6774e-03	  3.3602e-04	  4.0997e-04	  7.4910e-04	  1.9107e+03	  0.0000e+00	  1.4998e-01	  0.0000e+00	  3.2171e-01	  1.7592e-02	  0.0000e+00	
  6.7038e+00	  2.5325e-03	  3.0242e-04	  4.4295e-03	  9.4238e-04	  3.1792e-05	  2.6775e-03	  3.3604e-04	  4.0998e-04	  7.4914e-04	  1.9107e+03	  0.0000e+00	  1.4998e-01	  0.0000e+00	  3.2171e-01	  1.7592e-02	  0.0000e+00	
  6.7038e+00	  2.5325e-03	  3.0242e-04	  4.4295e-03	  9.4239e-04	  3.1792e-05	  2.6775e-03	  3.3605e-04	  4.0998e-04	  7.4918e-04	  1.9107e+03	  0.0000e+00	  1.4998e-01	  0.0000e+00	  3.2171e-01	  1.7591e-02	  0.0000e+00	
  6.7038e+00	  2.5326e-03	  3.0242e-04	  4.4295e-03	  9.4240e-04	  3.1791e-05	  2.6776e-03	  3.3607e-04	  4.0998e-04	  7.4922e-04	  1.9108e+03	  0.0000e+00	  1.4998e-01	  0.0000e+00	  3.2171e-01	  1.7591e-02	  0.0000e+00	
  6.7038e+00	  2.5326e-03	  3.0242e-04	  4.4296e-03	  9.4240e-04	  3.1791e-05	  2.6777e-03	  3.3609e-04	  4.0998e-04	  7.4926e-04	  1.9108e+03	  0.0000e+00	  1.4998e-01	  0.0000e+00	  3.2171e-01	  1.7591e-02	  0.0000e+00	
  6.7038e+00	  2.5326e-03	  3.0242e-04	  4.4296e-03	  9.4241e-04	  3.1791e-05	  2.6778e-03	  3.3610e-04	  4.0998e-04	  7.4930e-04	  1.9108e+03	  0.0000e+00	  1.4998e-01	  0.0000e+00	  3.2171e-01	  1.7590e-02	  0.0000e+00	
  6.7038e+00	  2.5326e-03	  3.0242e-04	  4.4296e-03	  9.4242e-04	  3.1791e-05	  2.6778e-03	  3.3612e-04	  4.0998e-04	  7.4933e-04	  1.9108e+03	  0.0000e+00	  1.4998e-01	  0.0000e+00	  3.2171e-01	  1.7590e-02	  0.0000e+00	
  6.7038e+00	  2.5326e-03	  3.0242e-04	  4.4297e-03	  9.4242e-04	  3.1790e-05	  2.6779e-03	  3.3614e-04	  4.0998e-04	  7.4937e-04	  1.9109e+03	  0.0000e+00	  1.4998e-01	  0.0000e+00	  3.2171e-01	  1.7590e-02	  0.0000e+00	
  6.7038e+00	  2.5326e-03	  3.0243e-04	  4.4297e-03	  9.4243e-04	  3.1790e-05	  2.6780e-03	  3.3615e-04	  4.0999e-04	  7.4940e-04	  1.9109e+03	  0.0000e+00	  1.4998e-01	  0.0000e+00	  3.2171e-01	  1.7589e-02	  0.0000e+00	
  6.7038e+00	  2.5326e-03	  3.0243e-04	  4.4297e-03	  9.4244e-04	  3.1790e-05	  2.6780e-03	  3.3616e-04	  4.0999e-04	  7.4944e-04	  1.9109e+03	  0.0000e+00	  1.4998e-01	  0.0000e+00	  3.2172e-01	  1.7589e-02	  0.0000e+00	
  6.7038e+00	  2.5326e-03	  3.0243e-04	  4.4298e-03	  9.4244e-04	  3.1790e-05	  2.6781e-03	  3.3618e-04	  4.0999e-04	  7.4947e-04	  1.9109e+03	  0.0000e+00	  1.4998e-01	  0.0000e+00	  3.2172e-01	  1.7589e-02	  0.0000e+00	
  6.7038e+00	  2.5326e-03	  3.0243e-04	  4.4298e-03	  9.4245e-04	  3.1790e-05	  2.6781e-03	  3.3619e-04	  4.0999e-04	  7.4950e-04	  1.9109e+03	  0.0000e+00	  1.4998e-01	  0.0000e+00	  3.2172e-01	  1.7589e-02	  0.0000e+00	
  6.7038e+00	  2.5326e-03	  3.0243e-04	  4.4298e-03	  9.4245e-04	  3.1789e-05	  2.6782e-03	  3.3620e-04	  4.0999e-04	  7.4953e-04	  1.9110e+03	  0.0000e+00	  1.4998e-01	  0.0000e+00	  3.2172e-01	  1.7588e-02	  0.0000e+00	
  6.7038e+00	  2.5327e-03	  3.0243e-04	  4.4298e-03	  9.4246e-04	  3.1789e-05	  2.6783e-03	  3.3622e-04	  4.0999e-04	  7.4955e-04	  1.9110e+03	  0.0000e+00	  1.4998e-01	  0.0000e+00	  3.2172e-01	  1.7588e-02	  0.0000e+00	
  6.7038e+00	  2.5327e-03	  3.0243e-04	  4.4299e-03	  9.4247e-04	  3.1789e-05	  2.6783e-03	  3.3623e-04	  4.0999e-04	  7.4958e-04	  1.9110e+03	  0.0000e+00	  1.4998e-01	  0.0000e+00	  3.2172e-01	  1.7588e-02	  0.0000e+00	
  6.7038e+00	  2.5327e-03	  3.0243e-04	  4.4299e-03	  9.4247e-04	  3.1789e-05	  2.6784e-03	  3.3624e-04	  4.0999e-04	  7.4961e-04	  1.9110e+03	  0.0000e+00	  1.4998e-01	  0.0000e+00	  3.2172e-01	  1.7588e-02	  0.0000e+00	
  6.7038e+00	  2.5327e-03	  3.0243e-04	  4.4299e-03	  9.4248e-04	  3.1789e-05	  2.6784e-03	  3.3625e-04	  4.0999e-04	  7.4963e-04	  1.9110e+03	  0.0000e+00	  1.4998e-01	  0.0000e+00	  3.2172e-01	  1.7587e-02	  0.0000e+00	
  6.7038e+00	  2.5327e-03	  3.0243e-04	  4.4299e-03	  9.4248e-04	  3.1789e-05	  2.6785e-03	  3.3626e-04	  4.0999e-04	  7.4966e-04	  1.9110e+03	  0.0000e+00	  1.4998e-01	  0.0000e+00	  3.2172e-01	  1.7587e-02	  0.0000e+00	
  6.7038e+00	  2.5327e-03	  3.0243e-04	  4.4299e-03	  9.4248e-04	  3.1788e-05	  2.6785e-03	  3.3627e-04	  4.0999e-04	  7.4968e-04	  1.9111e+03	  0.0000e+00	  1.4998e-01	  0.0000e+00	  3.2172e-01	  1.7587e-02	  0.0000e+00	
  6.7038e+00	  2.5327e-03	  3.0243e-04	  4.4300e-03	  9.4249e-04	  3.1788e-05	  2.6785e-03	  3.3628e-04	  4.1000e-04	  7.4970e-04	  1.9111e+03	  0.0000e+00	  1.4998e-01	  0.0000e+00	  3.2172e-01	  1.7587e-02	  0.0000e+00	
  6.7038e+00	  2.5327e-03	  3.0243e-04	  4.4300e-03	  9.4249e-04	  3.1788e-05	  2.6786e-03	  3.3629e-04	  4.1000e-04	  7.4973e-04	  1.9111e+03	  0.0000e+00	  1.4998e-01	  0.0000e+00	  3.2172e-01	  1.7587e-02	  0.0000e+00	
