          pH	          Na	           K	          Ca	          Mg	         PO4	          Cl	         SO4	         NH4	        HCO3	          sc	         FeS	      Pyrite	     Calcite	
  6.6644e+00	  4.1755e-03	  3.3043e-04	  4.8964e-03	  1.0614e-03	  4.1174e-05	  6.0679e-03	  1.8024e-04	  4.2255e-04	  9.0118e-06	  2.5751e+03	  0.0000e+00	  0.0000e+00	  0.0000e+00	
  6.6644e+00	  4.1755e-03	  3.3043e-04	  4.8964e-03	  1.0614e-03	  4.1174e-05	  6.0679e-03	  1.8024e-04	  4.2255e-04	  9.0118e-06	  2.5751e+03	  0.0000e+00	  0.0000e+00	  0.0000e+00	
  7.4921e+00	  4.4339e-03	  3.4478e-04	  5.3364e-03	  1.1594e-03	  6.2698e-07	  7.1917e-03	  3.1083e-04	  4.4469e-04	  1.1453e-04	  2.8883e+03	  0.0000e+00	  1.4999e-01	  0.0000e+00	
  7.4623e+00	  4.6516e-03	  3.5574e-04	  5.7042e-03	  1.2404e-03	  6.5508e-07	  8.2777e-03	  4.3326e-04	  4.5702e-04	  1.8025e-04	  3.1659e+03	  0.0000e+00	  1.4999e-01	  0.0000e+00	
  7.4341e+00	  4.8619e-03	  3.6605e-04	  6.0592e-03	  1.3186e-03	  6.8517e-07	  9.3085e-03	  5.4770e-04	  4.6850e-04	  2.4236e-04	  3.4286e+03	  0.0000e+00	  1.4999e-01	  0.0000e+00	
  7.4072e+00	  5.0651e-03	  3.7576e-04	  6.4018e-03	  1.3941e-03	  7.1714e-07	  1.0290e-02	  6.5525e-04	  4.7922e-04	  3.0126e-04	  3.6778e+03	  0.0000e+00	  1.4999e-01	  0.0000e+00	
  7.3815e+00	  5.2615e-03	  3.8493e-04	  6.7323e-03	  1.4670e-03	  7.5091e-07	  1.1225e-02	  7.5673e-04	  4.8926e-04	  3.5725e-04	  3.9147e+03	  0.0000e+00	  1.4999e-01	  0.0000e+00	
  7.3570e+00	  5.4515e-03	  3.9362e-04	  7.0511e-03	  1.5373e-03	  7.8639e-07	  1.2119e-02	  8.5282e-04	  4.9867e-04	  4.1059e-04	  4.1403e+03	  0.0000e+00	  1.4999e-01	  0.0000e+00	
  7.3334e+00	  5.6352e-03	  4.0185e-04	  7.3586e-03	  1.6052e-03	  8.2354e-07	  1.2974e-02	  9.4405e-04	  5.0753e-04	  4.6148e-04	  4.3555e+03	  0.0000e+00	  1.4999e-01	  0.0000e+00	
  7.3109e+00	  5.8130e-03	  4.0966e-04	  7.6550e-03	  1.6706e-03	  8.6230e-07	  1.3793e-02	  1.0309e-03	  5.1586e-04	  5.1011e-04	  4.5610e+03	  0.0000e+00	  1.4999e-01	  0.0000e+00	
  7.2892e+00	  5.9849e-03	  4.1709e-04	  7.9409e-03	  1.7338e-03	  9.0262e-07	  1.4578e-02	  1.1136e-03	  5.2373e-04	  5.5664e-04	  4.7575e+03	  0.0000e+00	  1.4999e-01	  0.0000e+00	
  7.2683e+00	  6.1513e-03	  4.2417e-04	  8.2166e-03	  1.7948e-03	  9.4444e-07	  1.5332e-02	  1.1926e-03	  5.3117e-04	  6.0119e-04	  4.9454e+03	  0.0000e+00	  1.4999e-01	  0.0000e+00	
  7.2482e+00	  6.3123e-03	  4.3091e-04	  8.4824e-03	  1.8535e-03	  9.8771e-07	  1.6055e-02	  1.2682e-03	  5.3820e-04	  6.4388e-04	  5.1254e+03	  0.0000e+00	  1.4999e-01	  0.0000e+00	
  7.2288e+00	  6.4680e-03	  4.3734e-04	  8.7386e-03	  1.9103e-03	  1.0324e-06	  1.6750e-02	  1.3405e-03	  5.4487e-04	  6.8484e-04	  5.2978e+03	  0.0000e+00	  1.4999e-01	  0.0000e+00	
  7.2101e+00	  6.6187e-03	  4.4347e-04	  8.9857e-03	  1.9650e-03	  1.0784e-06	  1.7418e-02	  1.4098e-03	  5.5119e-04	  7.2414e-04	  5.4632e+03	  0.0000e+00	  1.4999e-01	  0.0000e+00	
  7.1921e+00	  6.7646e-03	  4.4934e-04	  9.2239e-03	  2.0177e-03	  1.1257e-06	  1.8060e-02	  1.4763e-03	  5.5719e-04	  7.6187e-04	  5.6217e+03	  0.0000e+00	  1.4999e-01	  0.0000e+00	
  7.1747e+00	  6.9057e-03	  4.5495e-04	  9.4536e-03	  2.0686e-03	  1.1743e-06	  1.8678e-02	  1.5400e-03	  5.6290e-04	  7.9812e-04	  5.7739e+03	  0.0000e+00	  1.4998e-01	  0.0000e+00	
  7.1579e+00	  7.0422e-03	  4.6032e-04	  9.6750e-03	  2.1178e-03	  1.2240e-06	  1.9273e-02	  1.6012e-03	  5.6833e-04	  8.3296e-04	  5.9200e+03	  0.0000e+00	  1.4998e-01	  0.0000e+00	
  7.1417e+00	  7.1742e-03	  4.6545e-04	  9.8886e-03	  2.1651e-03	  1.2748e-06	  1.9845e-02	  1.6600e-03	  5.7350e-04	  8.6646e-04	  6.0604e+03	  0.0000e+00	  1.4998e-01	  0.0000e+00	
  7.1261e+00	  7.3020e-03	  4.7038e-04	  1.0094e-02	  2.2108e-03	  1.3266e-06	  2.0396e-02	  1.7165e-03	  5.7843e-04	  8.9867e-04	  6.1952e+03	  0.0000e+00	  1.4998e-01	  0.0000e+00	
  7.1110e+00	  7.4256e-03	  4.7509e-04	  1.0293e-02	  2.2549e-03	  1.3795e-06	  2.0927e-02	  1.7709e-03	  5.8312e-04	  9.2965e-04	  6.3248e+03	  0.0000e+00	  1.4998e-01	  0.0000e+00	
  7.0964e+00	  7.5452e-03	  4.7961e-04	  1.0484e-02	  2.2974e-03	  1.4332e-06	  2.1438e-02	  1.8231e-03	  5.8760e-04	  9.5947e-04	  6.4494e+03	  0.0000e+00	  1.4998e-01	  0.0000e+00	
  7.0823e+00	  7.6609e-03	  4.8395e-04	  1.0669e-02	  2.3385e-03	  1.4877e-06	  2.1931e-02	  1.8734e-03	  5.9188e-04	  9.8817e-04	  6.5691e+03	  0.0000e+00	  1.4998e-01	  0.0000e+00	
  7.0687e+00	  7.7727e-03	  4.8812e-04	  1.0847e-02	  2.3780e-03	  1.5430e-06	  2.2406e-02	  1.9218e-03	  5.9597e-04	  1.0158e-03	  6.6844e+03	  0.0000e+00	  1.4998e-01	  0.0000e+00	
  7.0556e+00	  7.8809e-03	  4.9211e-04	  1.1019e-02	  2.4162e-03	  1.5989e-06	  2.2863e-02	  1.9684e-03	  5.9988e-04	  1.0424e-03	  6.7952e+03	  0.0000e+00	  1.4998e-01	  0.0000e+00	
  7.0429e+00	  7.9856e-03	  4.9595e-04	  1.1184e-02	  2.4531e-03	  1.6554e-06	  2.3304e-02	  2.0132e-03	  6.0361e-04	  1.0680e-03	  6.9018e+03	  0.0000e+00	  1.4998e-01	  0.0000e+00	
  7.0306e+00	  8.0868e-03	  4.9964e-04	  1.1344e-02	  2.4886e-03	  1.7124e-06	  2.3729e-02	  2.0564e-03	  6.0719e-04	  1.0927e-03	  7.0045e+03	  0.0000e+00	  1.4998e-01	  0.0000e+00	
  7.0188e+00	  8.1847e-03	  5.0318e-04	  1.1498e-02	  2.5229e-03	  1.7699e-06	  2.4139e-02	  2.0981e-03	  6.1061e-04	  1.1164e-03	  7.1033e+03	  0.0000e+00	  1.4998e-01	  0.0000e+00	
  7.0074e+00	  8.2793e-03	  5.0658e-04	  1.1646e-02	  2.5560e-03	  1.8277e-06	  2.4534e-02	  2.1382e-03	  6.1388e-04	  1.1393e-03	  7.1984e+03	  0.0000e+00	  1.4998e-01	  0.0000e+00	
  6.9963e+00	  8.3708e-03	  5.0986e-04	  1.1790e-02	  2.5879e-03	  1.8858e-06	  2.4915e-02	  2.1768e-03	  6.1702e-04	  1.1614e-03	  7.2900e+03	  0.0000e+00	  1.4998e-01	  0.0000e+00	
  6.9857e+00	  8.4593e-03	  5.1300e-04	  1.1928e-02	  2.6187e-03	  1.9440e-06	  2.5283e-02	  2.2140e-03	  6.2003e-04	  1.1827e-03	  7.3782e+03	  0.0000e+00	  1.4998e-01	  0.0000e+00	
  6.9754e+00	  8.5449e-03	  5.1603e-04	  1.2061e-02	  2.6484e-03	  2.0024e-06	  2.5637e-02	  2.2499e-03	  6.2291e-04	  1.2031e-03	  7.4631e+03	  0.0000e+00	  1.4998e-01	  0.0000e+00	
  6.9654e+00	  8.6276e-03	  5.1894e-04	  1.2190e-02	  2.6771e-03	  2.0609e-06	  2.5979e-02	  2.2845e-03	  6.2567e-04	  1.2229e-03	  7.5449e+03	  0.0000e+00	  1.4998e-01	  0.0000e+00	
  6.9558e+00	  8.7076e-03	  5.2174e-04	  1.2314e-02	  2.7048e-03	  2.1193e-06	  2.6309e-02	  2.3179e-03	  6.2832e-04	  1.2419e-03	  7.6237e+03	  0.0000e+00	  1.4998e-01	  0.0000e+00	
  6.9466e+00	  8.7849e-03	  5.2444e-04	  1.2433e-02	  2.7315e-03	  2.1776e-06	  2.6627e-02	  2.3500e-03	  6.3087e-04	  1.2603e-03	  7.6996e+03	  0.0000e+00	  1.4998e-01	  0.0000e+00	
  6.9377e+00	  8.8597e-03	  5.2703e-04	  1.2549e-02	  2.7572e-03	  2.2357e-06	  2.6934e-02	  2.3810e-03	  6.3331e-04	  1.2780e-03	  7.7728e+03	  0.0000e+00	  1.4998e-01	  0.0000e+00	
  6.9290e+00	  8.9319e-03	  5.2953e-04	  1.2660e-02	  2.7821e-03	  2.2936e-06	  2.7230e-02	  2.4109e-03	  6.3565e-04	  1.2950e-03	  7.8433e+03	  0.0000e+00	  1.4998e-01	  0.0000e+00	
  6.9207e+00	  9.0018e-03	  5.3194e-04	  1.2767e-02	  2.8061e-03	  2.3513e-06	  2.7515e-02	  2.4398e-03	  6.3790e-04	  1.3115e-03	  7.9113e+03	  0.0000e+00	  1.4998e-01	  0.0000e+00	
  6.9127e+00	  9.0693e-03	  5.3425e-04	  1.2871e-02	  2.8292e-03	  2.4085e-06	  2.7791e-02	  2.4676e-03	  6.4006e-04	  1.3274e-03	  7.9767e+03	  0.0000e+00	  1.4998e-01	  0.0000e+00	
  6.9049e+00	  9.1345e-03	  5.3648e-04	  1.2971e-02	  2.8516e-03	  2.4654e-06	  2.8057e-02	  2.4944e-03	  6.4214e-04	  1.3427e-03	  8.0399e+03	  0.0000e+00	  1.4998e-01	  0.0000e+00	
  6.8974e+00	  9.1976e-03	  5.3863e-04	  1.3067e-02	  2.8731e-03	  2.5218e-06	  2.8314e-02	  2.5203e-03	  6.4414e-04	  1.3574e-03	  8.1007e+03	  0.0000e+00	  1.4998e-01	  0.0000e+00	
  6.8902e+00	  9.2586e-03	  5.4070e-04	  1.3160e-02	  2.8939e-03	  2.5777e-06	  2.8561e-02	  2.5452e-03	  6.4605e-04	  1.3716e-03	  8.1594e+03	  0.0000e+00	  1.4998e-01	  0.0000e+00	
  6.8832e+00	  9.3175e-03	  5.4269e-04	  1.3250e-02	  2.9140e-03	  2.6330e-06	  2.8800e-02	  2.5693e-03	  6.4790e-04	  1.3854e-03	  8.2159e+03	  0.0000e+00	  1.4997e-01	  0.0000e+00	
  6.8765e+00	  9.3744e-03	  5.4461e-04	  1.3336e-02	  2.9334e-03	  2.6878e-06	  2.9031e-02	  2.5926e-03	  6.4967e-04	  1.3986e-03	  8.2704e+03	  0.0000e+00	  1.4997e-01	  0.0000e+00	
  6.8700e+00	  9.4294e-03	  5.4646e-04	  1.3420e-02	  2.9521e-03	  2.7419e-06	  2.9253e-02	  2.6150e-03	  6.5137e-04	  1.4114e-03	  8.3230e+03	  0.0000e+00	  1.4997e-01	  0.0000e+00	
  6.8638e+00	  9.4826e-03	  5.4825e-04	  1.3501e-02	  2.9701e-03	  2.7953e-06	  2.9468e-02	  2.6366e-03	  6.5301e-04	  1.4237e-03	  8.3737e+03	  0.0000e+00	  1.4997e-01	  0.0000e+00	
  6.8577e+00	  9.5340e-03	  5.4996e-04	  1.3578e-02	  2.9876e-03	  2.8480e-06	  2.9675e-02	  2.6575e-03	  6.5459e-04	  1.4356e-03	  8.4226e+03	  0.0000e+00	  1.4997e-01	  0.0000e+00	
  6.8519e+00	  9.5836e-03	  5.5162e-04	  1.3654e-02	  3.0044e-03	  2.8999e-06	  2.9875e-02	  2.6776e-03	  6.5611e-04	  1.4471e-03	  8.4697e+03	  0.0000e+00	  1.4997e-01	  0.0000e+00	
  6.8463e+00	  9.6316e-03	  5.5322e-04	  1.3726e-02	  3.0206e-03	  2.9511e-06	  3.0068e-02	  2.6970e-03	  6.5757e-04	  1.4581e-03	  8.5152e+03	  0.0000e+00	  1.4997e-01	  0.0000e+00	
  6.8409e+00	  9.6780e-03	  5.5476e-04	  1.3796e-02	  3.0363e-03	  3.0015e-06	  3.0255e-02	  2.7158e-03	  6.5897e-04	  1.4688e-03	  8.5591e+03	  0.0000e+00	  1.4997e-01	  0.0000e+00	
  6.8356e+00	  9.7228e-03	  5.5624e-04	  1.3863e-02	  3.0514e-03	  3.0510e-06	  3.0435e-02	  2.7339e-03	  6.6032e-04	  1.4791e-03	  8.6013e+03	  0.0000e+00	  1.4997e-01	  0.0000e+00	
  6.8306e+00	  9.7661e-03	  5.5767e-04	  1.3928e-02	  3.0660e-03	  3.0998e-06	  3.0608e-02	  2.7514e-03	  6.6163e-04	  1.4891e-03	  8.6421e+03	  0.0000e+00	  1.4997e-01	  0.0000e+00	
  6.8257e+00	  9.8079e-03	  5.5905e-04	  1.3991e-02	  3.0801e-03	  3.1476e-06	  3.0776e-02	  2.7682e-03	  6.6288e-04	  1.4986e-03	  8.6815e+03	  0.0000e+00	  1.4997e-01	  0.0000e+00	
  6.8210e+00	  9.8483e-03	  5.6038e-04	  1.4052e-02	  3.0937e-03	  3.1946e-06	  3.0938e-02	  2.7845e-03	  6.6408e-04	  1.5079e-03	  8.7195e+03	  0.0000e+00	  1.4997e-01	  0.0000e+00	
  6.8165e+00	  9.8873e-03	  5.6166e-04	  1.4110e-02	  3.1068e-03	  3.2407e-06	  3.1094e-02	  2.8002e-03	  6.6525e-04	  1.5168e-03	  8.7561e+03	  0.0000e+00	  1.4997e-01	  0.0000e+00	
  6.8121e+00	  9.9251e-03	  5.6290e-04	  1.4167e-02	  3.1195e-03	  3.2859e-06	  3.1244e-02	  2.8153e-03	  6.6637e-04	  1.5255e-03	  8.7914e+03	  0.0000e+00	  1.4997e-01	  0.0000e+00	
  6.8079e+00	  9.9615e-03	  5.6409e-04	  1.4221e-02	  3.1317e-03	  3.3303e-06	  3.1390e-02	  2.8299e-03	  6.6744e-04	  1.5338e-03	  8.8255e+03	  0.0000e+00	  1.4997e-01	  0.0000e+00	
  6.8038e+00	  9.9967e-03	  5.6524e-04	  1.4274e-02	  3.1435e-03	  3.3737e-06	  3.1530e-02	  2.8440e-03	  6.6848e-04	  1.5418e-03	  8.8584e+03	  0.0000e+00	  1.4997e-01	  0.0000e+00	
  6.7999e+00	  1.0031e-02	  5.6635e-04	  1.4325e-02	  3.1549e-03	  3.4162e-06	  3.1666e-02	  2.8577e-03	  6.6948e-04	  1.5495e-03	  8.8901e+03	  0.0000e+00	  1.4997e-01	  0.0000e+00	
  6.7961e+00	  1.0064e-02	  5.6742e-04	  1.4374e-02	  3.1659e-03	  3.4578e-06	  3.1797e-02	  2.8708e-03	  6.7044e-04	  1.5570e-03	  8.9207e+03	  0.0000e+00	  1.4997e-01	  0.0000e+00	
  6.7925e+00	  1.0095e-02	  5.6846e-04	  1.4421e-02	  3.1765e-03	  3.4984e-06	  3.1923e-02	  2.8835e-03	  6.7137e-04	  1.5642e-03	  8.9503e+03	  0.0000e+00	  1.4997e-01	  0.0000e+00	
  6.7889e+00	  1.0126e-02	  5.6945e-04	  1.4467e-02	  3.1868e-03	  3.5382e-06	  3.2045e-02	  2.8958e-03	  6.7227e-04	  1.5712e-03	  8.9788e+03	  0.0000e+00	  1.4997e-01	  0.0000e+00	
  6.7855e+00	  1.0156e-02	  5.7041e-04	  1.4511e-02	  3.1967e-03	  3.5771e-06	  3.2163e-02	  2.9076e-03	  6.7313e-04	  1.5779e-03	  9.0063e+03	  0.0000e+00	  1.4997e-01	  0.0000e+00	
  6.7823e+00	  1.0184e-02	  5.7134e-04	  1.4553e-02	  3.2062e-03	  3.6150e-06	  3.2276e-02	  2.9190e-03	  6.7396e-04	  1.5844e-03	  9.0328e+03	  0.0000e+00	  1.4997e-01	  0.0000e+00	
  6.7791e+00	  1.0212e-02	  5.7223e-04	  1.4594e-02	  3.2154e-03	  3.6521e-06	  3.2386e-02	  2.9300e-03	  6.7476e-04	  1.5907e-03	  9.0584e+03	  0.0000e+00	  1.4997e-01	  0.0000e+00	
  6.7760e+00	  1.0239e-02	  5.7310e-04	  1.4634e-02	  3.2243e-03	  3.6883e-06	  3.2492e-02	  2.9407e-03	  6.7553e-04	  1.5967e-03	  9.0831e+03	  0.0000e+00	  1.4997e-01	  0.0000e+00	
  6.7731e+00	  1.0264e-02	  5.7393e-04	  1.4672e-02	  3.2329e-03	  3.7235e-06	  3.2594e-02	  2.9509e-03	  6.7627e-04	  1.6026e-03	  9.1070e+03	  0.0000e+00	  1.4997e-01	  0.0000e+00	
  6.7703e+00	  1.0289e-02	  5.7473e-04	  1.4709e-02	  3.2412e-03	  3.7580e-06	  3.2693e-02	  2.9608e-03	  6.7699e-04	  1.6082e-03	  9.1300e+03	  0.0000e+00	  1.4997e-01	  0.0000e+00	
  6.7675e+00	  1.0313e-02	  5.7551e-04	  1.4745e-02	  3.2492e-03	  3.7915e-06	  3.2788e-02	  2.9704e-03	  6.7768e-04	  1.6136e-03	  9.1522e+03	  0.0000e+00	  1.4997e-01	  0.0000e+00	
  6.7649e+00	  1.0337e-02	  5.7626e-04	  1.4779e-02	  3.2570e-03	  3.8242e-06	  3.2880e-02	  2.9796e-03	  6.7835e-04	  1.6189e-03	  9.1736e+03	  0.0000e+00	  1.4997e-01	  0.0000e+00	
  6.7623e+00	  1.0359e-02	  5.7698e-04	  1.4812e-02	  3.2644e-03	  3.8561e-06	  3.2969e-02	  2.9885e-03	  6.7899e-04	  1.6240e-03	  9.1943e+03	  0.0000e+00	  1.4997e-01	  0.0000e+00	
  6.7599e+00	  1.0381e-02	  5.7767e-04	  1.4845e-02	  3.2716e-03	  3.8871e-06	  3.3055e-02	  2.9972e-03	  6.7961e-04	  1.6288e-03	  9.2143e+03	  0.0000e+00	  1.4997e-01	  0.0000e+00	
  6.7575e+00	  1.0402e-02	  5.7834e-04	  1.4875e-02	  3.2786e-03	  3.9173e-06	  3.3138e-02	  3.0055e-03	  6.8021e-04	  1.6336e-03	  9.2335e+03	  0.0000e+00	  1.4997e-01	  0.0000e+00	
  6.7552e+00	  1.0422e-02	  5.7899e-04	  1.4905e-02	  3.2853e-03	  3.9467e-06	  3.3218e-02	  3.0135e-03	  6.8078e-04	  1.6381e-03	  9.2521e+03	  0.0000e+00	  1.4997e-01	  0.0000e+00	
  6.7530e+00	  1.0442e-02	  5.7962e-04	  1.4934e-02	  3.2918e-03	  3.9753e-06	  3.3295e-02	  3.0212e-03	  6.8134e-04	  1.6425e-03	  9.2701e+03	  0.0000e+00	  1.4997e-01	  0.0000e+00	
  6.7508e+00	  1.0460e-02	  5.8022e-04	  1.4962e-02	  3.2981e-03	  4.0031e-06	  3.3369e-02	  3.0287e-03	  6.8187e-04	  1.6468e-03	  9.2874e+03	  0.0000e+00	  1.4997e-01	  0.0000e+00	
  6.7488e+00	  1.0479e-02	  5.8080e-04	  1.4989e-02	  3.3041e-03	  4.0302e-06	  3.3441e-02	  3.0359e-03	  6.8239e-04	  1.6509e-03	  9.3041e+03	  0.0000e+00	  1.4997e-01	  0.0000e+00	
  6.7468e+00	  1.0496e-02	  5.8137e-04	  1.5015e-02	  3.3099e-03	  4.0565e-06	  3.3511e-02	  3.0429e-03	  6.8289e-04	  1.6548e-03	  9.3203e+03	  0.0000e+00	  1.4997e-01	  0.0000e+00	
  6.7449e+00	  1.0513e-02	  5.8191e-04	  1.5040e-02	  3.3156e-03	  4.0821e-06	  3.3578e-02	  3.0496e-03	  6.8337e-04	  1.6587e-03	  9.3359e+03	  0.0000e+00	  1.4997e-01	  0.0000e+00	
  6.7430e+00	  1.0530e-02	  5.8243e-04	  1.5064e-02	  3.3210e-03	  4.1069e-06	  3.3643e-02	  3.0561e-03	  6.8383e-04	  1.6623e-03	  9.3509e+03	  0.0000e+00	  1.4997e-01	  0.0000e+00	
  6.7412e+00	  1.0546e-02	  5.8294e-04	  1.5087e-02	  3.3263e-03	  4.1311e-06	  3.3705e-02	  3.0624e-03	  6.8428e-04	  1.6659e-03	  9.3654e+03	  0.0000e+00	  1.4997e-01	  0.0000e+00	
  6.7395e+00	  1.0561e-02	  5.8343e-04	  1.5110e-02	  3.3313e-03	  4.1545e-06	  3.3766e-02	  3.0684e-03	  6.8471e-04	  1.6693e-03	  9.3794e+03	  0.0000e+00	  1.4997e-01	  0.0000e+00	
  6.7379e+00	  1.0576e-02	  5.8390e-04	  1.5132e-02	  3.3362e-03	  4.1773e-06	  3.3824e-02	  3.0743e-03	  6.8513e-04	  1.6727e-03	  9.3930e+03	  0.0000e+00	  1.4997e-01	  0.0000e+00	
  6.7363e+00	  1.0590e-02	  5.8435e-04	  1.5153e-02	  3.3410e-03	  4.1994e-06	  3.3880e-02	  3.0799e-03	  6.8553e-04	  1.6759e-03	  9.4060e+03	  0.0000e+00	  1.4997e-01	  0.0000e+00	
  6.7347e+00	  1.0604e-02	  5.8479e-04	  1.5173e-02	  3.3455e-03	  4.2209e-06	  3.3934e-02	  3.0854e-03	  6.8592e-04	  1.6790e-03	  9.4186e+03	  0.0000e+00	  1.4997e-01	  0.0000e+00	
  6.7332e+00	  1.0617e-02	  5.8521e-04	  1.5193e-02	  3.3499e-03	  4.2417e-06	  3.3987e-02	  3.0906e-03	  6.8629e-04	  1.6820e-03	  9.4308e+03	  0.0000e+00	  1.4997e-01	  0.0000e+00	
  6.7318e+00	  1.0630e-02	  5.8562e-04	  1.5212e-02	  3.3542e-03	  4.2619e-06	  3.4037e-02	  3.0957e-03	  6.8665e-04	  1.6848e-03	  9.4425e+03	  0.0000e+00	  1.4997e-01	  0.0000e+00	
  6.7304e+00	  1.0642e-02	  5.8602e-04	  1.5230e-02	  3.3583e-03	  4.2816e-06	  3.4086e-02	  3.1006e-03	  6.8700e-04	  1.6876e-03	  9.4539e+03	  0.0000e+00	  1.4997e-01	  0.0000e+00	
  6.7290e+00	  1.0654e-02	  5.8640e-04	  1.5247e-02	  3.3622e-03	  4.3006e-06	  3.4134e-02	  3.1054e-03	  6.8734e-04	  1.6903e-03	  9.4648e+03	  0.0000e+00	  1.4997e-01	  0.0000e+00	
  6.7277e+00	  1.0666e-02	  5.8677e-04	  1.5264e-02	  3.3661e-03	  4.3190e-06	  3.4179e-02	  3.1099e-03	  6.8766e-04	  1.6929e-03	  9.4754e+03	  0.0000e+00	  1.4997e-01	  0.0000e+00	
  6.7265e+00	  1.0677e-02	  5.8712e-04	  1.5281e-02	  3.3698e-03	  4.3369e-06	  3.4223e-02	  3.1143e-03	  6.8797e-04	  1.6954e-03	  9.4856e+03	  0.0000e+00	  1.4997e-01	  0.0000e+00	
  6.7253e+00	  1.0688e-02	  5.8746e-04	  1.5297e-02	  3.3733e-03	  4.3543e-06	  3.4266e-02	  3.1186e-03	  6.8827e-04	  1.6978e-03	  9.4954e+03	  0.0000e+00	  1.4997e-01	  0.0000e+00	
  6.7241e+00	  1.0699e-02	  5.8779e-04	  1.5312e-02	  3.3768e-03	  4.3711e-06	  3.4307e-02	  3.1227e-03	  6.8856e-04	  1.7002e-03	  9.5049e+03	  0.0000e+00	  1.4997e-01	  0.0000e+00	
  6.7230e+00	  1.0709e-02	  5.8811e-04	  1.5327e-02	  3.3801e-03	  4.3874e-06	  3.4346e-02	  3.1267e-03	  6.8885e-04	  1.7024e-03	  9.5141e+03	  0.0000e+00	  1.4997e-01	  0.0000e+00	
  6.7219e+00	  1.0718e-02	  5.8842e-04	  1.5341e-02	  3.3833e-03	  4.4033e-06	  3.4384e-02	  3.1305e-03	  6.8912e-04	  1.7046e-03	  9.5230e+03	  0.0000e+00	  1.4997e-01	  0.0000e+00	
  6.7209e+00	  1.0728e-02	  5.8872e-04	  1.5355e-02	  3.3864e-03	  4.4186e-06	  3.4421e-02	  3.1342e-03	  6.8938e-04	  1.7067e-03	  9.5315e+03	  0.0000e+00	  1.4997e-01	  0.0000e+00	
  6.7198e+00	  1.0737e-02	  5.8901e-04	  1.5368e-02	  3.3894e-03	  4.4334e-06	  3.4457e-02	  3.1378e-03	  6.8963e-04	  1.7087e-03	  9.5398e+03	  0.0000e+00	  1.4997e-01	  0.0000e+00	
  6.7189e+00	  1.0746e-02	  5.8928e-04	  1.5381e-02	  3.3923e-03	  4.4478e-06	  3.4492e-02	  3.1412e-03	  6.8987e-04	  1.7107e-03	  9.5477e+03	  0.0000e+00	  1.4997e-01	  0.0000e+00	
  6.7179e+00	  1.0754e-02	  5.8955e-04	  1.5393e-02	  3.3951e-03	  4.4617e-06	  3.4525e-02	  3.1446e-03	  6.9011e-04	  1.7126e-03	  9.5554e+03	  0.0000e+00	  1.4997e-01	  0.0000e+00	
  6.7170e+00	  1.0762e-02	  5.8981e-04	  1.5405e-02	  3.3978e-03	  4.4752e-06	  3.4557e-02	  3.1478e-03	  6.9033e-04	  1.7144e-03	  9.5629e+03	  0.0000e+00	  1.4997e-01	  0.0000e+00	
  6.7161e+00	  1.0770e-02	  5.9006e-04	  1.5417e-02	  3.4004e-03	  4.4883e-06	  3.4588e-02	  3.1509e-03	  6.9055e-04	  1.7162e-03	  9.5700e+03	  0.0000e+00	  1.4997e-01	  0.0000e+00	
  6.7153e+00	  1.0778e-02	  5.9030e-04	  1.5428e-02	  3.4029e-03	  4.5010e-06	  3.4618e-02	  3.1539e-03	  6.9077e-04	  1.7179e-03	  9.5770e+03	  0.0000e+00	  1.4997e-01	  0.0000e+00	
  6.7145e+00	  1.0785e-02	  5.9053e-04	  1.5439e-02	  3.4053e-03	  4.5132e-06	  3.4647e-02	  3.1568e-03	  6.9097e-04	  1.7195e-03	  9.5837e+03	  0.0000e+00	  1.4997e-01	  0.0000e+00	
  6.7137e+00	  1.0792e-02	  5.9076e-04	  1.5449e-02	  3.4077e-03	  4.5251e-06	  3.4675e-02	  3.1596e-03	  6.9117e-04	  1.7211e-03	  9.5901e+03	  0.0000e+00	  1.4997e-01	  0.0000e+00	
  6.7129e+00	  1.0799e-02	  5.9097e-04	  1.5459e-02	  3.4099e-03	  4.5366e-06	  3.4701e-02	  3.1623e-03	  6.9136e-04	  1.7226e-03	  9.5963e+03	  0.0000e+00	  1.4997e-01	  0.0000e+00	
  6.7122e+00	  1.0806e-02	  5.9118e-04	  1.5469e-02	  3.4121e-03	  4.5477e-06	  3.4727e-02	  3.1649e-03	  6.9154e-04	  1.7241e-03	  9.6024e+03	  0.0000e+00	  1.4997e-01	  0.0000e+00	
  6.7115e+00	  1.0812e-02	  5.9138e-04	  1.5478e-02	  3.4142e-03	  4.5585e-06	  3.4753e-02	  3.1674e-03	  6.9172e-04	  1.7255e-03	  9.6082e+03	  0.0000e+00	  1.4997e-01	  0.0000e+00	
  6.7108e+00	  1.0819e-02	  5.9158e-04	  1.5487e-02	  3.4163e-03	  4.5689e-06	  3.4777e-02	  3.1698e-03	  6.9189e-04	  1.7269e-03	  9.6138e+03	  0.0000e+00	  1.4997e-01	  0.0000e+00	
  6.7101e+00	  1.0824e-02	  5.9177e-04	  1.5496e-02	  3.4182e-03	  4.5790e-06	  3.4800e-02	  3.1722e-03	  6.9205e-04	  1.7283e-03	  9.6192e+03	  0.0000e+00	  1.4997e-01	  0.0000e+00	
  6.7095e+00	  1.0830e-02	  5.9195e-04	  1.5504e-02	  3.4201e-03	  4.5887e-06	  3.4823e-02	  3.1745e-03	  6.9221e-04	  1.7295e-03	  9.6244e+03	  0.0000e+00	  1.4997e-01	  0.0000e+00	
  6.7089e+00	  1.0836e-02	  5.9212e-04	  1.5513e-02	  3.4220e-03	  4.5982e-06	  3.4845e-02	  3.1767e-03	  6.9236e-04	  1.7308e-03	  9.6295e+03	  0.0000e+00	  1.4997e-01	  0.0000e+00	
  6.7083e+00	  1.0841e-02	  5.9229e-04	  1.5520e-02	  3.4237e-03	  4.6073e-06	  3.4866e-02	  3.1788e-03	  6.9251e-04	  1.7320e-03	  9.6343e+03	  0.0000e+00	  1.4997e-01	  0.0000e+00	
  6.7077e+00	  1.0846e-02	  5.9246e-04	  1.5528e-02	  3.4254e-03	  4.6161e-06	  3.4886e-02	  3.1808e-03	  6.9266e-04	  1.7331e-03	  9.6390e+03	  0.0000e+00	  1.4997e-01	  0.0000e+00	
  6.7071e+00	  1.0851e-02	  5.9261e-04	  1.5535e-02	  3.4271e-03	  4.6247e-06	  3.4906e-02	  3.1828e-03	  6.9279e-04	  1.7343e-03	  9.6436e+03	  0.0000e+00	  1.4997e-01	  0.0000e+00	
  6.7066e+00	  1.0856e-02	  5.9277e-04	  1.5542e-02	  3.4287e-03	  4.6330e-06	  3.4925e-02	  3.1847e-03	  6.9293e-04	  1.7353e-03	  9.6480e+03	  0.0000e+00	  1.4997e-01	  0.0000e+00	
  6.7061e+00	  1.0861e-02	  5.9291e-04	  1.5549e-02	  3.4302e-03	  4.6410e-06	  3.4943e-02	  3.1865e-03	  6.9306e-04	  1.7364e-03	  9.6522e+03	  0.0000e+00	  1.4997e-01	  0.0000e+00	
  6.7056e+00	  1.0865e-02	  5.9305e-04	  1.5556e-02	  3.4317e-03	  4.6487e-06	  3.4961e-02	  3.1883e-03	  6.9318e-04	  1.7374e-03	  9.6563e+03	  0.0000e+00	  1.4997e-01	  0.0000e+00	
  6.7051e+00	  1.0870e-02	  5.9319e-04	  1.5562e-02	  3.4331e-03	  4.6562e-06	  3.4978e-02	  3.1900e-03	  6.9330e-04	  1.7384e-03	  9.6602e+03	  0.0000e+00	  1.4997e-01	  0.0000e+00	
  6.7046e+00	  1.0874e-02	  5.9332e-04	  1.5568e-02	  3.4345e-03	  4.6634e-06	  3.4994e-02	  3.1916e-03	  6.9342e-04	  1.7393e-03	  9.6641e+03	  0.0000e+00	  1.4997e-01	  0.0000e+00	
  6.7042e+00	  1.0878e-02	  5.9345e-04	  1.5574e-02	  3.4359e-03	  4.6704e-06	  3.5010e-02	  3.1932e-03	  6.9353e-04	  1.7402e-03	  9.6677e+03	  0.0000e+00	  1.4997e-01	  0.0000e+00	
  6.7038e+00	  1.0882e-02	  5.9358e-04	  1.5580e-02	  3.4372e-03	  4.6772e-06	  3.5026e-02	  3.1948e-03	  6.9364e-04	  1.7411e-03	  9.6713e+03	  0.0000e+00	  1.4997e-01	  0.0000e+00	
  6.7033e+00	  1.0886e-02	  5.9369e-04	  1.5586e-02	  3.4384e-03	  4.6837e-06	  3.5040e-02	  3.1963e-03	  6.9374e-04	  1.7419e-03	  9.6747e+03	  0.0000e+00	  1.4997e-01	  0.0000e+00	
  6.7029e+00	  1.0890e-02	  5.9381e-04	  1.5591e-02	  3.4396e-03	  4.6901e-06	  3.5055e-02	  3.1977e-03	  6.9384e-04	  1.7427e-03	  9.6780e+03	  0.0000e+00	  1.4997e-01	  0.0000e+00	
  6.7025e+00	  1.0893e-02	  5.9392e-04	  1.5596e-02	  3.4408e-03	  4.6962e-06	  3.5069e-02	  3.1991e-03	  6.9394e-04	  1.7435e-03	  9.6812e+03	  0.0000e+00	  1.4997e-01	  0.0000e+00	
  6.7022e+00	  1.0897e-02	  5.9403e-04	  1.5601e-02	  3.4419e-03	  4.7021e-06	  3.5082e-02	  3.2004e-03	  6.9403e-04	  1.7443e-03	  9.6843e+03	  0.0000e+00	  1.4997e-01	  0.0000e+00	
  6.7018e+00	  1.0900e-02	  5.9413e-04	  1.5606e-02	  3.4430e-03	  4.7078e-06	  3.5095e-02	  3.2017e-03	  6.9412e-04	  1.7450e-03	  9.6873e+03	  0.0000e+00	  1.4997e-01	  0.0000e+00	
  6.7014e+00	  1.0903e-02	  5.9423e-04	  1.5610e-02	  3.4440e-03	  4.7134e-06	  3.5107e-02	  3.2030e-03	  6.9421e-04	  1.7457e-03	  9.6902e+03	  0.0000e+00	  1.4997e-01	  0.0000e+00	
  6.7011e+00	  1.0906e-02	  5.9433e-04	  1.5615e-02	  3.4450e-03	  4.7187e-06	  3.5119e-02	  3.2042e-03	  6.9429e-04	  1.7464e-03	  9.6930e+03	  0.0000e+00	  1.4997e-01	  0.0000e+00	
  6.7008e+00	  1.0909e-02	  5.9442e-04	  1.5619e-02	  3.4460e-03	  4.7239e-06	  3.5131e-02	  3.2054e-03	  6.9437e-04	  1.7471e-03	  9.6956e+03	  0.0000e+00	  1.4997e-01	  0.0000e+00	
  6.7005e+00	  1.0912e-02	  5.9451e-04	  1.5623e-02	  3.4469e-03	  4.7289e-06	  3.5142e-02	  3.2065e-03	  6.9445e-04	  1.7477e-03	  9.6982e+03	  0.0000e+00	  1.4997e-01	  0.0000e+00	
  6.7002e+00	  1.0915e-02	  5.9460e-04	  1.5628e-02	  3.4479e-03	  4.7337e-06	  3.5153e-02	  3.2076e-03	  6.9453e-04	  1.7483e-03	  9.7007e+03	  0.0000e+00	  1.4997e-01	  0.0000e+00	
  6.6999e+00	  1.0917e-02	  5.9468e-04	  1.5631e-02	  3.4487e-03	  4.7384e-06	  3.5164e-02	  3.2086e-03	  6.9460e-04	  1.7489e-03	  9.7031e+03	  0.0000e+00	  1.4997e-01	  0.0000e+00	
  6.6996e+00	  1.0920e-02	  5.9476e-04	  1.5635e-02	  3.4496e-03	  4.7429e-06	  3.5174e-02	  3.2096e-03	  6.9467e-04	  1.7495e-03	  9.7055e+03	  0.0000e+00	  1.4997e-01	  0.0000e+00	
  6.6993e+00	  1.0922e-02	  5.9484e-04	  1.5639e-02	  3.4504e-03	  4.7473e-06	  3.5183e-02	  3.2106e-03	  6.9474e-04	  1.7501e-03	  9.7077e+03	  0.0000e+00	  1.4997e-01	  0.0000e+00	
  6.6990e+00	  1.0925e-02	  5.9492e-04	  1.5642e-02	  3.4512e-03	  4.7515e-06	  3.5193e-02	  3.2115e-03	  6.9481e-04	  1.7506e-03	  9.7099e+03	  0.0000e+00	  1.4997e-01	  0.0000e+00	
  6.6988e+00	  1.0927e-02	  5.9499e-04	  1.5646e-02	  3.4520e-03	  4.7555e-06	  3.5202e-02	  3.2125e-03	  6.9487e-04	  1.7511e-03	  9.7120e+03	  0.0000e+00	  1.4997e-01	  0.0000e+00	
  6.6985e+00	  1.0929e-02	  5.9506e-04	  1.5649e-02	  3.4527e-03	  4.7595e-06	  3.5211e-02	  3.2133e-03	  6.9493e-04	  1.7516e-03	  9.7140e+03	  0.0000e+00	  1.4997e-01	  0.0000e+00	
  6.6983e+00	  1.0932e-02	  5.9513e-04	  1.5652e-02	  3.4534e-03	  4.7633e-06	  3.5219e-02	  3.2142e-03	  6.9499e-04	  1.7521e-03	  9.7160e+03	  0.0000e+00	  1.4997e-01	  0.0000e+00	
  6.6981e+00	  1.0934e-02	  5.9519e-04	  1.5655e-02	  3.4541e-03	  4.7670e-06	  3.5227e-02	  3.2150e-03	  6.9505e-04	  1.7526e-03	  9.7179e+03	  0.0000e+00	  1.4997e-01	  0.0000e+00	
  6.6978e+00	  1.0936e-02	  5.9526e-04	  1.5658e-02	  3.4548e-03	  4.7705e-06	  3.5235e-02	  3.2158e-03	  6.9510e-04	  1.7530e-03	  9.7197e+03	  0.0000e+00	  1.4997e-01	  0.0000e+00	
  6.6976e+00	  1.0938e-02	  5.9532e-04	  1.5661e-02	  3.4554e-03	  4.7739e-06	  3.5243e-02	  3.2166e-03	  6.9516e-04	  1.7534e-03	  9.7215e+03	  0.0000e+00	  1.4997e-01	  0.0000e+00	
  6.6974e+00	  1.0940e-02	  5.9538e-04	  1.5664e-02	  3.4560e-03	  4.7773e-06	  3.5250e-02	  3.2173e-03	  6.9521e-04	  1.7539e-03	  9.7232e+03	  0.0000e+00	  1.4997e-01	  0.0000e+00	
  6.6972e+00	  1.0941e-02	  5.9543e-04	  1.5666e-02	  3.4566e-03	  4.7805e-06	  3.5257e-02	  3.2180e-03	  6.9526e-04	  1.7543e-03	  9.7248e+03	  0.0000e+00	  1.4997e-01	  0.0000e+00	
  6.6970e+00	  1.0943e-02	  5.9549e-04	  1.5669e-02	  3.4572e-03	  4.7836e-06	  3.5264e-02	  3.2187e-03	  6.9531e-04	  1.7546e-03	  9.7264e+03	  0.0000e+00	  1.4997e-01	  0.0000e+00	
  6.6968e+00	  1.0945e-02	  5.9554e-04	  1.5671e-02	  3.4577e-03	  4.7866e-06	  3.5271e-02	  3.2194e-03	  6.9535e-04	  1.7550e-03	  9.7279e+03	  0.0000e+00	  1.4997e-01	  0.0000e+00	
  6.6967e+00	  1.0946e-02	  5.9559e-04	  1.5674e-02	  3.4583e-03	  4.7894e-06	  3.5277e-02	  3.2200e-03	  6.9540e-04	  1.7554e-03	  9.7294e+03	  0.0000e+00	  1.4997e-01	  0.0000e+00	
  6.6965e+00	  1.0948e-02	  5.9564e-04	  1.5676e-02	  3.4588e-03	  4.7922e-06	  3.5284e-02	  3.2206e-03	  6.9544e-04	  1.7557e-03	  9.7308e+03	  0.0000e+00	  1.4997e-01	  0.0000e+00	
  6.6963e+00	  1.0950e-02	  5.9569e-04	  1.5678e-02	  3.4593e-03	  4.7949e-06	  3.5289e-02	  3.2212e-03	  6.9548e-04	  1.7561e-03	  9.7322e+03	  0.0000e+00	  1.4997e-01	  0.0000e+00	
  6.6962e+00	  1.0951e-02	  5.9574e-04	  1.5680e-02	  3.4598e-03	  4.7975e-06	  3.5295e-02	  3.2218e-03	  6.9552e-04	  1.7564e-03	  9.7335e+03	  0.0000e+00	  1.4997e-01	  0.0000e+00	
  6.6960e+00	  1.0952e-02	  5.9578e-04	  1.5683e-02	  3.4603e-03	  4.8001e-06	  3.5301e-02	  3.2224e-03	  6.9556e-04	  1.7567e-03	  9.7348e+03	  0.0000e+00	  1.4997e-01	  0.0000e+00	
  6.6959e+00	  1.0954e-02	  5.9583e-04	  1.5685e-02	  3.4607e-03	  4.8025e-06	  3.5306e-02	  3.2229e-03	  6.9560e-04	  1.7570e-03	  9.7361e+03	  0.0000e+00	  1.4997e-01	  0.0000e+00	
  6.6957e+00	  1.0955e-02	  5.9587e-04	  1.5686e-02	  3.4611e-03	  4.8048e-06	  3.5311e-02	  3.2234e-03	  6.9564e-04	  1.7573e-03	  9.7373e+03	  0.0000e+00	  1.4997e-01	  0.0000e+00	
  6.6956e+00	  1.0956e-02	  5.9591e-04	  1.5688e-02	  3.4616e-03	  4.8071e-06	  3.5316e-02	  3.2239e-03	  6.9567e-04	  1.7576e-03	  9.7384e+03	  0.0000e+00	  1.4997e-01	  0.0000e+00	
  6.6954e+00	  1.0958e-02	  5.9595e-04	  1.5690e-02	  3.4620e-03	  4.8093e-06	  3.5321e-02	  3.2244e-03	  6.9571e-04	  1.7579e-03	  9.7396e+03	  0.0000e+00	  1.4997e-01	  0.0000e+00	
  6.6953e+00	  1.0959e-02	  5.9598e-04	  1.5692e-02	  3.4624e-03	  4.8114e-06	  3.5326e-02	  3.2249e-03	  6.9574e-04	  1.7582e-03	  9.7406e+03	  0.0000e+00	  1.4997e-01	  0.0000e+00	
  6.6952e+00	  1.0960e-02	  5.9602e-04	  1.5694e-02	  3.4627e-03	  4.8135e-06	  3.5330e-02	  3.2253e-03	  6.9577e-04	  1.7584e-03	  9.7417e+03	  0.0000e+00	  1.4997e-01	  0.0000e+00	
  6.6950e+00	  1.0961e-02	  5.9605e-04	  1.5695e-02	  3.4631e-03	  4.8155e-06	  3.5335e-02	  3.2258e-03	  6.9580e-04	  1.7587e-03	  9.7427e+03	  0.0000e+00	  1.4997e-01	  0.0000e+00	
  6.6949e+00	  1.0962e-02	  5.9609e-04	  1.5697e-02	  3.4635e-03	  4.8174e-06	  3.5339e-02	  3.2262e-03	  6.9583e-04	  1.7589e-03	  9.7436e+03	  0.0000e+00	  1.4997e-01	  0.0000e+00	
  6.6948e+00	  1.0963e-02	  5.9612e-04	  1.5698e-02	  3.4638e-03	  4.8192e-06	  3.5343e-02	  3.2266e-03	  6.9586e-04	  1.7591e-03	  9.7446e+03	  0.0000e+00	  1.4997e-01	  0.0000e+00	
  6.6947e+00	  1.0964e-02	  5.9615e-04	  1.5700e-02	  3.4641e-03	  4.8210e-06	  3.5347e-02	  3.2270e-03	  6.9589e-04	  1.7594e-03	  9.7455e+03	  0.0000e+00	  1.4997e-01	  0.0000e+00	
  6.6946e+00	  1.0965e-02	  5.9618e-04	  1.5701e-02	  3.4644e-03	  4.8227e-06	  3.5351e-02	  3.2274e-03	  6.9591e-04	  1.7596e-03	  9.7464e+03	  0.0000e+00	  1.4996e-01	  0.0000e+00	
  6.6945e+00	  1.0966e-02	  5.9621e-04	  1.5702e-02	  3.4648e-03	  4.8244e-06	  3.5354e-02	  3.2277e-03	  6.9594e-04	  1.7598e-03	  9.7472e+03	  0.0000e+00	  1.4996e-01	  0.0000e+00	
  6.6944e+00	  1.0967e-02	  5.9624e-04	  1.5704e-02	  3.4651e-03	  4.8260e-06	  3.5358e-02	  3.2281e-03	  6.9596e-04	  1.7600e-03	  9.7480e+03	  0.0000e+00	  1.4996e-01	  0.0000e+00	
  6.6943e+00	  1.0968e-02	  5.9627e-04	  1.5705e-02	  3.4653e-03	  4.8275e-06	  3.5361e-02	  3.2284e-03	  6.9599e-04	  1.7602e-03	  9.7488e+03	  0.0000e+00	  1.4996e-01	  0.0000e+00	
  6.6942e+00	  1.0969e-02	  5.9629e-04	  1.5706e-02	  3.4656e-03	  4.8290e-06	  3.5365e-02	  3.2288e-03	  6.9601e-04	  1.7604e-03	  9.7496e+03	  0.0000e+00	  1.4996e-01	  0.0000e+00	
  6.6941e+00	  1.0970e-02	  5.9632e-04	  1.5707e-02	  3.4659e-03	  4.8305e-06	  3.5368e-02	  3.2291e-03	  6.9603e-04	  1.7605e-03	  9.7503e+03	  0.0000e+00	  1.4996e-01	  0.0000e+00	
  6.6940e+00	  1.0970e-02	  5.9634e-04	  1.5709e-02	  3.4661e-03	  4.8319e-06	  3.5371e-02	  3.2294e-03	  6.9605e-04	  1.7607e-03	  9.7510e+03	  0.0000e+00	  1.4996e-01	  0.0000e+00	
  6.6939e+00	  1.0971e-02	  5.9637e-04	  1.5710e-02	  3.4664e-03	  4.8332e-06	  3.5374e-02	  3.2297e-03	  6.9607e-04	  1.7609e-03	  9.7517e+03	  0.0000e+00	  1.4996e-01	  0.0000e+00	
  6.6939e+00	  1.0972e-02	  5.9639e-04	  1.5711e-02	  3.4666e-03	  4.8345e-06	  3.5377e-02	  3.2300e-03	  6.9609e-04	  1.7610e-03	  9.7524e+03	  0.0000e+00	  1.4996e-01	  0.0000e+00	
  6.6938e+00	  1.0973e-02	  5.9641e-04	  1.5712e-02	  3.4669e-03	  4.8358e-06	  3.5380e-02	  3.2303e-03	  6.9611e-04	  1.7612e-03	  9.7530e+03	  0.0000e+00	  1.4996e-01	  0.0000e+00	
  6.6937e+00	  1.0973e-02	  5.9643e-04	  1.5713e-02	  3.4671e-03	  4.8370e-06	  3.5382e-02	  3.2305e-03	  6.9613e-04	  1.7614e-03	  9.7536e+03	  0.0000e+00	  1.4996e-01	  0.0000e+00	
  6.6936e+00	  1.0974e-02	  5.9645e-04	  1.5714e-02	  3.4673e-03	  4.8382e-06	  3.5385e-02	  3.2308e-03	  6.9615e-04	  1.7615e-03	  9.7542e+03	  0.0000e+00	  1.4996e-01	  0.0000e+00	
  6.6936e+00	  1.0975e-02	  5.9647e-04	  1.5715e-02	  3.4675e-03	  4.8393e-06	  3.5387e-02	  3.2310e-03	  6.9617e-04	  1.7616e-03	  9.7548e+03	  0.0000e+00	  1.4996e-01	  0.0000e+00	
  6.6935e+00	  1.0975e-02	  5.9649e-04	  1.5716e-02	  3.4677e-03	  4.8404e-06	  3.5390e-02	  3.2313e-03	  6.9618e-04	  1.7618e-03	  9.7553e+03	  0.0000e+00	  1.4996e-01	  0.0000e+00	
  6.6934e+00	  1.0976e-02	  5.9651e-04	  1.5716e-02	  3.4679e-03	  4.8415e-06	  3.5392e-02	  3.2315e-03	  6.9620e-04	  1.7619e-03	  9.7559e+03	  0.0000e+00	  1.4996e-01	  0.0000e+00	
  6.6934e+00	  1.0976e-02	  5.9653e-04	  1.5717e-02	  3.4681e-03	  4.8425e-06	  3.5394e-02	  3.2317e-03	  6.9622e-04	  1.7620e-03	  9.7564e+03	  0.0000e+00	  1.4996e-01	  0.0000e+00	
  6.6933e+00	  1.0977e-02	  5.9655e-04	  1.5718e-02	  3.4683e-03	  4.8435e-06	  3.5396e-02	  3.2319e-03	  6.9623e-04	  1.7622e-03	  9.7569e+03	  0.0000e+00	  1.4996e-01	  0.0000e+00	
  6.6933e+00	  1.0978e-02	  5.9656e-04	  1.5719e-02	  3.4684e-03	  4.8445e-06	  3.5399e-02	  3.2322e-03	  6.9624e-04	  1.7623e-03	  9.7574e+03	  0.0000e+00	  1.4996e-01	  0.0000e+00	
  6.6932e+00	  1.0978e-02	  5.9658e-04	  1.5720e-02	  3.4686e-03	  4.8454e-06	  3.5401e-02	  3.2324e-03	  6.9626e-04	  1.7624e-03	  9.7578e+03	  0.0000e+00	  1.4996e-01	  0.0000e+00	
  6.6931e+00	  1.0979e-02	  5.9660e-04	  1.5720e-02	  3.4688e-03	  4.8463e-06	  3.5402e-02	  3.2325e-03	  6.9627e-04	  1.7625e-03	  9.7583e+03	  0.0000e+00	  1.4996e-01	  0.0000e+00	
  6.6931e+00	  1.0979e-02	  5.9661e-04	  1.5721e-02	  3.4689e-03	  4.8471e-06	  3.5404e-02	  3.2327e-03	  6.9629e-04	  1.7626e-03	  9.7587e+03	  0.0000e+00	  1.4996e-01	  0.0000e+00	
  6.6930e+00	  1.0979e-02	  5.9663e-04	  1.5722e-02	  3.4691e-03	  4.8480e-06	  3.5406e-02	  3.2329e-03	  6.9630e-04	  1.7627e-03	  9.7591e+03	  0.0000e+00	  1.4996e-01	  0.0000e+00	
  6.6930e+00	  1.0980e-02	  5.9664e-04	  1.5722e-02	  3.4692e-03	  4.8488e-06	  3.5408e-02	  3.2331e-03	  6.9631e-04	  1.7628e-03	  9.7595e+03	  0.0000e+00	  1.4996e-01	  0.0000e+00	
  6.6929e+00	  1.0980e-02	  5.9665e-04	  1.5723e-02	  3.4694e-03	  4.8495e-06	  3.5410e-02	  3.2333e-03	  6.9632e-04	  1.7629e-03	  9.7599e+03	  0.0000e+00	  1.4996e-01	  0.0000e+00	
  6.6929e+00	  1.0981e-02	  5.9667e-04	  1.5724e-02	  3.4695e-03	  4.8503e-06	  3.5411e-02	  3.2334e-03	  6.9633e-04	  1.7630e-03	  9.7603e+03	  0.0000e+00	  1.4996e-01	  0.0000e+00	
  6.6929e+00	  1.0981e-02	  5.9668e-04	  1.5724e-02	  3.4697e-03	  4.8510e-06	  3.5413e-02	  3.2336e-03	  6.9634e-04	  1.7631e-03	  9.7607e+03	  0.0000e+00	  1.4996e-01	  0.0000e+00	
  6.6928e+00	  1.0982e-02	  5.9669e-04	  1.5725e-02	  3.4698e-03	  4.8517e-06	  3.5414e-02	  3.2337e-03	  6.9636e-04	  1.7632e-03	  9.7610e+03	  0.0000e+00	  1.4996e-01	  0.0000e+00	
  6.6928e+00	  1.0982e-02	  5.9670e-04	  1.5725e-02	  3.4699e-03	  4.8524e-06	  3.5416e-02	  3.2339e-03	  6.9637e-04	  1.7633e-03	  9.7614e+03	  0.0000e+00	  1.4996e-01	  0.0000e+00	
  6.6927e+00	  1.0982e-02	  5.9671e-04	  1.5726e-02	  3.4700e-03	  4.8530e-06	  3.5417e-02	  3.2340e-03	  6.9638e-04	  1.7633e-03	  9.7617e+03	  0.0000e+00	  1.4996e-01	  0.0000e+00	
  6.6927e+00	  1.0983e-02	  5.9673e-04	  1.5726e-02	  3.4701e-03	  4.8536e-06	  3.5419e-02	  3.2342e-03	  6.9639e-04	  1.7634e-03	  9.7620e+03	  0.0000e+00	  1.4996e-01	  0.0000e+00	
  6.6927e+00	  1.0983e-02	  5.9674e-04	  1.5727e-02	  3.4702e-03	  4.8543e-06	  3.5420e-02	  3.2343e-03	  6.9639e-04	  1.7635e-03	  9.7623e+03	  0.0000e+00	  1.4996e-01	  0.0000e+00	
  6.6926e+00	  1.0983e-02	  5.9675e-04	  1.5727e-02	  3.4704e-03	  4.8548e-06	  3.5421e-02	  3.2344e-03	  6.9640e-04	  1.7636e-03	  9.7626e+03	  0.0000e+00	  1.4996e-01	  0.0000e+00	
  6.6926e+00	  1.0984e-02	  5.9676e-04	  1.5728e-02	  3.4705e-03	  4.8554e-06	  3.5422e-02	  3.2346e-03	  6.9641e-04	  1.7636e-03	  9.7629e+03	  0.0000e+00	  1.4996e-01	  0.0000e+00	
  6.6926e+00	  1.0984e-02	  5.9677e-04	  1.5728e-02	  3.4706e-03	  4.8559e-06	  3.5424e-02	  3.2347e-03	  6.9642e-04	  1.7637e-03	  9.7632e+03	  0.0000e+00	  1.4996e-01	  0.0000e+00	
  6.6925e+00	  1.0984e-02	  5.9677e-04	  1.5729e-02	  3.4707e-03	  4.8565e-06	  3.5425e-02	  3.2348e-03	  6.9643e-04	  1.7638e-03	  9.7634e+03	  0.0000e+00	  1.4996e-01	  0.0000e+00	
  6.6925e+00	  1.0985e-02	  5.9678e-04	  1.5729e-02	  3.4707e-03	  4.8570e-06	  3.5426e-02	  3.2349e-03	  6.9644e-04	  1.7638e-03	  9.7637e+03	  0.0000e+00	  1.4996e-01	  0.0000e+00	
  6.6925e+00	  1.0985e-02	  5.9679e-04	  1.5729e-02	  3.4708e-03	  4.8575e-06	  3.5427e-02	  3.2350e-03	  6.9644e-04	  1.7639e-03	  9.7639e+03	  0.0000e+00	  1.4996e-01	  0.0000e+00	
  6.6924e+00	  1.0985e-02	  5.9680e-04	  1.5730e-02	  3.4709e-03	  4.8580e-06	  3.5428e-02	  3.2351e-03	  6.9645e-04	  1.7640e-03	  9.7642e+03	  0.0000e+00	  1.4996e-01	  0.0000e+00	
  6.6924e+00	  1.0985e-02	  5.9681e-04	  1.5730e-02	  3.4710e-03	  4.8584e-06	  3.5429e-02	  3.2352e-03	  6.9646e-04	  1.7640e-03	  9.7644e+03	  0.0000e+00	  1.4996e-01	  0.0000e+00	
  6.6924e+00	  1.0986e-02	  5.9682e-04	  1.5731e-02	  3.4711e-03	  4.8589e-06	  3.5430e-02	  3.2353e-03	  6.9646e-04	  1.7641e-03	  9.7646e+03	  0.0000e+00	  1.4996e-01	  0.0000e+00	
  6.6923e+00	  1.0986e-02	  5.9682e-04	  1.5731e-02	  3.4712e-03	  4.8593e-06	  3.5431e-02	  3.2354e-03	  6.9647e-04	  1.7641e-03	  9.7649e+03	  0.0000e+00	  1.4996e-01	  0.0000e+00	
  6.6923e+00	  1.0986e-02	  5.9683e-04	  1.5731e-02	  3.4712e-03	  4.8597e-06	  3.5432e-02	  3.2355e-03	  6.9648e-04	  1.7642e-03	  9.7651e+03	  0.0000e+00	  1.4996e-01	  0.0000e+00	
