          pH	          Na	           K	          Ca	          Mg	         PO4	          Cl	         SO4	         NH4	        HCO3	          sc	         FeS	      Pyrite	     Calcite	
  6.6644e+00	  4.1755e-03	  3.3043e-04	  4.8964e-03	  1.0614e-03	  4.1174e-05	  6.0679e-03	  1.8024e-04	  4.2255e-04	  9.0118e-06	  2.5751e+03	  0.0000e+00	  0.0000e+00	  0.0000e+00	
  6.6644e+00	  4.1755e-03	  3.3043e-04	  4.8964e-03	  1.0614e-03	  4.1174e-05	  6.0679e-03	  1.8024e-04	  4.2255e-04	  9.0118e-06	  2.5751e+03	  0.0000e+00	  0.0000e+00	  0.0000e+00	
  7.5077e+00	  4.3212e-03	  3.3897e-04	  5.1460e-03	  1.1175e-03	  6.1360e-07	  6.6209e-03	  2.4561e-04	  4.3811e-04	  7.9873e-05	  2.7420e+03	  0.0000e+00	  1.4999e-01	  0.0000e+00	
  7.4926e+00	  4.4300e-03	  3.4458e-04	  5.3298e-03	  1.1580e-03	  6.2650e-07	  7.1722e-03	  3.0861e-04	  4.4446e-04	  1.1335e-04	  2.8833e+03	  0.0000e+00	  1.4999e-01	  0.0000e+00	
  7.4782e+00	  4.5351e-03	  3.4991e-04	  5.5074e-03	  1.1971e-03	  6.3967e-07	  7.6992e-03	  3.6830e-04	  4.5048e-04	  1.4528e-04	  3.0181e+03	  0.0000e+00	  1.4999e-01	  0.0000e+00	
  7.4643e+00	  4.6366e-03	  3.5500e-04	  5.6789e-03	  1.2348e-03	  6.5305e-07	  8.2036e-03	  4.2497e-04	  4.5619e-04	  1.7578e-04	  3.1470e+03	  0.0000e+00	  1.4999e-01	  0.0000e+00	
  7.4511e+00	  4.7346e-03	  3.5984e-04	  5.8444e-03	  1.2713e-03	  6.6661e-07	  8.6868e-03	  4.7886e-04	  4.6160e-04	  2.0493e-04	  3.2702e+03	  0.0000e+00	  1.4999e-01	  0.0000e+00	
  7.4384e+00	  4.8293e-03	  3.6447e-04	  6.0042e-03	  1.3065e-03	  6.8032e-07	  9.1499e-03	  5.3019e-04	  4.6675e-04	  2.3282e-04	  3.3882e+03	  0.0000e+00	  1.4999e-01	  0.0000e+00	
  7.4262e+00	  4.9207e-03	  3.6888e-04	  6.1585e-03	  1.3405e-03	  6.9413e-07	  9.5941e-03	  5.7914e-04	  4.7164e-04	  2.5953e-04	  3.5012e+03	  0.0000e+00	  1.4999e-01	  0.0000e+00	
  7.4146e+00	  5.0090e-03	  3.7311e-04	  6.3074e-03	  1.3733e-03	  7.0804e-07	  1.0021e-02	  6.2587e-04	  4.7630e-04	  2.8513e-04	  3.6095e+03	  0.0000e+00	  1.4999e-01	  0.0000e+00	
  7.4033e+00	  5.0944e-03	  3.7714e-04	  6.4512e-03	  1.4050e-03	  7.2200e-07	  1.0430e-02	  6.7053e-04	  4.8074e-04	  3.0967e-04	  3.7134e+03	  0.0000e+00	  1.4999e-01	  0.0000e+00	
  7.3925e+00	  5.1768e-03	  3.8100e-04	  6.5899e-03	  1.4356e-03	  7.3599e-07	  1.0823e-02	  7.1325e-04	  4.8497e-04	  3.3322e-04	  3.8130e+03	  0.0000e+00	  1.4999e-01	  0.0000e+00	
  7.3822e+00	  5.2564e-03	  3.8470e-04	  6.7238e-03	  1.4651e-03	  7.5000e-07	  1.1201e-02	  7.5414e-04	  4.8900e-04	  3.5582e-04	  3.9086e+03	  0.0000e+00	  1.4999e-01	  0.0000e+00	
  7.3722e+00	  5.3334e-03	  3.8824e-04	  6.8531e-03	  1.4936e-03	  7.6400e-07	  1.1565e-02	  7.9332e-04	  4.9285e-04	  3.7753e-04	  4.0005e+03	  0.0000e+00	  1.4999e-01	  0.0000e+00	
  7.3626e+00	  5.4077e-03	  3.9163e-04	  6.9778e-03	  1.5211e-03	  7.7797e-07	  1.1914e-02	  8.3087e-04	  4.9653e-04	  3.9838e-04	  4.0887e+03	  0.0000e+00	  1.4999e-01	  0.0000e+00	
  7.3534e+00	  5.4796e-03	  3.9489e-04	  7.0982e-03	  1.5477e-03	  7.9189e-07	  1.2250e-02	  8.6688e-04	  5.0004e-04	  4.1842e-04	  4.1735e+03	  0.0000e+00	  1.4999e-01	  0.0000e+00	
  7.3445e+00	  5.5490e-03	  3.9801e-04	  7.2144e-03	  1.5733e-03	  8.0575e-07	  1.2574e-02	  9.0144e-04	  5.0340e-04	  4.3768e-04	  4.2549e+03	  0.0000e+00	  1.4999e-01	  0.0000e+00	
  7.3359e+00	  5.6161e-03	  4.0100e-04	  7.3266e-03	  1.5981e-03	  8.1954e-07	  1.2885e-02	  9.3461e-04	  5.0661e-04	  4.5621e-04	  4.3333e+03	  0.0000e+00	  1.4999e-01	  0.0000e+00	
  7.3276e+00	  5.6809e-03	  4.0387e-04	  7.4348e-03	  1.6220e-03	  8.3323e-07	  1.3185e-02	  9.6648e-04	  5.0969e-04	  4.7403e-04	  4.4086e+03	  0.0000e+00	  1.4999e-01	  0.0000e+00	
  7.3197e+00	  5.7435e-03	  4.0662e-04	  7.5393e-03	  1.6451e-03	  8.4681e-07	  1.3474e-02	  9.9709e-04	  5.1263e-04	  4.9117e-04	  4.4810e+03	  0.0000e+00	  1.4999e-01	  0.0000e+00	
  7.3120e+00	  5.8040e-03	  4.0927e-04	  7.6401e-03	  1.6673e-03	  8.6028e-07	  1.3752e-02	  1.0265e-03	  5.1545e-04	  5.0767e-04	  4.5507e+03	  0.0000e+00	  1.4999e-01	  0.0000e+00	
  7.3046e+00	  5.8625e-03	  4.1181e-04	  7.7374e-03	  1.6888e-03	  8.7362e-07	  1.4020e-02	  1.0548e-03	  5.1815e-04	  5.2356e-04	  4.6178e+03	  0.0000e+00	  1.4999e-01	  0.0000e+00	
  7.2975e+00	  5.9189e-03	  4.1426e-04	  7.8314e-03	  1.7096e-03	  8.8681e-07	  1.4278e-02	  1.0820e-03	  5.2074e-04	  5.3885e-04	  4.6824e+03	  0.0000e+00	  1.4999e-01	  0.0000e+00	
  7.2906e+00	  5.9735e-03	  4.1660e-04	  7.9220e-03	  1.7296e-03	  8.9986e-07	  1.4526e-02	  1.1082e-03	  5.2322e-04	  5.5357e-04	  4.7445e+03	  0.0000e+00	  1.4999e-01	  0.0000e+00	
  7.2840e+00	  6.0263e-03	  4.1886e-04	  8.0095e-03	  1.7490e-03	  9.1274e-07	  1.4766e-02	  1.1333e-03	  5.2559e-04	  5.6775e-04	  4.8044e+03	  0.0000e+00	  1.4999e-01	  0.0000e+00	
  7.2776e+00	  6.0772e-03	  4.2103e-04	  8.0940e-03	  1.7676e-03	  9.2546e-07	  1.4997e-02	  1.1576e-03	  5.2788e-04	  5.8140e-04	  4.8620e+03	  0.0000e+00	  1.4999e-01	  0.0000e+00	
  7.2714e+00	  6.1264e-03	  4.2312e-04	  8.1755e-03	  1.7857e-03	  9.3801e-07	  1.5219e-02	  1.1809e-03	  5.3007e-04	  5.9456e-04	  4.9175e+03	  0.0000e+00	  1.4999e-01	  0.0000e+00	
  7.2654e+00	  6.1740e-03	  4.2512e-04	  8.2541e-03	  1.8031e-03	  9.5037e-07	  1.5434e-02	  1.2034e-03	  5.3217e-04	  6.0723e-04	  4.9709e+03	  0.0000e+00	  1.4999e-01	  0.0000e+00	
  7.2597e+00	  6.2200e-03	  4.2705e-04	  8.3301e-03	  1.8199e-03	  9.6255e-07	  1.5641e-02	  1.2250e-03	  5.3419e-04	  6.1945e-04	  5.0224e+03	  0.0000e+00	  1.4999e-01	  0.0000e+00	
  7.2542e+00	  6.2644e-03	  4.2891e-04	  8.4033e-03	  1.8361e-03	  9.7453e-07	  1.5840e-02	  1.2458e-03	  5.3612e-04	  6.3122e-04	  5.0720e+03	  0.0000e+00	  1.4999e-01	  0.0000e+00	
  7.2488e+00	  6.3073e-03	  4.3070e-04	  8.4741e-03	  1.8517e-03	  9.8632e-07	  1.6033e-02	  1.2659e-03	  5.3798e-04	  6.4256e-04	  5.1198e+03	  0.0000e+00	  1.4999e-01	  0.0000e+00	
  7.2436e+00	  6.3487e-03	  4.3242e-04	  8.5424e-03	  1.8668e-03	  9.9791e-07	  1.6218e-02	  1.2852e-03	  5.3977e-04	  6.5349e-04	  5.1659e+03	  0.0000e+00	  1.4999e-01	  0.0000e+00	
  7.2387e+00	  6.3887e-03	  4.3407e-04	  8.6083e-03	  1.8814e-03	  1.0093e-06	  1.6397e-02	  1.3038e-03	  5.4149e-04	  6.6403e-04	  5.2103e+03	  0.0000e+00	  1.4999e-01	  0.0000e+00	
  7.2338e+00	  6.4274e-03	  4.3567e-04	  8.6719e-03	  1.8955e-03	  1.0205e-06	  1.6569e-02	  1.3217e-03	  5.4314e-04	  6.7419e-04	  5.2530e+03	  0.0000e+00	  1.4999e-01	  0.0000e+00	
  7.2292e+00	  6.4648e-03	  4.3720e-04	  8.7333e-03	  1.9091e-03	  1.0314e-06	  1.6735e-02	  1.3390e-03	  5.4473e-04	  6.8399e-04	  5.2943e+03	  0.0000e+00	  1.4999e-01	  0.0000e+00	
  7.2247e+00	  6.5009e-03	  4.3868e-04	  8.7925e-03	  1.9222e-03	  1.0422e-06	  1.6896e-02	  1.3557e-03	  5.4626e-04	  6.9343e-04	  5.3340e+03	  0.0000e+00	  1.4999e-01	  0.0000e+00	
  7.2204e+00	  6.5358e-03	  4.4011e-04	  8.8498e-03	  1.9349e-03	  1.0527e-06	  1.7051e-02	  1.3718e-03	  5.4772e-04	  7.0254e-04	  5.3723e+03	  0.0000e+00	  1.4999e-01	  0.0000e+00	
  7.2162e+00	  6.5695e-03	  4.4148e-04	  8.9050e-03	  1.9471e-03	  1.0631e-06	  1.7200e-02	  1.3872e-03	  5.4914e-04	  7.1132e-04	  5.4093e+03	  0.0000e+00	  1.4999e-01	  0.0000e+00	
  7.2122e+00	  6.6020e-03	  4.4280e-04	  8.9583e-03	  1.9589e-03	  1.0732e-06	  1.7344e-02	  1.4022e-03	  5.5049e-04	  7.1979e-04	  5.4449e+03	  0.0000e+00	  1.4999e-01	  0.0000e+00	
  7.2083e+00	  6.6335e-03	  4.4407e-04	  9.0097e-03	  1.9703e-03	  1.0831e-06	  1.7483e-02	  1.4165e-03	  5.5180e-04	  7.2796e-04	  5.4792e+03	  0.0000e+00	  1.4999e-01	  0.0000e+00	
  7.2045e+00	  6.6638e-03	  4.4530e-04	  9.0594e-03	  1.9813e-03	  1.0927e-06	  1.7617e-02	  1.4304e-03	  5.5306e-04	  7.3583e-04	  5.5123e+03	  0.0000e+00	  1.4999e-01	  0.0000e+00	
  7.2009e+00	  6.6932e-03	  4.4648e-04	  9.1074e-03	  1.9919e-03	  1.1022e-06	  1.7746e-02	  1.4438e-03	  5.5427e-04	  7.4343e-04	  5.5443e+03	  0.0000e+00	  1.4999e-01	  0.0000e+00	
  7.1974e+00	  6.7215e-03	  4.4762e-04	  9.1537e-03	  2.0022e-03	  1.1115e-06	  1.7871e-02	  1.4567e-03	  5.5543e-04	  7.5076e-04	  5.5751e+03	  0.0000e+00	  1.4999e-01	  0.0000e+00	
  7.1940e+00	  6.7489e-03	  4.4871e-04	  9.1983e-03	  2.0121e-03	  1.1205e-06	  1.7991e-02	  1.4691e-03	  5.5655e-04	  7.5783e-04	  5.6048e+03	  0.0000e+00	  1.4999e-01	  0.0000e+00	
  7.1908e+00	  6.7754e-03	  4.4977e-04	  9.2415e-03	  2.0216e-03	  1.1293e-06	  1.8108e-02	  1.4811e-03	  5.5763e-04	  7.6465e-04	  5.6334e+03	  0.0000e+00	  1.4999e-01	  0.0000e+00	
  7.1876e+00	  6.8009e-03	  4.5079e-04	  9.2831e-03	  2.0309e-03	  1.1380e-06	  1.8220e-02	  1.4927e-03	  5.5867e-04	  7.7123e-04	  5.6610e+03	  0.0000e+00	  1.4999e-01	  0.0000e+00	
  7.1846e+00	  6.8256e-03	  4.5177e-04	  9.3233e-03	  2.0398e-03	  1.1464e-06	  1.8328e-02	  1.5039e-03	  5.5967e-04	  7.7758e-04	  5.6877e+03	  0.0000e+00	  1.4998e-01	  0.0000e+00	
  7.1816e+00	  6.8494e-03	  4.5272e-04	  9.3621e-03	  2.0484e-03	  1.1546e-06	  1.8432e-02	  1.5147e-03	  5.6064e-04	  7.8370e-04	  5.7134e+03	  0.0000e+00	  1.4998e-01	  0.0000e+00	
  7.1788e+00	  6.8724e-03	  4.5363e-04	  9.3996e-03	  2.0567e-03	  1.1626e-06	  1.8533e-02	  1.5250e-03	  5.6157e-04	  7.8961e-04	  5.7382e+03	  0.0000e+00	  1.4998e-01	  0.0000e+00	
  7.1761e+00	  6.8947e-03	  4.5452e-04	  9.4357e-03	  2.0647e-03	  1.1704e-06	  1.8630e-02	  1.5351e-03	  5.6246e-04	  7.9531e-04	  5.7621e+03	  0.0000e+00	  1.4998e-01	  0.0000e+00	
  7.1734e+00	  6.9162e-03	  4.5536e-04	  9.4706e-03	  2.0724e-03	  1.1780e-06	  1.8724e-02	  1.5447e-03	  5.6332e-04	  8.0081e-04	  5.7852e+03	  0.0000e+00	  1.4998e-01	  0.0000e+00	
  7.1709e+00	  6.9369e-03	  4.5618e-04	  9.5043e-03	  2.0799e-03	  1.1854e-06	  1.8815e-02	  1.5541e-03	  5.6415e-04	  8.0612e-04	  5.8075e+03	  0.0000e+00	  1.4998e-01	  0.0000e+00	
  7.1684e+00	  6.9570e-03	  4.5697e-04	  9.5369e-03	  2.0871e-03	  1.1926e-06	  1.8902e-02	  1.5631e-03	  5.6495e-04	  8.1124e-04	  5.8290e+03	  0.0000e+00	  1.4998e-01	  0.0000e+00	
  7.1660e+00	  6.9763e-03	  4.5773e-04	  9.5683e-03	  2.0941e-03	  1.1997e-06	  1.8986e-02	  1.5717e-03	  5.6572e-04	  8.1619e-04	  5.8497e+03	  0.0000e+00	  1.4998e-01	  0.0000e+00	
  7.1637e+00	  6.9950e-03	  4.5847e-04	  9.5986e-03	  2.1008e-03	  1.2065e-06	  1.9068e-02	  1.5801e-03	  5.6646e-04	  8.2096e-04	  5.8697e+03	  0.0000e+00	  1.4998e-01	  0.0000e+00	
  7.1615e+00	  7.0131e-03	  4.5918e-04	  9.6279e-03	  2.1073e-03	  1.2132e-06	  1.9146e-02	  1.5882e-03	  5.6718e-04	  8.2556e-04	  5.8890e+03	  0.0000e+00	  1.4998e-01	  0.0000e+00	
  7.1594e+00	  7.0305e-03	  4.5986e-04	  9.6561e-03	  2.1136e-03	  1.2196e-06	  1.9222e-02	  1.5960e-03	  5.6787e-04	  8.3000e-04	  5.9076e+03	  0.0000e+00	  1.4998e-01	  0.0000e+00	
  7.1573e+00	  7.0474e-03	  4.6052e-04	  9.6834e-03	  2.1196e-03	  1.2259e-06	  1.9295e-02	  1.6035e-03	  5.6853e-04	  8.3429e-04	  5.9256e+03	  0.0000e+00	  1.4998e-01	  0.0000e+00	
  7.1553e+00	  7.0636e-03	  4.6115e-04	  9.7098e-03	  2.1255e-03	  1.2321e-06	  1.9366e-02	  1.6108e-03	  5.6918e-04	  8.3842e-04	  5.9429e+03	  0.0000e+00	  1.4998e-01	  0.0000e+00	
  7.1534e+00	  7.0794e-03	  4.6177e-04	  9.7352e-03	  2.1311e-03	  1.2380e-06	  1.9434e-02	  1.6178e-03	  5.6979e-04	  8.4242e-04	  5.9596e+03	  0.0000e+00	  1.4998e-01	  0.0000e+00	
  7.1515e+00	  7.0945e-03	  4.6236e-04	  9.7597e-03	  2.1365e-03	  1.2438e-06	  1.9500e-02	  1.6246e-03	  5.7039e-04	  8.4627e-04	  5.9758e+03	  0.0000e+00	  1.4998e-01	  0.0000e+00	
  7.1497e+00	  7.1092e-03	  4.6293e-04	  9.7835e-03	  2.1418e-03	  1.2494e-06	  1.9564e-02	  1.6311e-03	  5.7096e-04	  8.4999e-04	  5.9914e+03	  0.0000e+00	  1.4998e-01	  0.0000e+00	
  7.1480e+00	  7.1233e-03	  4.6348e-04	  9.8063e-03	  2.1469e-03	  1.2549e-06	  1.9625e-02	  1.6374e-03	  5.7152e-04	  8.5358e-04	  6.0064e+03	  0.0000e+00	  1.4998e-01	  0.0000e+00	
  7.1463e+00	  7.1370e-03	  4.6401e-04	  9.8284e-03	  2.1518e-03	  1.2602e-06	  1.9684e-02	  1.6435e-03	  5.7205e-04	  8.5704e-04	  6.0209e+03	  0.0000e+00	  1.4998e-01	  0.0000e+00	
  7.1447e+00	  7.1502e-03	  4.6452e-04	  9.8498e-03	  2.1565e-03	  1.2653e-06	  1.9741e-02	  1.6494e-03	  5.7256e-04	  8.6038e-04	  6.0349e+03	  0.0000e+00	  1.4998e-01	  0.0000e+00	
  7.1431e+00	  7.1630e-03	  4.6502e-04	  9.8704e-03	  2.1611e-03	  1.2704e-06	  1.9796e-02	  1.6550e-03	  5.7306e-04	  8.6361e-04	  6.0484e+03	  0.0000e+00	  1.4998e-01	  0.0000e+00	
  7.1416e+00	  7.1753e-03	  4.6549e-04	  9.8902e-03	  2.1655e-03	  1.2752e-06	  1.9850e-02	  1.6605e-03	  5.7354e-04	  8.6673e-04	  6.0615e+03	  0.0000e+00	  1.4998e-01	  0.0000e+00	
  7.1402e+00	  7.1872e-03	  4.6595e-04	  9.9094e-03	  2.1698e-03	  1.2799e-06	  1.9901e-02	  1.6658e-03	  5.7400e-04	  8.6973e-04	  6.0741e+03	  0.0000e+00	  1.4998e-01	  0.0000e+00	
  7.1388e+00	  7.1987e-03	  4.6640e-04	  9.9280e-03	  2.1739e-03	  1.2845e-06	  1.9951e-02	  1.6709e-03	  5.7445e-04	  8.7263e-04	  6.0862e+03	  0.0000e+00	  1.4998e-01	  0.0000e+00	
  7.1374e+00	  7.2098e-03	  4.6683e-04	  9.9459e-03	  2.1778e-03	  1.2889e-06	  1.9999e-02	  1.6758e-03	  5.7488e-04	  8.7544e-04	  6.0980e+03	  0.0000e+00	  1.4998e-01	  0.0000e+00	
  7.1361e+00	  7.2205e-03	  4.6724e-04	  9.9631e-03	  2.1817e-03	  1.2933e-06	  2.0045e-02	  1.6805e-03	  5.7529e-04	  8.7814e-04	  6.1093e+03	  0.0000e+00	  1.4998e-01	  0.0000e+00	
  7.1348e+00	  7.2308e-03	  4.6764e-04	  9.9798e-03	  2.1854e-03	  1.2974e-06	  2.0090e-02	  1.6851e-03	  5.7569e-04	  8.8075e-04	  6.1202e+03	  0.0000e+00	  1.4998e-01	  0.0000e+00	
  7.1336e+00	  7.2408e-03	  4.6802e-04	  9.9959e-03	  2.1890e-03	  1.3015e-06	  2.0133e-02	  1.6895e-03	  5.7607e-04	  8.8327e-04	  6.1308e+03	  0.0000e+00	  1.4998e-01	  0.0000e+00	
  7.1324e+00	  7.2505e-03	  4.6840e-04	  1.0011e-02	  2.1924e-03	  1.3054e-06	  2.0174e-02	  1.6938e-03	  5.7645e-04	  8.8570e-04	  6.1409e+03	  0.0000e+00	  1.4998e-01	  0.0000e+00	
  7.1313e+00	  7.2598e-03	  4.6875e-04	  1.0026e-02	  2.1957e-03	  1.3092e-06	  2.0215e-02	  1.6979e-03	  5.7681e-04	  8.8805e-04	  6.1508e+03	  0.0000e+00	  1.4998e-01	  0.0000e+00	
  7.1302e+00	  7.2688e-03	  4.6910e-04	  1.0041e-02	  2.1990e-03	  1.3129e-06	  2.0253e-02	  1.7019e-03	  5.7715e-04	  8.9032e-04	  6.1603e+03	  0.0000e+00	  1.4998e-01	  0.0000e+00	
  7.1291e+00	  7.2775e-03	  4.6943e-04	  1.0055e-02	  2.2021e-03	  1.3165e-06	  2.0291e-02	  1.7057e-03	  5.7748e-04	  8.9251e-04	  6.1694e+03	  0.0000e+00	  1.4998e-01	  0.0000e+00	
  7.1281e+00	  7.2859e-03	  4.6976e-04	  1.0068e-02	  2.2051e-03	  1.3200e-06	  2.0327e-02	  1.7094e-03	  5.7781e-04	  8.9462e-04	  6.1782e+03	  0.0000e+00	  1.4998e-01	  0.0000e+00	
  7.1271e+00	  7.2940e-03	  4.7007e-04	  1.0082e-02	  2.2080e-03	  1.3233e-06	  2.0362e-02	  1.7130e-03	  5.7812e-04	  8.9666e-04	  6.1868e+03	  0.0000e+00	  1.4998e-01	  0.0000e+00	
  7.1261e+00	  7.3018e-03	  4.7037e-04	  1.0094e-02	  2.2108e-03	  1.3266e-06	  2.0396e-02	  1.7165e-03	  5.7842e-04	  8.9863e-04	  6.1950e+03	  0.0000e+00	  1.4998e-01	  0.0000e+00	
  7.1252e+00	  7.3094e-03	  4.7066e-04	  1.0106e-02	  2.2135e-03	  1.3297e-06	  2.0428e-02	  1.7198e-03	  5.7871e-04	  9.0053e-04	  6.2030e+03	  0.0000e+00	  1.4998e-01	  0.0000e+00	
  7.1243e+00	  7.3167e-03	  4.7094e-04	  1.0118e-02	  2.2161e-03	  1.3328e-06	  2.0459e-02	  1.7230e-03	  5.7899e-04	  9.0236e-04	  6.2106e+03	  0.0000e+00	  1.4998e-01	  0.0000e+00	
  7.1234e+00	  7.3237e-03	  4.7121e-04	  1.0129e-02	  2.2186e-03	  1.3357e-06	  2.0490e-02	  1.7261e-03	  5.7925e-04	  9.0413e-04	  6.2180e+03	  0.0000e+00	  1.4998e-01	  0.0000e+00	
  7.1226e+00	  7.3305e-03	  4.7147e-04	  1.0140e-02	  2.2210e-03	  1.3386e-06	  2.0519e-02	  1.7291e-03	  5.7951e-04	  9.0584e-04	  6.2252e+03	  0.0000e+00	  1.4998e-01	  0.0000e+00	
  7.1218e+00	  7.3371e-03	  4.7172e-04	  1.0151e-02	  2.2234e-03	  1.3414e-06	  2.0547e-02	  1.7320e-03	  5.7977e-04	  9.0749e-04	  6.2321e+03	  0.0000e+00	  1.4998e-01	  0.0000e+00	
  7.1210e+00	  7.3435e-03	  4.7196e-04	  1.0161e-02	  2.2256e-03	  1.3441e-06	  2.0575e-02	  1.7348e-03	  5.8001e-04	  9.0909e-04	  6.2388e+03	  0.0000e+00	  1.4998e-01	  0.0000e+00	
  7.1203e+00	  7.3496e-03	  4.7220e-04	  1.0171e-02	  2.2278e-03	  1.3467e-06	  2.0601e-02	  1.7375e-03	  5.8024e-04	  9.1062e-04	  6.2452e+03	  0.0000e+00	  1.4998e-01	  0.0000e+00	
  7.1196e+00	  7.3555e-03	  4.7242e-04	  1.0180e-02	  2.2299e-03	  1.3492e-06	  2.0626e-02	  1.7401e-03	  5.8047e-04	  9.1211e-04	  6.2514e+03	  0.0000e+00	  1.4998e-01	  0.0000e+00	
  7.1189e+00	  7.3612e-03	  4.7264e-04	  1.0190e-02	  2.2320e-03	  1.3516e-06	  2.0651e-02	  1.7426e-03	  5.8068e-04	  9.1354e-04	  6.2574e+03	  0.0000e+00	  1.4998e-01	  0.0000e+00	
  7.1182e+00	  7.3668e-03	  4.7285e-04	  1.0198e-02	  2.2339e-03	  1.3540e-06	  2.0675e-02	  1.7450e-03	  5.8089e-04	  9.1493e-04	  6.2632e+03	  0.0000e+00	  1.4998e-01	  0.0000e+00	
  7.1175e+00	  7.3721e-03	  4.7305e-04	  1.0207e-02	  2.2358e-03	  1.3563e-06	  2.0698e-02	  1.7474e-03	  5.8110e-04	  9.1626e-04	  6.2688e+03	  0.0000e+00	  1.4998e-01	  0.0000e+00	
  7.1169e+00	  7.3772e-03	  4.7325e-04	  1.0215e-02	  2.2377e-03	  1.3585e-06	  2.0720e-02	  1.7496e-03	  5.8129e-04	  9.1755e-04	  6.2742e+03	  0.0000e+00	  1.4998e-01	  0.0000e+00	
  7.1163e+00	  7.3822e-03	  4.7344e-04	  1.0223e-02	  2.2394e-03	  1.3606e-06	  2.0741e-02	  1.7518e-03	  5.8148e-04	  9.1880e-04	  6.2794e+03	  0.0000e+00	  1.4998e-01	  0.0000e+00	
  7.1157e+00	  7.3870e-03	  4.7362e-04	  1.0231e-02	  2.2411e-03	  1.3627e-06	  2.0762e-02	  1.7539e-03	  5.8166e-04	  9.2000e-04	  6.2844e+03	  0.0000e+00	  1.4998e-01	  0.0000e+00	
  7.1151e+00	  7.3917e-03	  4.7380e-04	  1.0238e-02	  2.2428e-03	  1.3647e-06	  2.0782e-02	  1.7560e-03	  5.8184e-04	  9.2117e-04	  6.2893e+03	  0.0000e+00	  1.4998e-01	  0.0000e+00	
  7.1146e+00	  7.3961e-03	  4.7397e-04	  1.0246e-02	  2.2444e-03	  1.3666e-06	  2.0801e-02	  1.7579e-03	  5.8201e-04	  9.2229e-04	  6.2940e+03	  0.0000e+00	  1.4998e-01	  0.0000e+00	
  7.1141e+00	  7.4005e-03	  4.7413e-04	  1.0253e-02	  2.2459e-03	  1.3685e-06	  2.0819e-02	  1.7598e-03	  5.8217e-04	  9.2337e-04	  6.2985e+03	  0.0000e+00	  1.4998e-01	  0.0000e+00	
  7.1136e+00	  7.4046e-03	  4.7429e-04	  1.0259e-02	  2.2474e-03	  1.3703e-06	  2.0837e-02	  1.7617e-03	  5.8233e-04	  9.2441e-04	  6.3029e+03	  0.0000e+00	  1.4998e-01	  0.0000e+00	
  7.1131e+00	  7.4087e-03	  4.7445e-04	  1.0266e-02	  2.2489e-03	  1.3721e-06	  2.0855e-02	  1.7634e-03	  5.8248e-04	  9.2542e-04	  6.3071e+03	  0.0000e+00	  1.4998e-01	  0.0000e+00	
  7.1126e+00	  7.4126e-03	  4.7459e-04	  1.0272e-02	  2.2503e-03	  1.3738e-06	  2.0871e-02	  1.7652e-03	  5.8263e-04	  9.2640e-04	  6.3112e+03	  0.0000e+00	  1.4998e-01	  0.0000e+00	
  7.1121e+00	  7.4163e-03	  4.7474e-04	  1.0278e-02	  2.2516e-03	  1.3754e-06	  2.0887e-02	  1.7668e-03	  5.8277e-04	  9.2734e-04	  6.3151e+03	  0.0000e+00	  1.4998e-01	  0.0000e+00	
  7.1117e+00	  7.4200e-03	  4.7488e-04	  1.0284e-02	  2.2529e-03	  1.3770e-06	  2.0903e-02	  1.7684e-03	  5.8291e-04	  9.2825e-04	  6.3189e+03	  0.0000e+00	  1.4998e-01	  0.0000e+00	
  7.1113e+00	  7.4235e-03	  4.7501e-04	  1.0289e-02	  2.2541e-03	  1.3785e-06	  2.0918e-02	  1.7699e-03	  5.8304e-04	  9.2912e-04	  6.3225e+03	  0.0000e+00	  1.4998e-01	  0.0000e+00	
  7.1109e+00	  7.4268e-03	  4.7514e-04	  1.0295e-02	  2.2553e-03	  1.3800e-06	  2.0932e-02	  1.7714e-03	  5.8317e-04	  9.2997e-04	  6.3261e+03	  0.0000e+00	  1.4998e-01	  0.0000e+00	
  7.1105e+00	  7.4301e-03	  4.7526e-04	  1.0300e-02	  2.2565e-03	  1.3814e-06	  2.0946e-02	  1.7728e-03	  5.8329e-04	  9.3079e-04	  6.3295e+03	  0.0000e+00	  1.4998e-01	  0.0000e+00	
  7.1101e+00	  7.4333e-03	  4.7538e-04	  1.0305e-02	  2.2576e-03	  1.3828e-06	  2.0960e-02	  1.7742e-03	  5.8341e-04	  9.3158e-04	  6.3328e+03	  0.0000e+00	  1.4998e-01	  0.0000e+00	
  7.1097e+00	  7.4363e-03	  4.7550e-04	  1.0310e-02	  2.2587e-03	  1.3842e-06	  2.0973e-02	  1.7756e-03	  5.8352e-04	  9.3234e-04	  6.3360e+03	  0.0000e+00	  1.4998e-01	  0.0000e+00	
  7.1093e+00	  7.4393e-03	  4.7561e-04	  1.0315e-02	  2.2598e-03	  1.3855e-06	  2.0986e-02	  1.7769e-03	  5.8364e-04	  9.3307e-04	  6.3391e+03	  0.0000e+00	  1.4998e-01	  0.0000e+00	
  7.1090e+00	  7.4421e-03	  4.7572e-04	  1.0319e-02	  2.2608e-03	  1.3867e-06	  2.0998e-02	  1.7781e-03	  5.8374e-04	  9.3378e-04	  6.3420e+03	  0.0000e+00	  1.4998e-01	  0.0000e+00	
  7.1087e+00	  7.4449e-03	  4.7582e-04	  1.0324e-02	  2.2618e-03	  1.3879e-06	  2.1010e-02	  1.7793e-03	  5.8385e-04	  9.3447e-04	  6.3449e+03	  0.0000e+00	  1.4998e-01	  0.0000e+00	
  7.1083e+00	  7.4475e-03	  4.7592e-04	  1.0328e-02	  2.2627e-03	  1.3891e-06	  2.1021e-02	  1.7805e-03	  5.8395e-04	  9.3513e-04	  6.3477e+03	  0.0000e+00	  1.4998e-01	  0.0000e+00	
  7.1080e+00	  7.4501e-03	  4.7602e-04	  1.0332e-02	  2.2636e-03	  1.3902e-06	  2.1032e-02	  1.7816e-03	  5.8404e-04	  9.3577e-04	  6.3503e+03	  0.0000e+00	  1.4998e-01	  0.0000e+00	
  7.1077e+00	  7.4525e-03	  4.7611e-04	  1.0336e-02	  2.2645e-03	  1.3913e-06	  2.1043e-02	  1.7827e-03	  5.8413e-04	  9.3639e-04	  6.3529e+03	  0.0000e+00	  1.4998e-01	  0.0000e+00	
  7.1074e+00	  7.4549e-03	  4.7620e-04	  1.0340e-02	  2.2653e-03	  1.3924e-06	  2.1053e-02	  1.7837e-03	  5.8422e-04	  9.3699e-04	  6.3554e+03	  0.0000e+00	  1.4998e-01	  0.0000e+00	
  7.1071e+00	  7.4572e-03	  4.7629e-04	  1.0344e-02	  2.2662e-03	  1.3934e-06	  2.1063e-02	  1.7847e-03	  5.8431e-04	  9.3756e-04	  6.3578e+03	  0.0000e+00	  1.4998e-01	  0.0000e+00	
  7.1069e+00	  7.4595e-03	  4.7637e-04	  1.0347e-02	  2.2669e-03	  1.3944e-06	  2.1072e-02	  1.7857e-03	  5.8439e-04	  9.3812e-04	  6.3601e+03	  0.0000e+00	  1.4998e-01	  0.0000e+00	
  7.1066e+00	  7.4616e-03	  4.7646e-04	  1.0351e-02	  2.2677e-03	  1.3954e-06	  2.1081e-02	  1.7866e-03	  5.8448e-04	  9.3865e-04	  6.3624e+03	  0.0000e+00	  1.4998e-01	  0.0000e+00	
  7.1064e+00	  7.4637e-03	  4.7653e-04	  1.0354e-02	  2.2684e-03	  1.3963e-06	  2.1090e-02	  1.7875e-03	  5.8455e-04	  9.3917e-04	  6.3645e+03	  0.0000e+00	  1.4998e-01	  0.0000e+00	
  7.1061e+00	  7.4657e-03	  4.7661e-04	  1.0357e-02	  2.2692e-03	  1.3972e-06	  2.1099e-02	  1.7884e-03	  5.8463e-04	  9.3967e-04	  6.3666e+03	  0.0000e+00	  1.4998e-01	  0.0000e+00	
  7.1059e+00	  7.4676e-03	  4.7668e-04	  1.0360e-02	  2.2699e-03	  1.3980e-06	  2.1107e-02	  1.7893e-03	  5.8470e-04	  9.4016e-04	  6.3686e+03	  0.0000e+00	  1.4998e-01	  0.0000e+00	
  7.1056e+00	  7.4695e-03	  4.7675e-04	  1.0363e-02	  2.2705e-03	  1.3989e-06	  2.1115e-02	  1.7901e-03	  5.8477e-04	  9.4062e-04	  6.3706e+03	  0.0000e+00	  1.4998e-01	  0.0000e+00	
  7.1054e+00	  7.4713e-03	  4.7682e-04	  1.0366e-02	  2.2712e-03	  1.3997e-06	  2.1123e-02	  1.7909e-03	  5.8484e-04	  9.4107e-04	  6.3725e+03	  0.0000e+00	  1.4998e-01	  0.0000e+00	
  7.1052e+00	  7.4730e-03	  4.7689e-04	  1.0369e-02	  2.2718e-03	  1.4005e-06	  2.1130e-02	  1.7916e-03	  5.8490e-04	  9.4151e-04	  6.3743e+03	  0.0000e+00	  1.4998e-01	  0.0000e+00	
  7.1050e+00	  7.4747e-03	  4.7695e-04	  1.0372e-02	  2.2724e-03	  1.4012e-06	  2.1137e-02	  1.7924e-03	  5.8497e-04	  9.4193e-04	  6.3760e+03	  0.0000e+00	  1.4998e-01	  0.0000e+00	
  7.1048e+00	  7.4763e-03	  4.7701e-04	  1.0374e-02	  2.2730e-03	  1.4019e-06	  2.1144e-02	  1.7931e-03	  5.8503e-04	  9.4233e-04	  6.3777e+03	  0.0000e+00	  1.4998e-01	  0.0000e+00	
  7.1046e+00	  7.4779e-03	  4.7707e-04	  1.0377e-02	  2.2735e-03	  1.4026e-06	  2.1151e-02	  1.7938e-03	  5.8509e-04	  9.4272e-04	  6.3794e+03	  0.0000e+00	  1.4998e-01	  0.0000e+00	
  7.1044e+00	  7.4794e-03	  4.7713e-04	  1.0379e-02	  2.2741e-03	  1.4033e-06	  2.1158e-02	  1.7944e-03	  5.8514e-04	  9.4310e-04	  6.3810e+03	  0.0000e+00	  1.4998e-01	  0.0000e+00	
  7.1043e+00	  7.4809e-03	  4.7719e-04	  1.0381e-02	  2.2746e-03	  1.4040e-06	  2.1164e-02	  1.7951e-03	  5.8520e-04	  9.4347e-04	  6.3825e+03	  0.0000e+00	  1.4998e-01	  0.0000e+00	
  7.1041e+00	  7.4823e-03	  4.7724e-04	  1.0384e-02	  2.2751e-03	  1.4046e-06	  2.1170e-02	  1.7957e-03	  5.8525e-04	  9.4382e-04	  6.3840e+03	  0.0000e+00	  1.4998e-01	  0.0000e+00	
  7.1039e+00	  7.4837e-03	  4.7729e-04	  1.0386e-02	  2.2756e-03	  1.4052e-06	  2.1176e-02	  1.7963e-03	  5.8530e-04	  9.4416e-04	  6.3854e+03	  0.0000e+00	  1.4998e-01	  0.0000e+00	
  7.1038e+00	  7.4850e-03	  4.7734e-04	  1.0388e-02	  2.2760e-03	  1.4058e-06	  2.1181e-02	  1.7969e-03	  5.8535e-04	  9.4449e-04	  6.3867e+03	  0.0000e+00	  1.4998e-01	  0.0000e+00	
  7.1036e+00	  7.4862e-03	  4.7739e-04	  1.0390e-02	  2.2765e-03	  1.4064e-06	  2.1187e-02	  1.7974e-03	  5.8540e-04	  9.4480e-04	  6.3881e+03	  0.0000e+00	  1.4998e-01	  0.0000e+00	
  7.1035e+00	  7.4875e-03	  4.7744e-04	  1.0392e-02	  2.2769e-03	  1.4069e-06	  2.1192e-02	  1.7980e-03	  5.8545e-04	  9.4511e-04	  6.3894e+03	  0.0000e+00	  1.4998e-01	  0.0000e+00	
  7.1033e+00	  7.4887e-03	  4.7748e-04	  1.0394e-02	  2.2773e-03	  1.4075e-06	  2.1197e-02	  1.7985e-03	  5.8549e-04	  9.4541e-04	  6.3906e+03	  0.0000e+00	  1.4998e-01	  0.0000e+00	
  7.1032e+00	  7.4898e-03	  4.7752e-04	  1.0396e-02	  2.2777e-03	  1.4080e-06	  2.1202e-02	  1.7990e-03	  5.8553e-04	  9.4569e-04	  6.3918e+03	  0.0000e+00	  1.4998e-01	  0.0000e+00	
  7.1030e+00	  7.4909e-03	  4.7757e-04	  1.0398e-02	  2.2781e-03	  1.4085e-06	  2.1207e-02	  1.7995e-03	  5.8557e-04	  9.4597e-04	  6.3929e+03	  0.0000e+00	  1.4998e-01	  0.0000e+00	
  7.1029e+00	  7.4920e-03	  4.7761e-04	  1.0399e-02	  2.2785e-03	  1.4090e-06	  2.1211e-02	  1.7999e-03	  5.8561e-04	  9.4623e-04	  6.3940e+03	  0.0000e+00	  1.4998e-01	  0.0000e+00	
  7.1028e+00	  7.4930e-03	  4.7764e-04	  1.0401e-02	  2.2789e-03	  1.4094e-06	  2.1216e-02	  1.8004e-03	  5.8565e-04	  9.4649e-04	  6.3951e+03	  0.0000e+00	  1.4998e-01	  0.0000e+00	
  7.1027e+00	  7.4940e-03	  4.7768e-04	  1.0402e-02	  2.2792e-03	  1.4099e-06	  2.1220e-02	  1.8008e-03	  5.8569e-04	  9.4674e-04	  6.3962e+03	  0.0000e+00	  1.4998e-01	  0.0000e+00	
  7.1025e+00	  7.4950e-03	  4.7772e-04	  1.0404e-02	  2.2796e-03	  1.4103e-06	  2.1224e-02	  1.8012e-03	  5.8573e-04	  9.4698e-04	  6.3972e+03	  0.0000e+00	  1.4998e-01	  0.0000e+00	
  7.1024e+00	  7.4959e-03	  4.7775e-04	  1.0406e-02	  2.2799e-03	  1.4107e-06	  2.1228e-02	  1.8016e-03	  5.8576e-04	  9.4721e-04	  6.3981e+03	  0.0000e+00	  1.4998e-01	  0.0000e+00	
  7.1023e+00	  7.4968e-03	  4.7779e-04	  1.0407e-02	  2.2802e-03	  1.4111e-06	  2.1232e-02	  1.8020e-03	  5.8579e-04	  9.4743e-04	  6.3991e+03	  0.0000e+00	  1.4998e-01	  0.0000e+00	
  7.1022e+00	  7.4977e-03	  4.7782e-04	  1.0408e-02	  2.2805e-03	  1.4115e-06	  2.1236e-02	  1.8024e-03	  5.8583e-04	  9.4765e-04	  6.4000e+03	  0.0000e+00	  1.4998e-01	  0.0000e+00	
  7.1021e+00	  7.4985e-03	  4.7785e-04	  1.0410e-02	  2.2808e-03	  1.4119e-06	  2.1239e-02	  1.8028e-03	  5.8586e-04	  9.4786e-04	  6.4008e+03	  0.0000e+00	  1.4998e-01	  0.0000e+00	
  7.1020e+00	  7.4993e-03	  4.7788e-04	  1.0411e-02	  2.2811e-03	  1.4123e-06	  2.1243e-02	  1.8031e-03	  5.8589e-04	  9.4806e-04	  6.4017e+03	  0.0000e+00	  1.4998e-01	  0.0000e+00	
  7.1019e+00	  7.5001e-03	  4.7791e-04	  1.0412e-02	  2.2814e-03	  1.4126e-06	  2.1246e-02	  1.8035e-03	  5.8592e-04	  9.4825e-04	  6.4025e+03	  0.0000e+00	  1.4998e-01	  0.0000e+00	
  7.1018e+00	  7.5008e-03	  4.7794e-04	  1.0413e-02	  2.2817e-03	  1.4130e-06	  2.1249e-02	  1.8038e-03	  5.8595e-04	  9.4844e-04	  6.4033e+03	  0.0000e+00	  1.4998e-01	  0.0000e+00	
  7.1017e+00	  7.5016e-03	  4.7797e-04	  1.0415e-02	  2.2819e-03	  1.4133e-06	  2.1252e-02	  1.8041e-03	  5.8597e-04	  9.4862e-04	  6.4040e+03	  0.0000e+00	  1.4998e-01	  0.0000e+00	
  7.1016e+00	  7.5023e-03	  4.7799e-04	  1.0416e-02	  2.2822e-03	  1.4136e-06	  2.1255e-02	  1.8044e-03	  5.8600e-04	  9.4880e-04	  6.4047e+03	  0.0000e+00	  1.4998e-01	  0.0000e+00	
  7.1016e+00	  7.5029e-03	  4.7802e-04	  1.0417e-02	  2.2824e-03	  1.4139e-06	  2.1258e-02	  1.8047e-03	  5.8602e-04	  9.4897e-04	  6.4055e+03	  0.0000e+00	  1.4998e-01	  0.0000e+00	
  7.1015e+00	  7.5036e-03	  4.7804e-04	  1.0418e-02	  2.2826e-03	  1.4142e-06	  2.1261e-02	  1.8050e-03	  5.8605e-04	  9.4913e-04	  6.4061e+03	  0.0000e+00	  1.4998e-01	  0.0000e+00	
  7.1014e+00	  7.5042e-03	  4.7807e-04	  1.0419e-02	  2.2829e-03	  1.4145e-06	  2.1264e-02	  1.8053e-03	  5.8607e-04	  9.4929e-04	  6.4068e+03	  0.0000e+00	  1.4998e-01	  0.0000e+00	
  7.1013e+00	  7.5048e-03	  4.7809e-04	  1.0420e-02	  2.2831e-03	  1.4148e-06	  2.1266e-02	  1.8055e-03	  5.8610e-04	  9.4944e-04	  6.4074e+03	  0.0000e+00	  1.4998e-01	  0.0000e+00	
  7.1013e+00	  7.5054e-03	  4.7811e-04	  1.0421e-02	  2.2833e-03	  1.4150e-06	  2.1269e-02	  1.8058e-03	  5.8612e-04	  9.4958e-04	  6.4080e+03	  0.0000e+00	  1.4998e-01	  0.0000e+00	
  7.1012e+00	  7.5060e-03	  4.7813e-04	  1.0422e-02	  2.2835e-03	  1.4153e-06	  2.1271e-02	  1.8061e-03	  5.8614e-04	  9.4973e-04	  6.4086e+03	  0.0000e+00	  1.4998e-01	  0.0000e+00	
  7.1011e+00	  7.5065e-03	  4.7816e-04	  1.0423e-02	  2.2837e-03	  1.4155e-06	  2.1274e-02	  1.8063e-03	  5.8616e-04	  9.4986e-04	  6.4092e+03	  0.0000e+00	  1.4998e-01	  0.0000e+00	
  7.1011e+00	  7.5071e-03	  4.7818e-04	  1.0423e-02	  2.2839e-03	  1.4158e-06	  2.1276e-02	  1.8065e-03	  5.8618e-04	  9.5000e-04	  6.4098e+03	  0.0000e+00	  1.4998e-01	  0.0000e+00	
  7.1010e+00	  7.5076e-03	  4.7819e-04	  1.0424e-02	  2.2841e-03	  1.4160e-06	  2.1278e-02	  1.8067e-03	  5.8620e-04	  9.5012e-04	  6.4103e+03	  0.0000e+00	  1.4998e-01	  0.0000e+00	
  7.1009e+00	  7.5081e-03	  4.7821e-04	  1.0425e-02	  2.2842e-03	  1.4162e-06	  2.1280e-02	  1.8070e-03	  5.8622e-04	  9.5025e-04	  6.4108e+03	  0.0000e+00	  1.4998e-01	  0.0000e+00	
  7.1009e+00	  7.5085e-03	  4.7823e-04	  1.0426e-02	  2.2844e-03	  1.4164e-06	  2.1282e-02	  1.8072e-03	  5.8623e-04	  9.5037e-04	  6.4113e+03	  0.0000e+00	  1.4998e-01	  0.0000e+00	
  7.1008e+00	  7.5090e-03	  4.7825e-04	  1.0426e-02	  2.2846e-03	  1.4167e-06	  2.1284e-02	  1.8074e-03	  5.8625e-04	  9.5048e-04	  6.4118e+03	  0.0000e+00	  1.4998e-01	  0.0000e+00	
  7.1008e+00	  7.5095e-03	  4.7827e-04	  1.0427e-02	  2.2847e-03	  1.4169e-06	  2.1286e-02	  1.8076e-03	  5.8627e-04	  9.5059e-04	  6.4122e+03	  0.0000e+00	  1.4998e-01	  0.0000e+00	
  7.1007e+00	  7.5099e-03	  4.7828e-04	  1.0428e-02	  2.2849e-03	  1.4171e-06	  2.1288e-02	  1.8078e-03	  5.8628e-04	  9.5070e-04	  6.4127e+03	  0.0000e+00	  1.4998e-01	  0.0000e+00	
  7.1007e+00	  7.5103e-03	  4.7830e-04	  1.0429e-02	  2.2850e-03	  1.4172e-06	  2.1290e-02	  1.8079e-03	  5.8630e-04	  9.5080e-04	  6.4131e+03	  0.0000e+00	  1.4998e-01	  0.0000e+00	
  7.1006e+00	  7.5107e-03	  4.7831e-04	  1.0429e-02	  2.2852e-03	  1.4174e-06	  2.1291e-02	  1.8081e-03	  5.8631e-04	  9.5090e-04	  6.4135e+03	  0.0000e+00	  1.4998e-01	  0.0000e+00	
  7.1006e+00	  7.5111e-03	  4.7833e-04	  1.0430e-02	  2.2853e-03	  1.4176e-06	  2.1293e-02	  1.8083e-03	  5.8633e-04	  9.5100e-04	  6.4139e+03	  0.0000e+00	  1.4998e-01	  0.0000e+00	
  7.1005e+00	  7.5115e-03	  4.7834e-04	  1.0430e-02	  2.2854e-03	  1.4178e-06	  2.1295e-02	  1.8084e-03	  5.8634e-04	  9.5109e-04	  6.4143e+03	  0.0000e+00	  1.4998e-01	  0.0000e+00	
  7.1005e+00	  7.5118e-03	  4.7835e-04	  1.0431e-02	  2.2856e-03	  1.4179e-06	  2.1296e-02	  1.8086e-03	  5.8636e-04	  9.5118e-04	  6.4147e+03	  0.0000e+00	  1.4998e-01	  0.0000e+00	
  7.1004e+00	  7.5122e-03	  4.7837e-04	  1.0432e-02	  2.2857e-03	  1.4181e-06	  2.1298e-02	  1.8088e-03	  5.8637e-04	  9.5127e-04	  6.4151e+03	  0.0000e+00	  1.4998e-01	  0.0000e+00	
  7.1004e+00	  7.5125e-03	  4.7838e-04	  1.0432e-02	  2.2858e-03	  1.4182e-06	  2.1299e-02	  1.8089e-03	  5.8638e-04	  9.5135e-04	  6.4154e+03	  0.0000e+00	  1.4998e-01	  0.0000e+00	
  7.1004e+00	  7.5128e-03	  4.7839e-04	  1.0433e-02	  2.2859e-03	  1.4184e-06	  2.1300e-02	  1.8090e-03	  5.8639e-04	  9.5143e-04	  6.4158e+03	  0.0000e+00	  1.4998e-01	  0.0000e+00	
  7.1003e+00	  7.5131e-03	  4.7840e-04	  1.0433e-02	  2.2860e-03	  1.4185e-06	  2.1302e-02	  1.8092e-03	  5.8641e-04	  9.5151e-04	  6.4161e+03	  0.0000e+00	  1.4998e-01	  0.0000e+00	
  7.1003e+00	  7.5134e-03	  4.7842e-04	  1.0434e-02	  2.2861e-03	  1.4187e-06	  2.1303e-02	  1.8093e-03	  5.8642e-04	  9.5159e-04	  6.4164e+03	  0.0000e+00	  1.4998e-01	  0.0000e+00	
  7.1002e+00	  7.5137e-03	  4.7843e-04	  1.0434e-02	  2.2862e-03	  1.4188e-06	  2.1304e-02	  1.8094e-03	  5.8643e-04	  9.5166e-04	  6.4167e+03	  0.0000e+00	  1.4998e-01	  0.0000e+00	
  7.1002e+00	  7.5140e-03	  4.7844e-04	  1.0434e-02	  2.2863e-03	  1.4189e-06	  2.1306e-02	  1.8096e-03	  5.8644e-04	  9.5173e-04	  6.4170e+03	  0.0000e+00	  1.4998e-01	  0.0000e+00	
  7.1002e+00	  7.5143e-03	  4.7845e-04	  1.0435e-02	  2.2864e-03	  1.4191e-06	  2.1307e-02	  1.8097e-03	  5.8645e-04	  9.5180e-04	  6.4173e+03	  0.0000e+00	  1.4998e-01	  0.0000e+00	
  7.1001e+00	  7.5145e-03	  4.7846e-04	  1.0435e-02	  2.2865e-03	  1.4192e-06	  2.1308e-02	  1.8098e-03	  5.8646e-04	  9.5186e-04	  6.4175e+03	  0.0000e+00	  1.4998e-01	  0.0000e+00	
  7.1001e+00	  7.5148e-03	  4.7847e-04	  1.0436e-02	  2.2866e-03	  1.4193e-06	  2.1309e-02	  1.8099e-03	  5.8647e-04	  9.5193e-04	  6.4178e+03	  0.0000e+00	  1.4998e-01	  0.0000e+00	
  7.1001e+00	  7.5150e-03	  4.7848e-04	  1.0436e-02	  2.2867e-03	  1.4194e-06	  2.1310e-02	  1.8100e-03	  5.8648e-04	  9.5199e-04	  6.4181e+03	  0.0000e+00	  1.4998e-01	  0.0000e+00	
  7.1001e+00	  7.5153e-03	  4.7849e-04	  1.0437e-02	  2.2868e-03	  1.4195e-06	  2.1311e-02	  1.8101e-03	  5.8649e-04	  9.5205e-04	  6.4183e+03	  0.0000e+00	  1.4998e-01	  0.0000e+00	
  7.1000e+00	  7.5155e-03	  4.7849e-04	  1.0437e-02	  2.2869e-03	  1.4196e-06	  2.1312e-02	  1.8102e-03	  5.8649e-04	  9.5210e-04	  6.4186e+03	  0.0000e+00	  1.4998e-01	  0.0000e+00	
  7.1000e+00	  7.5157e-03	  4.7850e-04	  1.0437e-02	  2.2870e-03	  1.4197e-06	  2.1313e-02	  1.8103e-03	  5.8650e-04	  9.5216e-04	  6.4188e+03	  0.0000e+00	  1.4998e-01	  0.0000e+00	
  7.1000e+00	  7.5159e-03	  4.7851e-04	  1.0438e-02	  2.2870e-03	  1.4198e-06	  2.1314e-02	  1.8104e-03	  5.8651e-04	  9.5221e-04	  6.4190e+03	  0.0000e+00	  1.4998e-01	  0.0000e+00	
  7.1000e+00	  7.5162e-03	  4.7852e-04	  1.0438e-02	  2.2871e-03	  1.4199e-06	  2.1315e-02	  1.8105e-03	  5.8652e-04	  9.5226e-04	  6.4192e+03	  0.0000e+00	  1.4998e-01	  0.0000e+00	
  7.0999e+00	  7.5164e-03	  4.7853e-04	  1.0438e-02	  2.2872e-03	  1.4200e-06	  2.1316e-02	  1.8106e-03	  5.8653e-04	  9.5231e-04	  6.4194e+03	  0.0000e+00	  1.4998e-01	  0.0000e+00	
  7.0999e+00	  7.5165e-03	  4.7853e-04	  1.0439e-02	  2.2872e-03	  1.4201e-06	  2.1316e-02	  1.8107e-03	  5.8653e-04	  9.5236e-04	  6.4196e+03	  0.0000e+00	  1.4998e-01	  0.0000e+00	
  7.0999e+00	  7.5167e-03	  4.7854e-04	  1.0439e-02	  2.2873e-03	  1.4202e-06	  2.1317e-02	  1.8107e-03	  5.8654e-04	  9.5241e-04	  6.4198e+03	  0.0000e+00	  1.4998e-01	  0.0000e+00	
  7.0999e+00	  7.5169e-03	  4.7855e-04	  1.0439e-02	  2.2874e-03	  1.4203e-06	  2.1318e-02	  1.8108e-03	  5.8655e-04	  9.5245e-04	  6.4200e+03	  0.0000e+00	  1.4998e-01	  0.0000e+00	
  7.0998e+00	  7.5171e-03	  4.7855e-04	  1.0439e-02	  2.2874e-03	  1.4203e-06	  2.1319e-02	  1.8109e-03	  5.8655e-04	  9.5249e-04	  6.4202e+03	  0.0000e+00	  1.4998e-01	  0.0000e+00	
  7.0998e+00	  7.5172e-03	  4.7856e-04	  1.0440e-02	  2.2875e-03	  1.4204e-06	  2.1319e-02	  1.8110e-03	  5.8656e-04	  9.5254e-04	  6.4204e+03	  0.0000e+00	  1.4998e-01	  0.0000e+00	
  7.0998e+00	  7.5174e-03	  4.7857e-04	  1.0440e-02	  2.2876e-03	  1.4205e-06	  2.1320e-02	  1.8110e-03	  5.8657e-04	  9.5258e-04	  6.4205e+03	  0.0000e+00	  1.4998e-01	  0.0000e+00	
  7.0998e+00	  7.5176e-03	  4.7857e-04	  1.0440e-02	  2.2876e-03	  1.4205e-06	  2.1321e-02	  1.8111e-03	  5.8657e-04	  9.5261e-04	  6.4207e+03	  0.0000e+00	  1.4998e-01	  0.0000e+00	
  7.0998e+00	  7.5177e-03	  4.7858e-04	  1.0440e-02	  2.2877e-03	  1.4206e-06	  2.1321e-02	  1.8112e-03	  5.8658e-04	  9.5265e-04	  6.4208e+03	  0.0000e+00	  1.4998e-01	  0.0000e+00	
  7.0997e+00	  7.5179e-03	  4.7858e-04	  1.0441e-02	  2.2877e-03	  1.4207e-06	  2.1322e-02	  1.8112e-03	  5.8658e-04	  9.5269e-04	  6.4210e+03	  0.0000e+00	  1.4998e-01	  0.0000e+00	
  7.0997e+00	  7.5180e-03	  4.7859e-04	  1.0441e-02	  2.2878e-03	  1.4207e-06	  2.1323e-02	  1.8113e-03	  5.8659e-04	  9.5272e-04	  6.4211e+03	  0.0000e+00	  1.4998e-01	  0.0000e+00	
  7.0997e+00	  7.5181e-03	  4.7859e-04	  1.0441e-02	  2.2878e-03	  1.4208e-06	  2.1323e-02	  1.8114e-03	  5.8659e-04	  9.5276e-04	  6.4213e+03	  0.0000e+00	  1.4998e-01	  0.0000e+00	
  7.0997e+00	  7.5183e-03	  4.7860e-04	  1.0441e-02	  2.2879e-03	  1.4209e-06	  2.1324e-02	  1.8114e-03	  5.8660e-04	  9.5279e-04	  6.4214e+03	  0.0000e+00	  1.4998e-01	  0.0000e+00	
  7.0997e+00	  7.5184e-03	  4.7860e-04	  1.0441e-02	  2.2879e-03	  1.4209e-06	  2.1324e-02	  1.8115e-03	  5.8660e-04	  9.5282e-04	  6.4215e+03	  0.0000e+00	  1.4998e-01	  0.0000e+00	
  7.0997e+00	  7.5185e-03	  4.7861e-04	  1.0442e-02	  2.2879e-03	  1.4210e-06	  2.1325e-02	  1.8115e-03	  5.8661e-04	  9.5285e-04	  6.4217e+03	  0.0000e+00	  1.4998e-01	  0.0000e+00	
  7.0997e+00	  7.5186e-03	  4.7861e-04	  1.0442e-02	  2.2880e-03	  1.4210e-06	  2.1325e-02	  1.8116e-03	  5.8661e-04	  9.5288e-04	  6.4218e+03	  0.0000e+00	  1.4998e-01	  0.0000e+00	
  7.0996e+00	  7.5187e-03	  4.7862e-04	  1.0442e-02	  2.2880e-03	  1.4211e-06	  2.1326e-02	  1.8116e-03	  5.8661e-04	  9.5291e-04	  6.4219e+03	  0.0000e+00	  1.4998e-01	  0.0000e+00	
  7.0996e+00	  7.5188e-03	  4.7862e-04	  1.0442e-02	  2.2881e-03	  1.4211e-06	  2.1326e-02	  1.8117e-03	  5.8662e-04	  9.5294e-04	  6.4220e+03	  0.0000e+00	  1.4998e-01	  0.0000e+00	
