          pH	          Na	           K	          Ca	          Mg	         PO4	          Cl	         SO4	         NH4	        HCO3	          sc	         FeS	      Pyrite	     Calcite	       CaPO4	      Fe3PO4	     CaMgCO3	
  7.1752e+00	  1.1965e-02	  4.9263e-04	  1.5220e-03	  1.8123e-03	  8.1986e-05	  1.2516e-02	  3.8049e-04	  3.4444e-04	  5.3769e-06	  3.7652e+03	  0.0000e+00	  0.0000e+00	  0.0000e+00	  0.0000e+00	  0.0000e+00	  0.0000e+00	
  7.1752e+00	  1.1965e-02	  4.9263e-04	  1.5220e-03	  1.8123e-03	  8.1986e-05	  1.2516e-02	  3.8049e-04	  3.4444e-04	  5.3769e-06	  3.7652e+03	  0.0000e+00	  0.0000e+00	  0.0000e+00	  0.0000e+00	  0.0000e+00	  0.0000e+00	
  7.1754e+00	  1.2020e-02	  4.9467e-04	  1.5370e-03	  1.8303e-03	  8.1773e-05	  1.2578e-02	  4.0138e-04	  3.4584e-04	  5.5459e-05	  3.7920e+03	  0.0000e+00	  0.0000e+00	  0.0000e+00	  0.0000e+00	  0.0000e+00	  0.0000e+00	
  7.1760e+00	  1.2073e-02	  4.9661e-04	  1.5514e-03	  1.8474e-03	  8.1574e-05	  1.2637e-02	  4.2142e-04	  3.4718e-04	  1.0246e-04	  3.8176e+03	  0.0000e+00	  0.0000e+00	  0.0000e+00	  0.0000e+00	  0.0000e+00	  0.0000e+00	
  7.1765e+00	  1.2124e-02	  4.9847e-04	  1.5652e-03	  1.8640e-03	  8.1385e-05	  1.2695e-02	  4.4066e-04	  3.4846e-04	  1.4770e-04	  3.8423e+03	  0.0000e+00	  0.0000e+00	  0.0000e+00	  0.0000e+00	  0.0000e+00	  0.0000e+00	
  7.1770e+00	  1.2172e-02	  5.0026e-04	  1.5786e-03	  1.8800e-03	  8.1204e-05	  1.2750e-02	  4.5912e-04	  3.4969e-04	  1.9123e-04	  3.8660e+03	  0.0000e+00	  0.0000e+00	  0.0000e+00	  0.0000e+00	  0.0000e+00	  0.0000e+00	
  7.1775e+00	  1.2219e-02	  5.0198e-04	  1.5916e-03	  1.8954e-03	  8.1032e-05	  1.2803e-02	  4.7684e-04	  3.5088e-04	  2.3314e-04	  3.8889e+03	  0.0000e+00	  0.0000e+00	  0.0000e+00	  0.0000e+00	  0.0000e+00	  0.0000e+00	
  7.1780e+00	  1.2264e-02	  5.0364e-04	  1.6041e-03	  1.9103e-03	  8.0868e-05	  1.2855e-02	  4.9386e-04	  3.5201e-04	  2.7348e-04	  3.9109e+03	  0.0000e+00	  0.0000e+00	  0.0000e+00	  0.0000e+00	  0.0000e+00	  0.0000e+00	
  7.1784e+00	  1.2308e-02	  5.0523e-04	  1.6162e-03	  1.9248e-03	  8.0711e-05	  1.2905e-02	  5.1021e-04	  3.5311e-04	  3.1233e-04	  3.9321e+03	  0.0000e+00	  0.0000e+00	  0.0000e+00	  0.0000e+00	  0.0000e+00	  0.0000e+00	
  7.1789e+00	  1.2350e-02	  5.0677e-04	  1.6279e-03	  1.9387e-03	  8.0561e-05	  1.2953e-02	  5.2592e-04	  3.5416e-04	  3.4973e-04	  3.9525e+03	  0.0000e+00	  0.0000e+00	  0.0000e+00	  0.0000e+00	  0.0000e+00	  0.0000e+00	
  7.1793e+00	  1.2390e-02	  5.0824e-04	  1.6392e-03	  1.9521e-03	  8.0418e-05	  1.2999e-02	  5.4101e-04	  3.5518e-04	  3.8576e-04	  3.9721e+03	  0.0000e+00	  0.0000e+00	  0.0000e+00	  0.0000e+00	  0.0000e+00	  0.0000e+00	
  7.1797e+00	  1.2429e-02	  5.0966e-04	  1.6501e-03	  1.9651e-03	  8.0281e-05	  1.3044e-02	  5.5552e-04	  3.5615e-04	  4.2046e-04	  3.9911e+03	  0.0000e+00	  0.0000e+00	  0.0000e+00	  0.0000e+00	  0.0000e+00	  0.0000e+00	
  7.1801e+00	  1.2466e-02	  5.1103e-04	  1.6606e-03	  1.9777e-03	  8.0150e-05	  1.3087e-02	  5.6947e-04	  3.5709e-04	  4.5389e-04	  4.0093e+03	  0.0000e+00	  0.0000e+00	  0.0000e+00	  0.0000e+00	  0.0000e+00	  0.0000e+00	
  7.1805e+00	  1.2502e-02	  5.1235e-04	  1.6708e-03	  1.9898e-03	  8.0025e-05	  1.3129e-02	  5.8289e-04	  3.5800e-04	  4.8610e-04	  4.0269e+03	  0.0000e+00	  0.0000e+00	  0.0000e+00	  0.0000e+00	  0.0000e+00	  0.0000e+00	
  7.1809e+00	  1.2537e-02	  5.1362e-04	  1.6806e-03	  2.0015e-03	  7.9905e-05	  1.3169e-02	  5.9579e-04	  3.5887e-04	  5.1713e-04	  4.0439e+03	  0.0000e+00	  0.0000e+00	  0.0000e+00	  0.0000e+00	  0.0000e+00	  0.0000e+00	
  7.1813e+00	  1.2571e-02	  5.1484e-04	  1.6901e-03	  2.0128e-03	  7.9791e-05	  1.3208e-02	  6.0819e-04	  3.5970e-04	  5.4703e-04	  4.0602e+03	  0.0000e+00	  0.0000e+00	  0.0000e+00	  0.0000e+00	  0.0000e+00	  0.0000e+00	
  7.1816e+00	  1.2603e-02	  5.1601e-04	  1.6992e-03	  2.0237e-03	  7.9681e-05	  1.3245e-02	  6.2013e-04	  3.6051e-04	  5.7584e-04	  4.0759e+03	  0.0000e+00	  0.0000e+00	  0.0000e+00	  0.0000e+00	  0.0000e+00	  0.0000e+00	
  7.1820e+00	  1.2634e-02	  5.1715e-04	  1.7081e-03	  2.0342e-03	  7.9576e-05	  1.3281e-02	  6.3162e-04	  3.6129e-04	  6.0361e-04	  4.0911e+03	  0.0000e+00	  0.0000e+00	  0.0000e+00	  0.0000e+00	  0.0000e+00	  0.0000e+00	
  7.1823e+00	  1.2664e-02	  5.1824e-04	  1.7166e-03	  2.0444e-03	  7.9475e-05	  1.3316e-02	  6.4267e-04	  3.6204e-04	  6.3038e-04	  4.1057e+03	  0.0000e+00	  0.0000e+00	  0.0000e+00	  0.0000e+00	  0.0000e+00	  0.0000e+00	
  7.1826e+00	  1.2693e-02	  5.1929e-04	  1.7249e-03	  2.0543e-03	  7.9378e-05	  1.3350e-02	  6.5331e-04	  3.6276e-04	  6.5618e-04	  4.1198e+03	  0.0000e+00	  0.0000e+00	  0.0000e+00	  0.0000e+00	  0.0000e+00	  0.0000e+00	
  7.1829e+00	  1.2721e-02	  5.2030e-04	  1.7329e-03	  2.0637e-03	  7.9286e-05	  1.3383e-02	  6.6356e-04	  3.6345e-04	  6.8105e-04	  4.1334e+03	  0.0000e+00	  0.0000e+00	  0.0000e+00	  0.0000e+00	  0.0000e+00	  0.0000e+00	
  7.1832e+00	  1.2748e-02	  5.2128e-04	  1.7406e-03	  2.0729e-03	  7.9197e-05	  1.3414e-02	  6.7342e-04	  3.6412e-04	  7.0503e-04	  4.1465e+03	  0.0000e+00	  0.0000e+00	  0.0000e+00	  0.0000e+00	  0.0000e+00	  0.0000e+00	
  7.1835e+00	  1.2774e-02	  5.2222e-04	  1.7480e-03	  2.0818e-03	  7.9112e-05	  1.3444e-02	  6.8291e-04	  3.6476e-04	  7.2815e-04	  4.1591e+03	  0.0000e+00	  0.0000e+00	  0.0000e+00	  0.0000e+00	  0.0000e+00	  0.0000e+00	
  7.1838e+00	  1.2799e-02	  5.2312e-04	  1.7552e-03	  2.0903e-03	  7.9030e-05	  1.3473e-02	  6.9206e-04	  3.6539e-04	  7.5044e-04	  4.1713e+03	  0.0000e+00	  0.0000e+00	  0.0000e+00	  0.0000e+00	  0.0000e+00	  0.0000e+00	
  7.1841e+00	  1.2823e-02	  5.2400e-04	  1.7621e-03	  2.0986e-03	  7.8952e-05	  1.3502e-02	  7.0086e-04	  3.6598e-04	  7.7193e-04	  4.1831e+03	  0.0000e+00	  0.0000e+00	  0.0000e+00	  0.0000e+00	  0.0000e+00	  0.0000e+00	
  7.1843e+00	  1.2846e-02	  5.2484e-04	  1.7688e-03	  2.1066e-03	  7.8876e-05	  1.3529e-02	  7.0935e-04	  3.6656e-04	  7.9265e-04	  4.1944e+03	  0.0000e+00	  0.0000e+00	  0.0000e+00	  0.0000e+00	  0.0000e+00	  0.0000e+00	
  7.1846e+00	  1.2869e-02	  5.2565e-04	  1.7753e-03	  2.1143e-03	  7.8804e-05	  1.3555e-02	  7.1752e-04	  3.6712e-04	  8.1264e-04	  4.2053e+03	  0.0000e+00	  0.0000e+00	  0.0000e+00	  0.0000e+00	  0.0000e+00	  0.0000e+00	
  7.1849e+00	  1.2890e-02	  5.2643e-04	  1.7816e-03	  2.1217e-03	  7.8735e-05	  1.3580e-02	  7.2539e-04	  3.6765e-04	  8.3191e-04	  4.2159e+03	  0.0000e+00	  0.0000e+00	  0.0000e+00	  0.0000e+00	  0.0000e+00	  0.0000e+00	
  7.1851e+00	  1.2911e-02	  5.2719e-04	  1.7876e-03	  2.1289e-03	  7.8668e-05	  1.3605e-02	  7.3297e-04	  3.6817e-04	  8.5050e-04	  4.2260e+03	  0.0000e+00	  0.0000e+00	  0.0000e+00	  0.0000e+00	  0.0000e+00	  0.0000e+00	
  7.1853e+00	  1.2931e-02	  5.2792e-04	  1.7934e-03	  2.1358e-03	  7.8604e-05	  1.3629e-02	  7.4028e-04	  3.6867e-04	  8.6843e-04	  4.2358e+03	  0.0000e+00	  0.0000e+00	  0.0000e+00	  0.0000e+00	  0.0000e+00	  0.0000e+00	
  7.1855e+00	  1.2951e-02	  5.2862e-04	  1.7991e-03	  2.1425e-03	  7.8542e-05	  1.3651e-02	  7.4732e-04	  3.6915e-04	  8.8572e-04	  4.2453e+03	  0.0000e+00	  0.0000e+00	  0.0000e+00	  0.0000e+00	  0.0000e+00	  0.0000e+00	
  7.1858e+00	  1.2969e-02	  5.2929e-04	  1.8045e-03	  2.1490e-03	  7.8483e-05	  1.3673e-02	  7.5411e-04	  3.6961e-04	  9.0240e-04	  4.2544e+03	  0.0000e+00	  0.0000e+00	  0.0000e+00	  0.0000e+00	  0.0000e+00	  0.0000e+00	
  7.1860e+00	  1.2987e-02	  5.2994e-04	  1.8097e-03	  2.1553e-03	  7.8426e-05	  1.3695e-02	  7.6065e-04	  3.7005e-04	  9.1849e-04	  4.2632e+03	  0.0000e+00	  0.0000e+00	  0.0000e+00	  0.0000e+00	  0.0000e+00	  0.0000e+00	
  7.1862e+00	  1.3005e-02	  5.3057e-04	  1.8148e-03	  2.1613e-03	  7.8372e-05	  1.3715e-02	  7.6695e-04	  3.7048e-04	  9.3402e-04	  4.2717e+03	  0.0000e+00	  0.0000e+00	  0.0000e+00	  0.0000e+00	  0.0000e+00	  0.0000e+00	
  7.1864e+00	  1.3022e-02	  5.3118e-04	  1.8197e-03	  2.1671e-03	  7.8319e-05	  1.3735e-02	  7.7303e-04	  3.7090e-04	  9.4899e-04	  4.2799e+03	  0.0000e+00	  0.0000e+00	  0.0000e+00	  0.0000e+00	  0.0000e+00	  0.0000e+00	
  7.1866e+00	  1.3038e-02	  5.3176e-04	  1.8245e-03	  2.1727e-03	  7.8269e-05	  1.3754e-02	  7.7889e-04	  3.7130e-04	  9.6343e-04	  4.2878e+03	  0.0000e+00	  0.0000e+00	  0.0000e+00	  0.0000e+00	  0.0000e+00	  0.0000e+00	
  7.1867e+00	  1.3054e-02	  5.3233e-04	  1.8290e-03	  2.1782e-03	  7.8220e-05	  1.3773e-02	  7.8453e-04	  3.7168e-04	  9.7737e-04	  4.2954e+03	  0.0000e+00	  0.0000e+00	  0.0000e+00	  0.0000e+00	  0.0000e+00	  0.0000e+00	
  7.1869e+00	  1.3069e-02	  5.3287e-04	  1.8334e-03	  2.1834e-03	  7.8173e-05	  1.3791e-02	  7.8998e-04	  3.7206e-04	  9.9081e-04	  4.3027e+03	  0.0000e+00	  0.0000e+00	  0.0000e+00	  0.0000e+00	  0.0000e+00	  0.0000e+00	
  7.1871e+00	  1.3083e-02	  5.3340e-04	  1.8377e-03	  2.1885e-03	  7.8128e-05	  1.3808e-02	  7.9523e-04	  3.7241e-04	  1.0038e-03	  4.3098e+03	  0.0000e+00	  0.0000e+00	  0.0000e+00	  0.0000e+00	  0.0000e+00	  0.0000e+00	
  7.1873e+00	  1.3097e-02	  5.3390e-04	  1.8418e-03	  2.1934e-03	  7.8085e-05	  1.3824e-02	  8.0029e-04	  3.7276e-04	  1.0163e-03	  4.3167e+03	  0.0000e+00	  0.0000e+00	  0.0000e+00	  0.0000e+00	  0.0000e+00	  0.0000e+00	
  7.1874e+00	  1.3111e-02	  5.3439e-04	  1.8458e-03	  2.1981e-03	  7.8043e-05	  1.3840e-02	  8.0517e-04	  3.7309e-04	  1.0284e-03	  4.3233e+03	  0.0000e+00	  0.0000e+00	  0.0000e+00	  0.0000e+00	  0.0000e+00	  0.0000e+00	
  7.1876e+00	  1.3124e-02	  5.3486e-04	  1.8496e-03	  2.2027e-03	  7.8003e-05	  1.3856e-02	  8.0988e-04	  3.7341e-04	  1.0400e-03	  4.3297e+03	  0.0000e+00	  0.0000e+00	  0.0000e+00	  0.0000e+00	  0.0000e+00	  0.0000e+00	
  7.1877e+00	  1.3137e-02	  5.3532e-04	  1.8533e-03	  2.2071e-03	  7.7964e-05	  1.3871e-02	  8.1442e-04	  3.7373e-04	  1.0513e-03	  4.3358e+03	  0.0000e+00	  0.0000e+00	  0.0000e+00	  0.0000e+00	  0.0000e+00	  0.0000e+00	
  7.1879e+00	  1.3149e-02	  5.3575e-04	  1.8569e-03	  2.2114e-03	  7.7927e-05	  1.3885e-02	  8.1879e-04	  3.7402e-04	  1.0621e-03	  4.3417e+03	  0.0000e+00	  0.0000e+00	  0.0000e+00	  0.0000e+00	  0.0000e+00	  0.0000e+00	
  7.1880e+00	  1.3161e-02	  5.3618e-04	  1.8604e-03	  2.2155e-03	  7.7891e-05	  1.3899e-02	  8.2302e-04	  3.7431e-04	  1.0726e-03	  4.3475e+03	  0.0000e+00	  0.0000e+00	  0.0000e+00	  0.0000e+00	  0.0000e+00	  0.0000e+00	
  7.1881e+00	  1.3172e-02	  5.3658e-04	  1.8637e-03	  2.2194e-03	  7.7857e-05	  1.3913e-02	  8.2709e-04	  3.7459e-04	  1.0827e-03	  4.3530e+03	  0.0000e+00	  0.0000e+00	  0.0000e+00	  0.0000e+00	  0.0000e+00	  0.0000e+00	
  7.1883e+00	  1.3183e-02	  5.3698e-04	  1.8669e-03	  2.2233e-03	  7.7824e-05	  1.3926e-02	  8.3101e-04	  3.7486e-04	  1.0924e-03	  4.3583e+03	  0.0000e+00	  0.0000e+00	  0.0000e+00	  0.0000e+00	  0.0000e+00	  0.0000e+00	
  7.1884e+00	  1.3194e-02	  5.3736e-04	  1.8701e-03	  2.2270e-03	  7.7792e-05	  1.3938e-02	  8.3480e-04	  3.7512e-04	  1.1019e-03	  4.3635e+03	  0.0000e+00	  0.0000e+00	  0.0000e+00	  0.0000e+00	  0.0000e+00	  0.0000e+00	
  7.1885e+00	  1.3204e-02	  5.3772e-04	  1.8731e-03	  2.2305e-03	  7.7761e-05	  1.3950e-02	  8.3846e-04	  3.7537e-04	  1.1109e-03	  4.3684e+03	  0.0000e+00	  0.0000e+00	  0.0000e+00	  0.0000e+00	  0.0000e+00	  0.0000e+00	
  7.1886e+00	  1.3214e-02	  5.3808e-04	  1.8760e-03	  2.2340e-03	  7.7731e-05	  1.3962e-02	  8.4198e-04	  3.7561e-04	  1.1197e-03	  4.3732e+03	  0.0000e+00	  0.0000e+00	  0.0000e+00	  0.0000e+00	  0.0000e+00	  0.0000e+00	
  7.1887e+00	  1.3223e-02	  5.3842e-04	  1.8788e-03	  2.2373e-03	  7.7703e-05	  1.3973e-02	  8.4538e-04	  3.7584e-04	  1.1282e-03	  4.3779e+03	  0.0000e+00	  0.0000e+00	  0.0000e+00	  0.0000e+00	  0.0000e+00	  0.0000e+00	
  7.1888e+00	  1.3232e-02	  5.3875e-04	  1.8815e-03	  2.2405e-03	  7.7675e-05	  1.3984e-02	  8.4866e-04	  3.7607e-04	  1.1363e-03	  4.3823e+03	  0.0000e+00	  0.0000e+00	  0.0000e+00	  0.0000e+00	  0.0000e+00	  0.0000e+00	
  7.1890e+00	  1.3241e-02	  5.3906e-04	  1.8841e-03	  2.2436e-03	  7.7649e-05	  1.3995e-02	  8.5183e-04	  3.7629e-04	  1.1442e-03	  4.3866e+03	  0.0000e+00	  0.0000e+00	  0.0000e+00	  0.0000e+00	  0.0000e+00	  0.0000e+00	
  7.1891e+00	  1.3250e-02	  5.3937e-04	  1.8866e-03	  2.2466e-03	  7.7623e-05	  1.4005e-02	  8.5488e-04	  3.7650e-04	  1.1518e-03	  4.3908e+03	  0.0000e+00	  0.0000e+00	  0.0000e+00	  0.0000e+00	  0.0000e+00	  0.0000e+00	
  7.1892e+00	  1.3258e-02	  5.3967e-04	  1.8891e-03	  2.2495e-03	  7.7599e-05	  1.4015e-02	  8.5783e-04	  3.7670e-04	  1.1591e-03	  4.3948e+03	  0.0000e+00	  0.0000e+00	  0.0000e+00	  0.0000e+00	  0.0000e+00	  0.0000e+00	
  7.1892e+00	  1.3266e-02	  5.3995e-04	  1.8914e-03	  2.2523e-03	  7.7575e-05	  1.4024e-02	  8.6067e-04	  3.7689e-04	  1.1662e-03	  4.3987e+03	  0.0000e+00	  0.0000e+00	  0.0000e+00	  0.0000e+00	  0.0000e+00	  0.0000e+00	
  7.1893e+00	  1.3274e-02	  5.4023e-04	  1.8937e-03	  2.2550e-03	  7.7552e-05	  1.4033e-02	  8.6341e-04	  3.7708e-04	  1.1731e-03	  4.4024e+03	  0.0000e+00	  0.0000e+00	  0.0000e+00	  0.0000e+00	  0.0000e+00	  0.0000e+00	
  7.1894e+00	  1.3281e-02	  5.4049e-04	  1.8959e-03	  2.2577e-03	  7.7530e-05	  1.4042e-02	  8.6606e-04	  3.7726e-04	  1.1797e-03	  4.4060e+03	  0.0000e+00	  0.0000e+00	  0.0000e+00	  0.0000e+00	  0.0000e+00	  0.0000e+00	
  7.1895e+00	  1.3288e-02	  5.4075e-04	  1.8980e-03	  2.2602e-03	  7.7509e-05	  1.4051e-02	  8.6861e-04	  3.7744e-04	  1.1860e-03	  4.4095e+03	  0.0000e+00	  0.0000e+00	  0.0000e+00	  0.0000e+00	  0.0000e+00	  0.0000e+00	
  7.1896e+00	  1.3295e-02	  5.4100e-04	  1.9000e-03	  2.2626e-03	  7.7488e-05	  1.4059e-02	  8.7108e-04	  3.7761e-04	  1.1922e-03	  4.4129e+03	  0.0000e+00	  0.0000e+00	  0.0000e+00	  0.0000e+00	  0.0000e+00	  0.0000e+00	
  7.1897e+00	  1.3302e-02	  5.4124e-04	  1.9020e-03	  2.2650e-03	  7.7468e-05	  1.4067e-02	  8.7346e-04	  3.7777e-04	  1.1981e-03	  4.4161e+03	  0.0000e+00	  0.0000e+00	  0.0000e+00	  0.0000e+00	  0.0000e+00	  0.0000e+00	
  7.1898e+00	  1.3308e-02	  5.4147e-04	  1.9039e-03	  2.2672e-03	  7.7449e-05	  1.4075e-02	  8.7575e-04	  3.7793e-04	  1.2038e-03	  4.4193e+03	  0.0000e+00	  0.0000e+00	  0.0000e+00	  0.0000e+00	  0.0000e+00	  0.0000e+00	
  7.1898e+00	  1.3315e-02	  5.4169e-04	  1.9058e-03	  2.2694e-03	  7.7431e-05	  1.4082e-02	  8.7797e-04	  3.7808e-04	  1.2094e-03	  4.4223e+03	  0.0000e+00	  0.0000e+00	  0.0000e+00	  0.0000e+00	  0.0000e+00	  0.0000e+00	
  7.1899e+00	  1.3321e-02	  5.4190e-04	  1.9076e-03	  2.2715e-03	  7.7413e-05	  1.4089e-02	  8.8010e-04	  3.7822e-04	  1.2147e-03	  4.4252e+03	  0.0000e+00	  0.0000e+00	  0.0000e+00	  0.0000e+00	  0.0000e+00	  0.0000e+00	
  7.1900e+00	  1.3326e-02	  5.4211e-04	  1.9093e-03	  2.2736e-03	  7.7396e-05	  1.4096e-02	  8.8217e-04	  3.7837e-04	  1.2199e-03	  4.4280e+03	  0.0000e+00	  0.0000e+00	  0.0000e+00	  0.0000e+00	  0.0000e+00	  0.0000e+00	
  7.1900e+00	  1.3332e-02	  5.4231e-04	  1.9109e-03	  2.2756e-03	  7.7380e-05	  1.4103e-02	  8.8416e-04	  3.7850e-04	  1.2248e-03	  4.4307e+03	  0.0000e+00	  0.0000e+00	  0.0000e+00	  0.0000e+00	  0.0000e+00	  0.0000e+00	
  7.1901e+00	  1.3337e-02	  5.4251e-04	  1.9125e-03	  2.2775e-03	  7.7364e-05	  1.4109e-02	  8.8608e-04	  3.7863e-04	  1.2296e-03	  4.4334e+03	  0.0000e+00	  0.0000e+00	  0.0000e+00	  0.0000e+00	  0.0000e+00	  0.0000e+00	
  7.1902e+00	  1.3343e-02	  5.4269e-04	  1.9141e-03	  2.2793e-03	  7.7349e-05	  1.4115e-02	  8.8793e-04	  3.7876e-04	  1.2343e-03	  4.4359e+03	  0.0000e+00	  0.0000e+00	  0.0000e+00	  0.0000e+00	  0.0000e+00	  0.0000e+00	
  7.1902e+00	  1.3348e-02	  5.4287e-04	  1.9156e-03	  2.2811e-03	  7.7334e-05	  1.4121e-02	  8.8972e-04	  3.7888e-04	  1.2387e-03	  4.4384e+03	  0.0000e+00	  0.0000e+00	  0.0000e+00	  0.0000e+00	  0.0000e+00	  0.0000e+00	
  7.1903e+00	  1.3352e-02	  5.4305e-04	  1.9170e-03	  2.2828e-03	  7.7320e-05	  1.4127e-02	  8.9145e-04	  3.7900e-04	  1.2431e-03	  4.4407e+03	  0.0000e+00	  0.0000e+00	  0.0000e+00	  0.0000e+00	  0.0000e+00	  0.0000e+00	
  7.1903e+00	  1.3357e-02	  5.4321e-04	  1.9184e-03	  2.2844e-03	  7.7306e-05	  1.4133e-02	  8.9311e-04	  3.7912e-04	  1.2472e-03	  4.4430e+03	  0.0000e+00	  0.0000e+00	  0.0000e+00	  0.0000e+00	  0.0000e+00	  0.0000e+00	
  7.1904e+00	  1.3362e-02	  5.4337e-04	  1.9198e-03	  2.2860e-03	  7.7293e-05	  1.4138e-02	  8.9472e-04	  3.7923e-04	  1.2513e-03	  4.4452e+03	  0.0000e+00	  0.0000e+00	  0.0000e+00	  0.0000e+00	  0.0000e+00	  0.0000e+00	
  7.1904e+00	  1.3366e-02	  5.4353e-04	  1.9211e-03	  2.2876e-03	  7.7280e-05	  1.4143e-02	  8.9627e-04	  3.7933e-04	  1.2551e-03	  4.4473e+03	  0.0000e+00	  0.0000e+00	  0.0000e+00	  0.0000e+00	  0.0000e+00	  0.0000e+00	
  7.1905e+00	  1.3370e-02	  5.4368e-04	  1.9223e-03	  2.2891e-03	  7.7268e-05	  1.4148e-02	  8.9777e-04	  3.7944e-04	  1.2589e-03	  4.4494e+03	  0.0000e+00	  0.0000e+00	  0.0000e+00	  0.0000e+00	  0.0000e+00	  0.0000e+00	
  7.1905e+00	  1.3374e-02	  5.4383e-04	  1.9235e-03	  2.2905e-03	  7.7256e-05	  1.4153e-02	  8.9922e-04	  3.7954e-04	  1.2625e-03	  4.4514e+03	  0.0000e+00	  0.0000e+00	  0.0000e+00	  0.0000e+00	  0.0000e+00	  0.0000e+00	
  7.1906e+00	  1.3378e-02	  5.4397e-04	  1.9247e-03	  2.2919e-03	  7.7244e-05	  1.4158e-02	  9.0062e-04	  3.7963e-04	  1.2660e-03	  4.4533e+03	  0.0000e+00	  0.0000e+00	  0.0000e+00	  0.0000e+00	  0.0000e+00	  0.0000e+00	
  7.1906e+00	  1.3382e-02	  5.4410e-04	  1.9258e-03	  2.2933e-03	  7.7233e-05	  1.4162e-02	  9.0196e-04	  3.7972e-04	  1.2694e-03	  4.4551e+03	  0.0000e+00	  0.0000e+00	  0.0000e+00	  0.0000e+00	  0.0000e+00	  0.0000e+00	
  7.1907e+00	  1.3386e-02	  5.4423e-04	  1.9269e-03	  2.2946e-03	  7.7222e-05	  1.4167e-02	  9.0327e-04	  3.7981e-04	  1.2726e-03	  4.4569e+03	  0.0000e+00	  0.0000e+00	  0.0000e+00	  0.0000e+00	  0.0000e+00	  0.0000e+00	
  7.1907e+00	  1.3389e-02	  5.4436e-04	  1.9280e-03	  2.2958e-03	  7.7212e-05	  1.4171e-02	  9.0452e-04	  3.7990e-04	  1.2758e-03	  4.4586e+03	  0.0000e+00	  0.0000e+00	  0.0000e+00	  0.0000e+00	  0.0000e+00	  0.0000e+00	
  7.1908e+00	  1.3393e-02	  5.4448e-04	  1.9290e-03	  2.2970e-03	  7.7202e-05	  1.4175e-02	  9.0573e-04	  3.7998e-04	  1.2788e-03	  4.4603e+03	  0.0000e+00	  0.0000e+00	  0.0000e+00	  0.0000e+00	  0.0000e+00	  0.0000e+00	
  7.1908e+00	  1.3396e-02	  5.4460e-04	  1.9300e-03	  2.2982e-03	  7.7193e-05	  1.4179e-02	  9.0690e-04	  3.8006e-04	  1.2818e-03	  4.4619e+03	  0.0000e+00	  0.0000e+00	  0.0000e+00	  0.0000e+00	  0.0000e+00	  0.0000e+00	
  7.1908e+00	  1.3399e-02	  5.4471e-04	  1.9309e-03	  2.2993e-03	  7.7183e-05	  1.4183e-02	  9.0803e-04	  3.8014e-04	  1.2846e-03	  4.4635e+03	  0.0000e+00	  0.0000e+00	  0.0000e+00	  0.0000e+00	  0.0000e+00	  0.0000e+00	
  7.1909e+00	  1.3402e-02	  5.4482e-04	  1.9318e-03	  2.3004e-03	  7.7174e-05	  1.4187e-02	  9.0912e-04	  3.8022e-04	  1.2873e-03	  4.4649e+03	  0.0000e+00	  0.0000e+00	  0.0000e+00	  0.0000e+00	  0.0000e+00	  0.0000e+00	
  7.1909e+00	  1.3405e-02	  5.4493e-04	  1.9327e-03	  2.3014e-03	  7.7166e-05	  1.4190e-02	  9.1018e-04	  3.8029e-04	  1.2900e-03	  4.4664e+03	  0.0000e+00	  0.0000e+00	  0.0000e+00	  0.0000e+00	  0.0000e+00	  0.0000e+00	
  7.1909e+00	  1.3408e-02	  5.4503e-04	  1.9336e-03	  2.3025e-03	  7.7158e-05	  1.4193e-02	  9.1119e-04	  3.8036e-04	  1.2925e-03	  4.4678e+03	  0.0000e+00	  0.0000e+00	  0.0000e+00	  0.0000e+00	  0.0000e+00	  0.0000e+00	
  7.1910e+00	  1.3411e-02	  5.4513e-04	  1.9344e-03	  2.3034e-03	  7.7150e-05	  1.4197e-02	  9.1217e-04	  3.8043e-04	  1.2950e-03	  4.4691e+03	  0.0000e+00	  0.0000e+00	  0.0000e+00	  0.0000e+00	  0.0000e+00	  0.0000e+00	
  7.1910e+00	  1.3414e-02	  5.4523e-04	  1.9352e-03	  2.3044e-03	  7.7142e-05	  1.4200e-02	  9.1312e-04	  3.8049e-04	  1.2973e-03	  4.4704e+03	  0.0000e+00	  0.0000e+00	  0.0000e+00	  0.0000e+00	  0.0000e+00	  0.0000e+00	
  7.1910e+00	  1.3416e-02	  5.4532e-04	  1.9360e-03	  2.3053e-03	  7.7134e-05	  1.4203e-02	  9.1403e-04	  3.8055e-04	  1.2996e-03	  4.4717e+03	  0.0000e+00	  0.0000e+00	  0.0000e+00	  0.0000e+00	  0.0000e+00	  0.0000e+00	
  7.1911e+00	  1.3419e-02	  5.4541e-04	  1.9367e-03	  2.3062e-03	  7.7127e-05	  1.4206e-02	  9.1492e-04	  3.8061e-04	  1.3018e-03	  4.4729e+03	  0.0000e+00	  0.0000e+00	  0.0000e+00	  0.0000e+00	  0.0000e+00	  0.0000e+00	
  7.1911e+00	  1.3421e-02	  5.4549e-04	  1.9374e-03	  2.3070e-03	  7.7120e-05	  1.4209e-02	  9.1577e-04	  3.8067e-04	  1.3040e-03	  4.4741e+03	  0.0000e+00	  0.0000e+00	  0.0000e+00	  0.0000e+00	  0.0000e+00	  0.0000e+00	
  7.1911e+00	  1.3423e-02	  5.4558e-04	  1.9381e-03	  2.3079e-03	  7.7113e-05	  1.4212e-02	  9.1659e-04	  3.8073e-04	  1.3060e-03	  4.4752e+03	  0.0000e+00	  0.0000e+00	  0.0000e+00	  0.0000e+00	  0.0000e+00	  0.0000e+00	
  7.1912e+00	  1.3426e-02	  5.4566e-04	  1.9388e-03	  2.3087e-03	  7.7107e-05	  1.4214e-02	  9.1738e-04	  3.8078e-04	  1.3080e-03	  4.4763e+03	  0.0000e+00	  0.0000e+00	  0.0000e+00	  0.0000e+00	  0.0000e+00	  0.0000e+00	
  7.1912e+00	  1.3428e-02	  5.4573e-04	  1.9394e-03	  2.3094e-03	  7.7101e-05	  1.4217e-02	  9.1815e-04	  3.8084e-04	  1.3100e-03	  4.4773e+03	  0.0000e+00	  0.0000e+00	  0.0000e+00	  0.0000e+00	  0.0000e+00	  0.0000e+00	
  7.1912e+00	  1.3430e-02	  5.4581e-04	  1.9401e-03	  2.3102e-03	  7.7095e-05	  1.4219e-02	  9.1889e-04	  3.8089e-04	  1.3118e-03	  4.4784e+03	  0.0000e+00	  0.0000e+00	  0.0000e+00	  0.0000e+00	  0.0000e+00	  0.0000e+00	
  7.1912e+00	  1.3432e-02	  5.4588e-04	  1.9407e-03	  2.3109e-03	  7.7089e-05	  1.4222e-02	  9.1961e-04	  3.8094e-04	  1.3136e-03	  4.4793e+03	  0.0000e+00	  0.0000e+00	  0.0000e+00	  0.0000e+00	  0.0000e+00	  0.0000e+00	
  7.1913e+00	  1.3434e-02	  5.4595e-04	  1.9413e-03	  2.3116e-03	  7.7083e-05	  1.4224e-02	  9.2029e-04	  3.8098e-04	  1.3153e-03	  4.4803e+03	  0.0000e+00	  0.0000e+00	  0.0000e+00	  0.0000e+00	  0.0000e+00	  0.0000e+00	
  7.1913e+00	  1.3436e-02	  5.4602e-04	  1.9418e-03	  2.3122e-03	  7.7078e-05	  1.4226e-02	  9.2096e-04	  3.8103e-04	  1.3170e-03	  4.4812e+03	  0.0000e+00	  0.0000e+00	  0.0000e+00	  0.0000e+00	  0.0000e+00	  0.0000e+00	
  7.1913e+00	  1.3438e-02	  5.4608e-04	  1.9424e-03	  2.3129e-03	  7.7073e-05	  1.4229e-02	  9.2160e-04	  3.8107e-04	  1.3186e-03	  4.4821e+03	  0.0000e+00	  0.0000e+00	  0.0000e+00	  0.0000e+00	  0.0000e+00	  0.0000e+00	
  7.1913e+00	  1.3439e-02	  5.4614e-04	  1.9429e-03	  2.3135e-03	  7.7068e-05	  1.4231e-02	  9.2222e-04	  3.8112e-04	  1.3202e-03	  4.4829e+03	  0.0000e+00	  0.0000e+00	  0.0000e+00	  0.0000e+00	  0.0000e+00	  0.0000e+00	
  7.1913e+00	  1.3441e-02	  5.4621e-04	  1.9434e-03	  2.3141e-03	  7.7063e-05	  1.4233e-02	  9.2282e-04	  3.8116e-04	  1.3217e-03	  4.4838e+03	  0.0000e+00	  0.0000e+00	  0.0000e+00	  0.0000e+00	  0.0000e+00	  0.0000e+00	
  7.1914e+00	  1.3443e-02	  5.4626e-04	  1.9439e-03	  2.3147e-03	  7.7058e-05	  1.4235e-02	  9.2340e-04	  3.8120e-04	  1.3231e-03	  4.4846e+03	  0.0000e+00	  0.0000e+00	  0.0000e+00	  0.0000e+00	  0.0000e+00	  0.0000e+00	
  7.1914e+00	  1.3444e-02	  5.4632e-04	  1.9443e-03	  2.3152e-03	  7.7053e-05	  1.4237e-02	  9.2396e-04	  3.8124e-04	  1.3245e-03	  4.4853e+03	  0.0000e+00	  0.0000e+00	  0.0000e+00	  0.0000e+00	  0.0000e+00	  0.0000e+00	
  7.1914e+00	  1.3446e-02	  5.4637e-04	  1.9448e-03	  2.3158e-03	  7.7049e-05	  1.4238e-02	  9.2450e-04	  3.8127e-04	  1.3259e-03	  4.4861e+03	  0.0000e+00	  0.0000e+00	  0.0000e+00	  0.0000e+00	  0.0000e+00	  0.0000e+00	
  7.1914e+00	  1.3447e-02	  5.4643e-04	  1.9452e-03	  2.3163e-03	  7.7045e-05	  1.4240e-02	  9.2502e-04	  3.8131e-04	  1.3272e-03	  4.4868e+03	  0.0000e+00	  0.0000e+00	  0.0000e+00	  0.0000e+00	  0.0000e+00	  0.0000e+00	
  7.1914e+00	  1.3449e-02	  5.4648e-04	  1.9457e-03	  2.3168e-03	  7.7041e-05	  1.4242e-02	  9.2552e-04	  3.8134e-04	  1.3285e-03	  4.4875e+03	  0.0000e+00	  0.0000e+00	  0.0000e+00	  0.0000e+00	  0.0000e+00	  0.0000e+00	
  7.1915e+00	  1.3450e-02	  5.4653e-04	  1.9461e-03	  2.3173e-03	  7.7037e-05	  1.4243e-02	  9.2601e-04	  3.8138e-04	  1.3297e-03	  4.4881e+03	  0.0000e+00	  0.0000e+00	  0.0000e+00	  0.0000e+00	  0.0000e+00	  0.0000e+00	
  7.1915e+00	  1.3451e-02	  5.4657e-04	  1.9465e-03	  2.3178e-03	  7.7033e-05	  1.4245e-02	  9.2648e-04	  3.8141e-04	  1.3309e-03	  4.4888e+03	  0.0000e+00	  0.0000e+00	  0.0000e+00	  0.0000e+00	  0.0000e+00	  0.0000e+00	
  7.1915e+00	  1.3453e-02	  5.4662e-04	  1.9469e-03	  2.3182e-03	  7.7029e-05	  1.4247e-02	  9.2693e-04	  3.8144e-04	  1.3320e-03	  4.4894e+03	  0.0000e+00	  0.0000e+00	  0.0000e+00	  0.0000e+00	  0.0000e+00	  0.0000e+00	
  7.1915e+00	  1.3454e-02	  5.4666e-04	  1.9472e-03	  2.3187e-03	  7.7026e-05	  1.4248e-02	  9.2736e-04	  3.8147e-04	  1.3331e-03	  4.4900e+03	  0.0000e+00	  0.0000e+00	  0.0000e+00	  0.0000e+00	  0.0000e+00	  0.0000e+00	
  7.1915e+00	  1.3455e-02	  5.4671e-04	  1.9476e-03	  2.3191e-03	  7.7022e-05	  1.4250e-02	  9.2779e-04	  3.8150e-04	  1.3342e-03	  4.4906e+03	  0.0000e+00	  0.0000e+00	  0.0000e+00	  0.0000e+00	  0.0000e+00	  0.0000e+00	
  7.1915e+00	  1.3456e-02	  5.4675e-04	  1.9479e-03	  2.3195e-03	  7.7019e-05	  1.4251e-02	  9.2819e-04	  3.8153e-04	  1.3352e-03	  4.4911e+03	  0.0000e+00	  0.0000e+00	  0.0000e+00	  0.0000e+00	  0.0000e+00	  0.0000e+00	
  7.1915e+00	  1.3457e-02	  5.4679e-04	  1.9483e-03	  2.3199e-03	  7.7016e-05	  1.4252e-02	  9.2859e-04	  3.8155e-04	  1.3362e-03	  4.4917e+03	  0.0000e+00	  0.0000e+00	  0.0000e+00	  0.0000e+00	  0.0000e+00	  0.0000e+00	
  7.1916e+00	  1.3458e-02	  5.4683e-04	  1.9486e-03	  2.3203e-03	  7.7013e-05	  1.4253e-02	  9.2897e-04	  3.8158e-04	  1.3371e-03	  4.4922e+03	  0.0000e+00	  0.0000e+00	  0.0000e+00	  0.0000e+00	  0.0000e+00	  0.0000e+00	
  7.1916e+00	  1.3459e-02	  5.4686e-04	  1.9489e-03	  2.3206e-03	  7.7010e-05	  1.4255e-02	  9.2933e-04	  3.8161e-04	  1.3380e-03	  4.4927e+03	  0.0000e+00	  0.0000e+00	  0.0000e+00	  0.0000e+00	  0.0000e+00	  0.0000e+00	
  7.1916e+00	  1.3460e-02	  5.4690e-04	  1.9492e-03	  2.3210e-03	  7.7007e-05	  1.4256e-02	  9.2969e-04	  3.8163e-04	  1.3389e-03	  4.4932e+03	  0.0000e+00	  0.0000e+00	  0.0000e+00	  0.0000e+00	  0.0000e+00	  0.0000e+00	
  7.1916e+00	  1.3461e-02	  5.4693e-04	  1.9495e-03	  2.3213e-03	  7.7004e-05	  1.4257e-02	  9.3003e-04	  3.8165e-04	  1.3398e-03	  4.4937e+03	  0.0000e+00	  0.0000e+00	  0.0000e+00	  0.0000e+00	  0.0000e+00	  0.0000e+00	
  7.1916e+00	  1.3462e-02	  5.4697e-04	  1.9498e-03	  2.3217e-03	  7.7001e-05	  1.4258e-02	  9.3036e-04	  3.8168e-04	  1.3406e-03	  4.4941e+03	  0.0000e+00	  0.0000e+00	  0.0000e+00	  0.0000e+00	  0.0000e+00	  0.0000e+00	
  7.1916e+00	  1.3463e-02	  5.4700e-04	  1.9500e-03	  2.3220e-03	  7.6999e-05	  1.4259e-02	  9.3068e-04	  3.8170e-04	  1.3414e-03	  4.4946e+03	  0.0000e+00	  0.0000e+00	  0.0000e+00	  0.0000e+00	  0.0000e+00	  0.0000e+00	
  7.1916e+00	  1.3464e-02	  5.4703e-04	  1.9503e-03	  2.3223e-03	  7.6996e-05	  1.4260e-02	  9.3098e-04	  3.8172e-04	  1.3422e-03	  4.4950e+03	  0.0000e+00	  0.0000e+00	  0.0000e+00	  0.0000e+00	  0.0000e+00	  0.0000e+00	
  7.1916e+00	  1.3465e-02	  5.4706e-04	  1.9505e-03	  2.3226e-03	  7.6994e-05	  1.4261e-02	  9.3128e-04	  3.8174e-04	  1.3429e-03	  4.4954e+03	  0.0000e+00	  0.0000e+00	  0.0000e+00	  0.0000e+00	  0.0000e+00	  0.0000e+00	
  7.1916e+00	  1.3466e-02	  5.4709e-04	  1.9508e-03	  2.3229e-03	  7.6992e-05	  1.4262e-02	  9.3157e-04	  3.8176e-04	  1.3437e-03	  4.4958e+03	  0.0000e+00	  0.0000e+00	  0.0000e+00	  0.0000e+00	  0.0000e+00	  0.0000e+00	
  7.1917e+00	  1.3467e-02	  5.4712e-04	  1.9510e-03	  2.3232e-03	  7.6989e-05	  1.4263e-02	  9.3184e-04	  3.8178e-04	  1.3444e-03	  4.4962e+03	  0.0000e+00	  0.0000e+00	  0.0000e+00	  0.0000e+00	  0.0000e+00	  0.0000e+00	
  7.1917e+00	  1.3467e-02	  5.4714e-04	  1.9512e-03	  2.3234e-03	  7.6987e-05	  1.4264e-02	  9.3211e-04	  3.8180e-04	  1.3450e-03	  4.4965e+03	  0.0000e+00	  0.0000e+00	  0.0000e+00	  0.0000e+00	  0.0000e+00	  0.0000e+00	
  7.1917e+00	  1.3468e-02	  5.4717e-04	  1.9515e-03	  2.3237e-03	  7.6985e-05	  1.4265e-02	  9.3237e-04	  3.8181e-04	  1.3457e-03	  4.4969e+03	  0.0000e+00	  0.0000e+00	  0.0000e+00	  0.0000e+00	  0.0000e+00	  0.0000e+00	
  7.1917e+00	  1.3469e-02	  5.4719e-04	  1.9517e-03	  2.3239e-03	  7.6983e-05	  1.4266e-02	  9.3262e-04	  3.8183e-04	  1.3463e-03	  4.4972e+03	  0.0000e+00	  0.0000e+00	  0.0000e+00	  0.0000e+00	  0.0000e+00	  0.0000e+00	
  7.1917e+00	  1.3469e-02	  5.4722e-04	  1.9519e-03	  2.3242e-03	  7.6981e-05	  1.4267e-02	  9.3286e-04	  3.8185e-04	  1.3469e-03	  4.4976e+03	  0.0000e+00	  0.0000e+00	  0.0000e+00	  0.0000e+00	  0.0000e+00	  0.0000e+00	
  7.1917e+00	  1.3470e-02	  5.4724e-04	  1.9521e-03	  2.3244e-03	  7.6979e-05	  1.4267e-02	  9.3309e-04	  3.8186e-04	  1.3475e-03	  4.4979e+03	  0.0000e+00	  0.0000e+00	  0.0000e+00	  0.0000e+00	  0.0000e+00	  0.0000e+00	
  7.1917e+00	  1.3471e-02	  5.4726e-04	  1.9523e-03	  2.3246e-03	  7.6977e-05	  1.4268e-02	  9.3331e-04	  3.8188e-04	  1.3480e-03	  4.4982e+03	  0.0000e+00	  0.0000e+00	  0.0000e+00	  0.0000e+00	  0.0000e+00	  0.0000e+00	
  7.1917e+00	  1.3471e-02	  5.4729e-04	  1.9524e-03	  2.3249e-03	  7.6976e-05	  1.4269e-02	  9.3353e-04	  3.8189e-04	  1.3486e-03	  4.4985e+03	  0.0000e+00	  0.0000e+00	  0.0000e+00	  0.0000e+00	  0.0000e+00	  0.0000e+00	
  7.1917e+00	  1.3472e-02	  5.4731e-04	  1.9526e-03	  2.3251e-03	  7.6974e-05	  1.4270e-02	  9.3374e-04	  3.8191e-04	  1.3491e-03	  4.4988e+03	  0.0000e+00	  0.0000e+00	  0.0000e+00	  0.0000e+00	  0.0000e+00	  0.0000e+00	
  7.1917e+00	  1.3472e-02	  5.4733e-04	  1.9528e-03	  2.3253e-03	  7.6972e-05	  1.4270e-02	  9.3394e-04	  3.8192e-04	  1.3496e-03	  4.4990e+03	  0.0000e+00	  0.0000e+00	  0.0000e+00	  0.0000e+00	  0.0000e+00	  0.0000e+00	
  7.1917e+00	  1.3473e-02	  5.4735e-04	  1.9530e-03	  2.3255e-03	  7.6971e-05	  1.4271e-02	  9.3414e-04	  3.8194e-04	  1.3501e-03	  4.4993e+03	  0.0000e+00	  0.0000e+00	  0.0000e+00	  0.0000e+00	  0.0000e+00	  0.0000e+00	
  7.1917e+00	  1.3474e-02	  5.4737e-04	  1.9531e-03	  2.3257e-03	  7.6969e-05	  1.4272e-02	  9.3432e-04	  3.8195e-04	  1.3506e-03	  4.4996e+03	  0.0000e+00	  0.0000e+00	  0.0000e+00	  0.0000e+00	  0.0000e+00	  0.0000e+00	
  7.1917e+00	  1.3474e-02	  5.4738e-04	  1.9533e-03	  2.3258e-03	  7.6968e-05	  1.4272e-02	  9.3451e-04	  3.8196e-04	  1.3510e-03	  4.4998e+03	  0.0000e+00	  0.0000e+00	  0.0000e+00	  0.0000e+00	  0.0000e+00	  0.0000e+00	
  7.1918e+00	  1.3475e-02	  5.4740e-04	  1.9534e-03	  2.3260e-03	  7.6966e-05	  1.4273e-02	  9.3468e-04	  3.8197e-04	  1.3515e-03	  4.5001e+03	  0.0000e+00	  0.0000e+00	  0.0000e+00	  0.0000e+00	  0.0000e+00	  0.0000e+00	
  7.1918e+00	  1.3475e-02	  5.4742e-04	  1.9536e-03	  2.3262e-03	  7.6965e-05	  1.4273e-02	  9.3485e-04	  3.8198e-04	  1.3519e-03	  4.5003e+03	  0.0000e+00	  0.0000e+00	  0.0000e+00	  0.0000e+00	  0.0000e+00	  0.0000e+00	
  7.1918e+00	  1.3476e-02	  5.4744e-04	  1.9537e-03	  2.3263e-03	  7.6964e-05	  1.4274e-02	  9.3501e-04	  3.8200e-04	  1.3523e-03	  4.5005e+03	  0.0000e+00	  0.0000e+00	  0.0000e+00	  0.0000e+00	  0.0000e+00	  0.0000e+00	
  7.1918e+00	  1.3476e-02	  5.4745e-04	  1.9538e-03	  2.3265e-03	  7.6962e-05	  1.4275e-02	  9.3517e-04	  3.8201e-04	  1.3527e-03	  4.5007e+03	  0.0000e+00	  0.0000e+00	  0.0000e+00	  0.0000e+00	  0.0000e+00	  0.0000e+00	
  7.1918e+00	  1.3476e-02	  5.4747e-04	  1.9540e-03	  2.3267e-03	  7.6961e-05	  1.4275e-02	  9.3532e-04	  3.8202e-04	  1.3531e-03	  4.5010e+03	  0.0000e+00	  0.0000e+00	  0.0000e+00	  0.0000e+00	  0.0000e+00	  0.0000e+00	
  7.1918e+00	  1.3477e-02	  5.4748e-04	  1.9541e-03	  2.3268e-03	  7.6960e-05	  1.4276e-02	  9.3547e-04	  3.8203e-04	  1.3535e-03	  4.5012e+03	  0.0000e+00	  0.0000e+00	  0.0000e+00	  0.0000e+00	  0.0000e+00	  0.0000e+00	
  7.1918e+00	  1.3477e-02	  5.4750e-04	  1.9542e-03	  2.3270e-03	  7.6959e-05	  1.4276e-02	  9.3561e-04	  3.8204e-04	  1.3538e-03	  4.5014e+03	  0.0000e+00	  0.0000e+00	  0.0000e+00	  0.0000e+00	  0.0000e+00	  0.0000e+00	
  7.1918e+00	  1.3478e-02	  5.4751e-04	  1.9543e-03	  2.3271e-03	  7.6958e-05	  1.4276e-02	  9.3575e-04	  3.8205e-04	  1.3542e-03	  4.5015e+03	  0.0000e+00	  0.0000e+00	  0.0000e+00	  0.0000e+00	  0.0000e+00	  0.0000e+00	
  7.1918e+00	  1.3478e-02	  5.4752e-04	  1.9544e-03	  2.3272e-03	  7.6957e-05	  1.4277e-02	  9.3588e-04	  3.8206e-04	  1.3545e-03	  4.5017e+03	  0.0000e+00	  0.0000e+00	  0.0000e+00	  0.0000e+00	  0.0000e+00	  0.0000e+00	
  7.1918e+00	  1.3478e-02	  5.4754e-04	  1.9545e-03	  2.3274e-03	  7.6955e-05	  1.4277e-02	  9.3601e-04	  3.8206e-04	  1.3548e-03	  4.5019e+03	  0.0000e+00	  0.0000e+00	  0.0000e+00	  0.0000e+00	  0.0000e+00	  0.0000e+00	
  7.1918e+00	  1.3479e-02	  5.4755e-04	  1.9547e-03	  2.3275e-03	  7.6954e-05	  1.4278e-02	  9.3613e-04	  3.8207e-04	  1.3551e-03	  4.5021e+03	  0.0000e+00	  0.0000e+00	  0.0000e+00	  0.0000e+00	  0.0000e+00	  0.0000e+00	
  7.1918e+00	  1.3479e-02	  5.4756e-04	  1.9548e-03	  2.3276e-03	  7.6954e-05	  1.4278e-02	  9.3625e-04	  3.8208e-04	  1.3554e-03	  4.5022e+03	  0.0000e+00	  0.0000e+00	  0.0000e+00	  0.0000e+00	  0.0000e+00	  0.0000e+00	
  7.1918e+00	  1.3479e-02	  5.4757e-04	  1.9549e-03	  2.3277e-03	  7.6953e-05	  1.4279e-02	  9.3637e-04	  3.8209e-04	  1.3557e-03	  4.5024e+03	  0.0000e+00	  0.0000e+00	  0.0000e+00	  0.0000e+00	  0.0000e+00	  0.0000e+00	
  7.1918e+00	  1.3480e-02	  5.4758e-04	  1.9549e-03	  2.3278e-03	  7.6952e-05	  1.4279e-02	  9.3648e-04	  3.8210e-04	  1.3560e-03	  4.5025e+03	  0.0000e+00	  0.0000e+00	  0.0000e+00	  0.0000e+00	  0.0000e+00	  0.0000e+00	
  7.1918e+00	  1.3480e-02	  5.4759e-04	  1.9550e-03	  2.3279e-03	  7.6951e-05	  1.4279e-02	  9.3659e-04	  3.8210e-04	  1.3563e-03	  4.5027e+03	  0.0000e+00	  0.0000e+00	  0.0000e+00	  0.0000e+00	  0.0000e+00	  0.0000e+00	
  7.1918e+00	  1.3480e-02	  5.4761e-04	  1.9551e-03	  2.3280e-03	  7.6950e-05	  1.4280e-02	  9.3669e-04	  3.8211e-04	  1.3565e-03	  4.5028e+03	  0.0000e+00	  0.0000e+00	  0.0000e+00	  0.0000e+00	  0.0000e+00	  0.0000e+00	
  7.1918e+00	  1.3481e-02	  5.4762e-04	  1.9552e-03	  2.3281e-03	  7.6949e-05	  1.4280e-02	  9.3679e-04	  3.8212e-04	  1.3568e-03	  4.5030e+03	  0.0000e+00	  0.0000e+00	  0.0000e+00	  0.0000e+00	  0.0000e+00	  0.0000e+00	
  7.1918e+00	  1.3481e-02	  5.4763e-04	  1.9553e-03	  2.3282e-03	  7.6948e-05	  1.4280e-02	  9.3689e-04	  3.8213e-04	  1.3570e-03	  4.5031e+03	  0.0000e+00	  0.0000e+00	  0.0000e+00	  0.0000e+00	  0.0000e+00	  0.0000e+00	
  7.1918e+00	  1.3481e-02	  5.4763e-04	  1.9554e-03	  2.3283e-03	  7.6948e-05	  1.4281e-02	  9.3698e-04	  3.8213e-04	  1.3573e-03	  4.5032e+03	  0.0000e+00	  0.0000e+00	  0.0000e+00	  0.0000e+00	  0.0000e+00	  0.0000e+00	
  7.1918e+00	  1.3481e-02	  5.4764e-04	  1.9554e-03	  2.3284e-03	  7.6947e-05	  1.4281e-02	  9.3707e-04	  3.8214e-04	  1.3575e-03	  4.5034e+03	  0.0000e+00	  0.0000e+00	  0.0000e+00	  0.0000e+00	  0.0000e+00	  0.0000e+00	
  7.1918e+00	  1.3482e-02	  5.4765e-04	  1.9555e-03	  2.3285e-03	  7.6946e-05	  1.4281e-02	  9.3716e-04	  3.8214e-04	  1.3577e-03	  4.5035e+03	  0.0000e+00	  0.0000e+00	  0.0000e+00	  0.0000e+00	  0.0000e+00	  0.0000e+00	
  7.1918e+00	  1.3482e-02	  5.4766e-04	  1.9556e-03	  2.3286e-03	  7.6945e-05	  1.4282e-02	  9.3724e-04	  3.8215e-04	  1.3579e-03	  4.5036e+03	  0.0000e+00	  0.0000e+00	  0.0000e+00	  0.0000e+00	  0.0000e+00	  0.0000e+00	
  7.1918e+00	  1.3482e-02	  5.4767e-04	  1.9557e-03	  2.3287e-03	  7.6945e-05	  1.4282e-02	  9.3732e-04	  3.8216e-04	  1.3581e-03	  4.5037e+03	  0.0000e+00	  0.0000e+00	  0.0000e+00	  0.0000e+00	  0.0000e+00	  0.0000e+00	
  7.1918e+00	  1.3482e-02	  5.4768e-04	  1.9557e-03	  2.3288e-03	  7.6944e-05	  1.4282e-02	  9.3740e-04	  3.8216e-04	  1.3583e-03	  4.5038e+03	  0.0000e+00	  0.0000e+00	  0.0000e+00	  0.0000e+00	  0.0000e+00	  0.0000e+00	
  7.1918e+00	  1.3483e-02	  5.4768e-04	  1.9558e-03	  2.3288e-03	  7.6944e-05	  1.4282e-02	  9.3748e-04	  3.8217e-04	  1.3585e-03	  4.5039e+03	  0.0000e+00	  0.0000e+00	  0.0000e+00	  0.0000e+00	  0.0000e+00	  0.0000e+00	
  7.1918e+00	  1.3483e-02	  5.4769e-04	  1.9559e-03	  2.3289e-03	  7.6943e-05	  1.4283e-02	  9.3755e-04	  3.8217e-04	  1.3587e-03	  4.5040e+03	  0.0000e+00	  0.0000e+00	  0.0000e+00	  0.0000e+00	  0.0000e+00	  0.0000e+00	
  7.1919e+00	  1.3483e-02	  5.4770e-04	  1.9559e-03	  2.3290e-03	  7.6942e-05	  1.4283e-02	  9.3762e-04	  3.8218e-04	  1.3589e-03	  4.5041e+03	  0.0000e+00	  0.0000e+00	  0.0000e+00	  0.0000e+00	  0.0000e+00	  0.0000e+00	
  7.1919e+00	  1.3483e-02	  5.4771e-04	  1.9560e-03	  2.3290e-03	  7.6942e-05	  1.4283e-02	  9.3769e-04	  3.8218e-04	  1.3591e-03	  4.5042e+03	  0.0000e+00	  0.0000e+00	  0.0000e+00	  0.0000e+00	  0.0000e+00	  0.0000e+00	
  7.1919e+00	  1.3483e-02	  5.4771e-04	  1.9560e-03	  2.3291e-03	  7.6941e-05	  1.4283e-02	  9.3775e-04	  3.8219e-04	  1.3592e-03	  4.5043e+03	  0.0000e+00	  0.0000e+00	  0.0000e+00	  0.0000e+00	  0.0000e+00	  0.0000e+00	
  7.1919e+00	  1.3483e-02	  5.4772e-04	  1.9561e-03	  2.3292e-03	  7.6941e-05	  1.4283e-02	  9.3782e-04	  3.8219e-04	  1.3594e-03	  4.5044e+03	  0.0000e+00	  0.0000e+00	  0.0000e+00	  0.0000e+00	  0.0000e+00	  0.0000e+00	
  7.1919e+00	  1.3484e-02	  5.4773e-04	  1.9561e-03	  2.3292e-03	  7.6940e-05	  1.4284e-02	  9.3788e-04	  3.8219e-04	  1.3595e-03	  4.5045e+03	  0.0000e+00	  0.0000e+00	  0.0000e+00	  0.0000e+00	  0.0000e+00	  0.0000e+00	
  7.1919e+00	  1.3484e-02	  5.4773e-04	  1.9562e-03	  2.3293e-03	  7.6940e-05	  1.4284e-02	  9.3794e-04	  3.8220e-04	  1.3597e-03	  4.5046e+03	  0.0000e+00	  0.0000e+00	  0.0000e+00	  0.0000e+00	  0.0000e+00	  0.0000e+00	
  7.1919e+00	  1.3484e-02	  5.4774e-04	  1.9562e-03	  2.3294e-03	  7.6939e-05	  1.4284e-02	  9.3799e-04	  3.8220e-04	  1.3598e-03	  4.5046e+03	  0.0000e+00	  0.0000e+00	  0.0000e+00	  0.0000e+00	  0.0000e+00	  0.0000e+00	
  7.1919e+00	  1.3484e-02	  5.4774e-04	  1.9563e-03	  2.3294e-03	  7.6939e-05	  1.4284e-02	  9.3805e-04	  3.8221e-04	  1.3600e-03	  4.5047e+03	  0.0000e+00	  0.0000e+00	  0.0000e+00	  0.0000e+00	  0.0000e+00	  0.0000e+00	
  7.1919e+00	  1.3484e-02	  5.4775e-04	  1.9563e-03	  2.3295e-03	  7.6938e-05	  1.4284e-02	  9.3810e-04	  3.8221e-04	  1.3601e-03	  4.5048e+03	  0.0000e+00	  0.0000e+00	  0.0000e+00	  0.0000e+00	  0.0000e+00	  0.0000e+00	
  7.1919e+00	  1.3484e-02	  5.4775e-04	  1.9564e-03	  2.3295e-03	  7.6938e-05	  1.4285e-02	  9.3815e-04	  3.8221e-04	  1.3602e-03	  4.5049e+03	  0.0000e+00	  0.0000e+00	  0.0000e+00	  0.0000e+00	  0.0000e+00	  0.0000e+00	
  7.1919e+00	  1.3485e-02	  5.4776e-04	  1.9564e-03	  2.3296e-03	  7.6938e-05	  1.4285e-02	  9.3820e-04	  3.8222e-04	  1.3603e-03	  4.5049e+03	  0.0000e+00	  0.0000e+00	  0.0000e+00	  0.0000e+00	  0.0000e+00	  0.0000e+00	
  7.1919e+00	  1.3485e-02	  5.4776e-04	  1.9565e-03	  2.3296e-03	  7.6937e-05	  1.4285e-02	  9.3825e-04	  3.8222e-04	  1.3605e-03	  4.5050e+03	  0.0000e+00	  0.0000e+00	  0.0000e+00	  0.0000e+00	  0.0000e+00	  0.0000e+00	
  7.1919e+00	  1.3485e-02	  5.4777e-04	  1.9565e-03	  2.3297e-03	  7.6937e-05	  1.4285e-02	  9.3830e-04	  3.8222e-04	  1.3606e-03	  4.5050e+03	  0.0000e+00	  0.0000e+00	  0.0000e+00	  0.0000e+00	  0.0000e+00	  0.0000e+00	
  7.1919e+00	  1.3485e-02	  5.4777e-04	  1.9565e-03	  2.3297e-03	  7.6937e-05	  1.4285e-02	  9.3834e-04	  3.8223e-04	  1.3607e-03	  4.5051e+03	  0.0000e+00	  0.0000e+00	  0.0000e+00	  0.0000e+00	  0.0000e+00	  0.0000e+00	
  7.1919e+00	  1.3485e-02	  5.4778e-04	  1.9566e-03	  2.3298e-03	  7.6936e-05	  1.4285e-02	  9.3839e-04	  3.8223e-04	  1.3608e-03	  4.5052e+03	  0.0000e+00	  0.0000e+00	  0.0000e+00	  0.0000e+00	  0.0000e+00	  0.0000e+00	
  7.1919e+00	  1.3485e-02	  5.4778e-04	  1.9566e-03	  2.3298e-03	  7.6936e-05	  1.4286e-02	  9.3843e-04	  3.8223e-04	  1.3609e-03	  4.5052e+03	  0.0000e+00	  0.0000e+00	  0.0000e+00	  0.0000e+00	  0.0000e+00	  0.0000e+00	
  7.1919e+00	  1.3485e-02	  5.4779e-04	  1.9566e-03	  2.3298e-03	  7.6936e-05	  1.4286e-02	  9.3847e-04	  3.8223e-04	  1.3610e-03	  4.5053e+03	  0.0000e+00	  0.0000e+00	  0.0000e+00	  0.0000e+00	  0.0000e+00	  0.0000e+00	
  7.1919e+00	  1.3485e-02	  5.4779e-04	  1.9567e-03	  2.3299e-03	  7.6935e-05	  1.4286e-02	  9.3851e-04	  3.8224e-04	  1.3611e-03	  4.5053e+03	  0.0000e+00	  0.0000e+00	  0.0000e+00	  0.0000e+00	  0.0000e+00	  0.0000e+00	
  7.1919e+00	  1.3486e-02	  5.4779e-04	  1.9567e-03	  2.3299e-03	  7.6935e-05	  1.4286e-02	  9.3854e-04	  3.8224e-04	  1.3612e-03	  4.5054e+03	  0.0000e+00	  0.0000e+00	  0.0000e+00	  0.0000e+00	  0.0000e+00	  0.0000e+00	
  7.1919e+00	  1.3486e-02	  5.4780e-04	  1.9567e-03	  2.3299e-03	  7.6935e-05	  1.4286e-02	  9.3858e-04	  3.8224e-04	  1.3613e-03	  4.5054e+03	  0.0000e+00	  0.0000e+00	  0.0000e+00	  0.0000e+00	  0.0000e+00	  0.0000e+00	
  7.1919e+00	  1.3486e-02	  5.4780e-04	  1.9568e-03	  2.3300e-03	  7.6934e-05	  1.4286e-02	  9.3862e-04	  3.8224e-04	  1.3614e-03	  4.5055e+03	  0.0000e+00	  0.0000e+00	  0.0000e+00	  0.0000e+00	  0.0000e+00	  0.0000e+00	
  7.1919e+00	  1.3486e-02	  5.4780e-04	  1.9568e-03	  2.3300e-03	  7.6934e-05	  1.4286e-02	  9.3865e-04	  3.8225e-04	  1.3615e-03	  4.5055e+03	  0.0000e+00	  0.0000e+00	  0.0000e+00	  0.0000e+00	  0.0000e+00	  0.0000e+00	
  7.1919e+00	  1.3486e-02	  5.4781e-04	  1.9568e-03	  2.3301e-03	  7.6934e-05	  1.4286e-02	  9.3868e-04	  3.8225e-04	  1.3616e-03	  4.5056e+03	  0.0000e+00	  0.0000e+00	  0.0000e+00	  0.0000e+00	  0.0000e+00	  0.0000e+00	
  7.1919e+00	  1.3486e-02	  5.4781e-04	  1.9568e-03	  2.3301e-03	  7.6933e-05	  1.4286e-02	  9.3871e-04	  3.8225e-04	  1.3616e-03	  4.5056e+03	  0.0000e+00	  0.0000e+00	  0.0000e+00	  0.0000e+00	  0.0000e+00	  0.0000e+00	
  7.1919e+00	  1.3486e-02	  5.4781e-04	  1.9569e-03	  2.3301e-03	  7.6933e-05	  1.4287e-02	  9.3874e-04	  3.8225e-04	  1.3617e-03	  4.5057e+03	  0.0000e+00	  0.0000e+00	  0.0000e+00	  0.0000e+00	  0.0000e+00	  0.0000e+00	
  7.1919e+00	  1.3486e-02	  5.4782e-04	  1.9569e-03	  2.3301e-03	  7.6933e-05	  1.4287e-02	  9.3877e-04	  3.8226e-04	  1.3618e-03	  4.5057e+03	  0.0000e+00	  0.0000e+00	  0.0000e+00	  0.0000e+00	  0.0000e+00	  0.0000e+00	
  7.1919e+00	  1.3486e-02	  5.4782e-04	  1.9569e-03	  2.3302e-03	  7.6933e-05	  1.4287e-02	  9.3880e-04	  3.8226e-04	  1.3619e-03	  4.5057e+03	  0.0000e+00	  0.0000e+00	  0.0000e+00	  0.0000e+00	  0.0000e+00	  0.0000e+00	
  7.1919e+00	  1.3486e-02	  5.4782e-04	  1.9569e-03	  2.3302e-03	  7.6933e-05	  1.4287e-02	  9.3883e-04	  3.8226e-04	  1.3619e-03	  4.5058e+03	  0.0000e+00	  0.0000e+00	  0.0000e+00	  0.0000e+00	  0.0000e+00	  0.0000e+00	
  7.1919e+00	  1.3486e-02	  5.4782e-04	  1.9570e-03	  2.3302e-03	  7.6932e-05	  1.4287e-02	  9.3885e-04	  3.8226e-04	  1.3620e-03	  4.5058e+03	  0.0000e+00	  0.0000e+00	  0.0000e+00	  0.0000e+00	  0.0000e+00	  0.0000e+00	
  7.1919e+00	  1.3487e-02	  5.4783e-04	  1.9570e-03	  2.3303e-03	  7.6932e-05	  1.4287e-02	  9.3888e-04	  3.8226e-04	  1.3621e-03	  4.5059e+03	  0.0000e+00	  0.0000e+00	  0.0000e+00	  0.0000e+00	  0.0000e+00	  0.0000e+00	
  7.1919e+00	  1.3487e-02	  5.4783e-04	  1.9570e-03	  2.3303e-03	  7.6932e-05	  1.4287e-02	  9.3890e-04	  3.8226e-04	  1.3621e-03	  4.5059e+03	  0.0000e+00	  0.0000e+00	  0.0000e+00	  0.0000e+00	  0.0000e+00	  0.0000e+00	
  7.1919e+00	  1.3487e-02	  5.4783e-04	  1.9570e-03	  2.3303e-03	  7.6932e-05	  1.4287e-02	  9.3893e-04	  3.8227e-04	  1.3622e-03	  4.5059e+03	  0.0000e+00	  0.0000e+00	  0.0000e+00	  0.0000e+00	  0.0000e+00	  0.0000e+00	
  7.1919e+00	  1.3487e-02	  5.4783e-04	  1.9570e-03	  2.3303e-03	  7.6932e-05	  1.4287e-02	  9.3895e-04	  3.8227e-04	  1.3622e-03	  4.5060e+03	  0.0000e+00	  0.0000e+00	  0.0000e+00	  0.0000e+00	  0.0000e+00	  0.0000e+00	
  7.1919e+00	  1.3487e-02	  5.4784e-04	  1.9571e-03	  2.3303e-03	  7.6931e-05	  1.4287e-02	  9.3897e-04	  3.8227e-04	  1.3623e-03	  4.5060e+03	  0.0000e+00	  0.0000e+00	  0.0000e+00	  0.0000e+00	  0.0000e+00	  0.0000e+00	
  7.1919e+00	  1.3487e-02	  5.4784e-04	  1.9571e-03	  2.3304e-03	  7.6931e-05	  1.4287e-02	  9.3899e-04	  3.8227e-04	  1.3623e-03	  4.5060e+03	  0.0000e+00	  0.0000e+00	  0.0000e+00	  0.0000e+00	  0.0000e+00	  0.0000e+00	
  7.1919e+00	  1.3487e-02	  5.4784e-04	  1.9571e-03	  2.3304e-03	  7.6931e-05	  1.4288e-02	  9.3902e-04	  3.8227e-04	  1.3624e-03	  4.5060e+03	  0.0000e+00	  0.0000e+00	  0.0000e+00	  0.0000e+00	  0.0000e+00	  0.0000e+00	
  7.1919e+00	  1.3487e-02	  5.4784e-04	  1.9571e-03	  2.3304e-03	  7.6931e-05	  1.4288e-02	  9.3904e-04	  3.8227e-04	  1.3624e-03	  4.5061e+03	  0.0000e+00	  0.0000e+00	  0.0000e+00	  0.0000e+00	  0.0000e+00	  0.0000e+00	
  7.1919e+00	  1.3487e-02	  5.4785e-04	  1.9571e-03	  2.3304e-03	  7.6931e-05	  1.4288e-02	  9.3905e-04	  3.8228e-04	  1.3625e-03	  4.5061e+03	  0.0000e+00	  0.0000e+00	  0.0000e+00	  0.0000e+00	  0.0000e+00	  0.0000e+00	
  7.1919e+00	  1.3487e-02	  5.4785e-04	  1.9572e-03	  2.3305e-03	  7.6931e-05	  1.4288e-02	  9.3907e-04	  3.8228e-04	  1.3625e-03	  4.5061e+03	  0.0000e+00	  0.0000e+00	  0.0000e+00	  0.0000e+00	  0.0000e+00	  0.0000e+00	
  7.1919e+00	  1.3487e-02	  5.4785e-04	  1.9572e-03	  2.3305e-03	  7.6930e-05	  1.4288e-02	  9.3909e-04	  3.8228e-04	  1.3626e-03	  4.5061e+03	  0.0000e+00	  0.0000e+00	  0.0000e+00	  0.0000e+00	  0.0000e+00	  0.0000e+00	
  7.1919e+00	  1.3487e-02	  5.4785e-04	  1.9572e-03	  2.3305e-03	  7.6930e-05	  1.4288e-02	  9.3911e-04	  3.8228e-04	  1.3626e-03	  4.5062e+03	  0.0000e+00	  0.0000e+00	  0.0000e+00	  0.0000e+00	  0.0000e+00	  0.0000e+00	
  7.1919e+00	  1.3487e-02	  5.4785e-04	  1.9572e-03	  2.3305e-03	  7.6930e-05	  1.4288e-02	  9.3913e-04	  3.8228e-04	  1.3627e-03	  4.5062e+03	  0.0000e+00	  0.0000e+00	  0.0000e+00	  0.0000e+00	  0.0000e+00	  0.0000e+00	
