          pH	          Na	           K	          Ca	          Mg	         PO4	          Cl	         SO4	         NH4	        HCO3	          sc	         FeS	      Pyrite	     Calcite	       CaPO4	      Fe3PO4	     CaMgCO3	
  7.1752e+00	  1.1965e-02	  4.9263e-04	  1.5220e-03	  1.8123e-03	  8.1986e-05	  1.2516e-02	  3.8049e-04	  3.4444e-04	  5.3769e-06	  3.7652e+03	  0.0000e+00	  0.0000e+00	  0.0000e+00	  0.0000e+00	  0.0000e+00	  0.0000e+00	
  7.1752e+00	  1.1965e-02	  4.9263e-04	  1.5220e-03	  1.8123e-03	  8.1986e-05	  1.2516e-02	  3.8049e-04	  3.4444e-04	  5.3769e-06	  3.7652e+03	  0.0000e+00	  0.0000e+00	  0.0000e+00	  0.0000e+00	  0.0000e+00	  0.0000e+00	
  7.1759e+00	  1.2006e-02	  4.9413e-04	  1.5330e-03	  1.8256e-03	  8.1829e-05	  1.2562e-02	  3.9592e-04	  3.4548e-04	  4.2781e-05	  3.7850e+03	  0.0000e+00	  0.0000e+00	  0.0000e+00	  0.0000e+00	  0.0000e+00	  0.0000e+00	
  7.1768e+00	  1.2045e-02	  4.9556e-04	  1.5436e-03	  1.8382e-03	  8.1683e-05	  1.2606e-02	  4.1075e-04	  3.4646e-04	  7.7927e-05	  3.8040e+03	  0.0000e+00	  0.0000e+00	  0.0000e+00	  0.0000e+00	  0.0000e+00	  0.0000e+00	
  7.1778e+00	  1.2082e-02	  4.9693e-04	  1.5539e-03	  1.8504e-03	  8.1543e-05	  1.2648e-02	  4.2501e-04	  3.4741e-04	  1.1178e-04	  3.8223e+03	  0.0000e+00	  0.0000e+00	  0.0000e+00	  0.0000e+00	  0.0000e+00	  0.0000e+00	
  7.1787e+00	  1.2118e-02	  4.9825e-04	  1.5637e-03	  1.8622e-03	  8.1410e-05	  1.2690e-02	  4.3871e-04	  3.4832e-04	  1.4440e-04	  3.8399e+03	  0.0000e+00	  0.0000e+00	  0.0000e+00	  0.0000e+00	  0.0000e+00	  0.0000e+00	
  7.1796e+00	  1.2153e-02	  4.9953e-04	  1.5733e-03	  1.8736e-03	  8.1282e-05	  1.2729e-02	  4.5188e-04	  3.4920e-04	  1.7582e-04	  3.8569e+03	  0.0000e+00	  0.0000e+00	  0.0000e+00	  0.0000e+00	  0.0000e+00	  0.0000e+00	
  7.1804e+00	  1.2187e-02	  5.0075e-04	  1.5825e-03	  1.8846e-03	  8.1159e-05	  1.2768e-02	  4.6455e-04	  3.5005e-04	  2.0610e-04	  3.8733e+03	  0.0000e+00	  0.0000e+00	  0.0000e+00	  0.0000e+00	  0.0000e+00	  0.0000e+00	
  7.1812e+00	  1.2219e-02	  5.0194e-04	  1.5914e-03	  1.8952e-03	  8.1042e-05	  1.2804e-02	  4.7673e-04	  3.5086e-04	  2.3528e-04	  3.8891e+03	  0.0000e+00	  0.0000e+00	  0.0000e+00	  0.0000e+00	  0.0000e+00	  0.0000e+00	
  7.1820e+00	  1.2250e-02	  5.0307e-04	  1.6000e-03	  1.9055e-03	  8.0930e-05	  1.2840e-02	  4.8844e-04	  3.5164e-04	  2.6340e-04	  3.9043e+03	  0.0000e+00	  0.0000e+00	  0.0000e+00	  0.0000e+00	  0.0000e+00	  0.0000e+00	
  7.1827e+00	  1.2280e-02	  5.0417e-04	  1.6084e-03	  1.9154e-03	  8.0822e-05	  1.2875e-02	  4.9971e-04	  3.5240e-04	  2.9051e-04	  3.9189e+03	  0.0000e+00	  0.0000e+00	  0.0000e+00	  0.0000e+00	  0.0000e+00	  0.0000e+00	
  7.1835e+00	  1.2309e-02	  5.0523e-04	  1.6164e-03	  1.9250e-03	  8.0719e-05	  1.2908e-02	  5.1056e-04	  3.5313e-04	  3.1663e-04	  3.9331e+03	  0.0000e+00	  0.0000e+00	  0.0000e+00	  0.0000e+00	  0.0000e+00	  0.0000e+00	
  7.1842e+00	  1.2337e-02	  5.0624e-04	  1.6242e-03	  1.9342e-03	  8.0620e-05	  1.2940e-02	  5.2100e-04	  3.5383e-04	  3.4182e-04	  3.9467e+03	  0.0000e+00	  0.0000e+00	  0.0000e+00	  0.0000e+00	  0.0000e+00	  0.0000e+00	
  7.1848e+00	  1.2364e-02	  5.0723e-04	  1.6317e-03	  1.9432e-03	  8.0525e-05	  1.2971e-02	  5.3104e-04	  3.5450e-04	  3.6609e-04	  3.9598e+03	  0.0000e+00	  0.0000e+00	  0.0000e+00	  0.0000e+00	  0.0000e+00	  0.0000e+00	
  7.1855e+00	  1.2390e-02	  5.0817e-04	  1.6389e-03	  1.9518e-03	  8.0434e-05	  1.3001e-02	  5.4071e-04	  3.5516e-04	  3.8950e-04	  3.9725e+03	  0.0000e+00	  0.0000e+00	  0.0000e+00	  0.0000e+00	  0.0000e+00	  0.0000e+00	
  7.1861e+00	  1.2415e-02	  5.0908e-04	  1.6459e-03	  1.9602e-03	  8.0347e-05	  1.3030e-02	  5.5002e-04	  3.5578e-04	  4.1206e-04	  3.9847e+03	  0.0000e+00	  0.0000e+00	  0.0000e+00	  0.0000e+00	  0.0000e+00	  0.0000e+00	
  7.1867e+00	  1.2439e-02	  5.0996e-04	  1.6527e-03	  1.9682e-03	  8.0263e-05	  1.3057e-02	  5.5899e-04	  3.5639e-04	  4.3382e-04	  3.9965e+03	  0.0000e+00	  0.0000e+00	  0.0000e+00	  0.0000e+00	  0.0000e+00	  0.0000e+00	
  7.1872e+00	  1.2462e-02	  5.1081e-04	  1.6592e-03	  1.9760e-03	  8.0183e-05	  1.3084e-02	  5.6762e-04	  3.5697e-04	  4.5480e-04	  4.0078e+03	  0.0000e+00	  0.0000e+00	  0.0000e+00	  0.0000e+00	  0.0000e+00	  0.0000e+00	
  7.1878e+00	  1.2484e-02	  5.1162e-04	  1.6655e-03	  1.9835e-03	  8.0106e-05	  1.3110e-02	  5.7593e-04	  3.5753e-04	  4.7504e-04	  4.0188e+03	  0.0000e+00	  0.0000e+00	  0.0000e+00	  0.0000e+00	  0.0000e+00	  0.0000e+00	
  7.1883e+00	  1.2506e-02	  5.1241e-04	  1.6716e-03	  1.9908e-03	  8.0032e-05	  1.3135e-02	  5.8394e-04	  3.5807e-04	  4.9455e-04	  4.0294e+03	  0.0000e+00	  0.0000e+00	  0.0000e+00	  0.0000e+00	  0.0000e+00	  0.0000e+00	
  7.1888e+00	  1.2527e-02	  5.1317e-04	  1.6775e-03	  1.9978e-03	  7.9960e-05	  1.3159e-02	  5.9165e-04	  3.5860e-04	  5.1336e-04	  4.0395e+03	  0.0000e+00	  0.0000e+00	  0.0000e+00	  0.0000e+00	  0.0000e+00	  0.0000e+00	
  7.1893e+00	  1.2547e-02	  5.1390e-04	  1.6832e-03	  2.0046e-03	  7.9892e-05	  1.3183e-02	  5.9908e-04	  3.5910e-04	  5.3151e-04	  4.0494e+03	  0.0000e+00	  0.0000e+00	  0.0000e+00	  0.0000e+00	  0.0000e+00	  0.0000e+00	
  7.1898e+00	  1.2567e-02	  5.1461e-04	  1.6887e-03	  2.0111e-03	  7.9826e-05	  1.3205e-02	  6.0624e-04	  3.5958e-04	  5.4902e-04	  4.0588e+03	  0.0000e+00	  0.0000e+00	  0.0000e+00	  0.0000e+00	  0.0000e+00	  0.0000e+00	
  7.1903e+00	  1.2585e-02	  5.1529e-04	  1.6940e-03	  2.0174e-03	  7.9763e-05	  1.3227e-02	  6.1313e-04	  3.6005e-04	  5.6590e-04	  4.0680e+03	  0.0000e+00	  0.0000e+00	  0.0000e+00	  0.0000e+00	  0.0000e+00	  0.0000e+00	
  7.1907e+00	  1.2603e-02	  5.1594e-04	  1.6991e-03	  2.0235e-03	  7.9703e-05	  1.3248e-02	  6.1978e-04	  3.6050e-04	  5.8219e-04	  4.0768e+03	  0.0000e+00	  0.0000e+00	  0.0000e+00	  0.0000e+00	  0.0000e+00	  0.0000e+00	
  7.1911e+00	  1.2621e-02	  5.1657e-04	  1.7041e-03	  2.0294e-03	  7.9644e-05	  1.3268e-02	  6.2618e-04	  3.6094e-04	  5.9790e-04	  4.0853e+03	  0.0000e+00	  0.0000e+00	  0.0000e+00	  0.0000e+00	  0.0000e+00	  0.0000e+00	
  7.1915e+00	  1.2638e-02	  5.1718e-04	  1.7088e-03	  2.0351e-03	  7.9588e-05	  1.3288e-02	  6.3236e-04	  3.6136e-04	  6.1305e-04	  4.0935e+03	  0.0000e+00	  0.0000e+00	  0.0000e+00	  0.0000e+00	  0.0000e+00	  0.0000e+00	
  7.1919e+00	  1.2654e-02	  5.1777e-04	  1.7135e-03	  2.0406e-03	  7.9534e-05	  1.3307e-02	  6.3831e-04	  3.6176e-04	  6.2767e-04	  4.1015e+03	  0.0000e+00	  0.0000e+00	  0.0000e+00	  0.0000e+00	  0.0000e+00	  0.0000e+00	
  7.1923e+00	  1.2670e-02	  5.1834e-04	  1.7179e-03	  2.0459e-03	  7.9482e-05	  1.3325e-02	  6.4404e-04	  3.6215e-04	  6.4177e-04	  4.1091e+03	  0.0000e+00	  0.0000e+00	  0.0000e+00	  0.0000e+00	  0.0000e+00	  0.0000e+00	
  7.1927e+00	  1.2685e-02	  5.1889e-04	  1.7222e-03	  2.0511e-03	  7.9432e-05	  1.3343e-02	  6.4957e-04	  3.6253e-04	  6.5538e-04	  4.1165e+03	  0.0000e+00	  0.0000e+00	  0.0000e+00	  0.0000e+00	  0.0000e+00	  0.0000e+00	
  7.1930e+00	  1.2699e-02	  5.1942e-04	  1.7264e-03	  2.0560e-03	  7.9384e-05	  1.3360e-02	  6.5490e-04	  3.6289e-04	  6.6851e-04	  4.1236e+03	  0.0000e+00	  0.0000e+00	  0.0000e+00	  0.0000e+00	  0.0000e+00	  0.0000e+00	
  7.1934e+00	  1.2713e-02	  5.1992e-04	  1.7304e-03	  2.0608e-03	  7.9338e-05	  1.3376e-02	  6.6004e-04	  3.6324e-04	  6.8118e-04	  4.1304e+03	  0.0000e+00	  0.0000e+00	  0.0000e+00	  0.0000e+00	  0.0000e+00	  0.0000e+00	
  7.1937e+00	  1.2727e-02	  5.2042e-04	  1.7343e-03	  2.0654e-03	  7.9294e-05	  1.3392e-02	  6.6499e-04	  3.6358e-04	  6.9340e-04	  4.1371e+03	  0.0000e+00	  0.0000e+00	  0.0000e+00	  0.0000e+00	  0.0000e+00	  0.0000e+00	
  7.1940e+00	  1.2740e-02	  5.2089e-04	  1.7380e-03	  2.0699e-03	  7.9251e-05	  1.3407e-02	  6.6977e-04	  3.6390e-04	  7.0519e-04	  4.1435e+03	  0.0000e+00	  0.0000e+00	  0.0000e+00	  0.0000e+00	  0.0000e+00	  0.0000e+00	
  7.1943e+00	  1.2753e-02	  5.2135e-04	  1.7416e-03	  2.0742e-03	  7.9210e-05	  1.3422e-02	  6.7437e-04	  3.6422e-04	  7.1657e-04	  4.1496e+03	  0.0000e+00	  0.0000e+00	  0.0000e+00	  0.0000e+00	  0.0000e+00	  0.0000e+00	
  7.1946e+00	  1.2765e-02	  5.2179e-04	  1.7451e-03	  2.0784e-03	  7.9170e-05	  1.3436e-02	  6.7882e-04	  3.6452e-04	  7.2755e-04	  4.1556e+03	  0.0000e+00	  0.0000e+00	  0.0000e+00	  0.0000e+00	  0.0000e+00	  0.0000e+00	
  7.1949e+00	  1.2777e-02	  5.2221e-04	  1.7485e-03	  2.0824e-03	  7.9132e-05	  1.3450e-02	  6.8310e-04	  3.6481e-04	  7.3815e-04	  4.1613e+03	  0.0000e+00	  0.0000e+00	  0.0000e+00	  0.0000e+00	  0.0000e+00	  0.0000e+00	
  7.1952e+00	  1.2788e-02	  5.2262e-04	  1.7518e-03	  2.0863e-03	  7.9095e-05	  1.3463e-02	  6.8723e-04	  3.6510e-04	  7.4837e-04	  4.1669e+03	  0.0000e+00	  0.0000e+00	  0.0000e+00	  0.0000e+00	  0.0000e+00	  0.0000e+00	
  7.1955e+00	  1.2799e-02	  5.2302e-04	  1.7549e-03	  2.0900e-03	  7.9060e-05	  1.3476e-02	  6.9121e-04	  3.6537e-04	  7.5824e-04	  4.1722e+03	  0.0000e+00	  0.0000e+00	  0.0000e+00	  0.0000e+00	  0.0000e+00	  0.0000e+00	
  7.1957e+00	  1.2810e-02	  5.2340e-04	  1.7580e-03	  2.0936e-03	  7.9026e-05	  1.3489e-02	  6.9506e-04	  3.6563e-04	  7.6776e-04	  4.1774e+03	  0.0000e+00	  0.0000e+00	  0.0000e+00	  0.0000e+00	  0.0000e+00	  0.0000e+00	
  7.1960e+00	  1.2820e-02	  5.2377e-04	  1.7609e-03	  2.0971e-03	  7.8993e-05	  1.3501e-02	  6.9876e-04	  3.6588e-04	  7.7695e-04	  4.1824e+03	  0.0000e+00	  0.0000e+00	  0.0000e+00	  0.0000e+00	  0.0000e+00	  0.0000e+00	
  7.1962e+00	  1.2830e-02	  5.2413e-04	  1.7638e-03	  2.1005e-03	  7.8961e-05	  1.3512e-02	  7.0234e-04	  3.6613e-04	  7.8581e-04	  4.1872e+03	  0.0000e+00	  0.0000e+00	  0.0000e+00	  0.0000e+00	  0.0000e+00	  0.0000e+00	
  7.1964e+00	  1.2839e-02	  5.2447e-04	  1.7665e-03	  2.1038e-03	  7.8931e-05	  1.3523e-02	  7.0579e-04	  3.6636e-04	  7.9437e-04	  4.1918e+03	  0.0000e+00	  0.0000e+00	  0.0000e+00	  0.0000e+00	  0.0000e+00	  0.0000e+00	
  7.1967e+00	  1.2849e-02	  5.2480e-04	  1.7691e-03	  2.1069e-03	  7.8902e-05	  1.3534e-02	  7.0911e-04	  3.6659e-04	  8.0263e-04	  4.1963e+03	  0.0000e+00	  0.0000e+00	  0.0000e+00	  0.0000e+00	  0.0000e+00	  0.0000e+00	
  7.1969e+00	  1.2857e-02	  5.2512e-04	  1.7717e-03	  2.1099e-03	  7.8873e-05	  1.3544e-02	  7.1232e-04	  3.6681e-04	  8.1060e-04	  4.2006e+03	  0.0000e+00	  0.0000e+00	  0.0000e+00	  0.0000e+00	  0.0000e+00	  0.0000e+00	
  7.1971e+00	  1.2866e-02	  5.2543e-04	  1.7742e-03	  2.1129e-03	  7.8846e-05	  1.3554e-02	  7.1542e-04	  3.6702e-04	  8.1829e-04	  4.2048e+03	  0.0000e+00	  0.0000e+00	  0.0000e+00	  0.0000e+00	  0.0000e+00	  0.0000e+00	
  7.1973e+00	  1.2874e-02	  5.2573e-04	  1.7765e-03	  2.1157e-03	  7.8820e-05	  1.3564e-02	  7.1840e-04	  3.6723e-04	  8.2572e-04	  4.2088e+03	  0.0000e+00	  0.0000e+00	  0.0000e+00	  0.0000e+00	  0.0000e+00	  0.0000e+00	
  7.1975e+00	  1.2882e-02	  5.2602e-04	  1.7788e-03	  2.1185e-03	  7.8795e-05	  1.3573e-02	  7.2128e-04	  3.6742e-04	  8.3289e-04	  4.2127e+03	  0.0000e+00	  0.0000e+00	  0.0000e+00	  0.0000e+00	  0.0000e+00	  0.0000e+00	
  7.1977e+00	  1.2890e-02	  5.2629e-04	  1.7811e-03	  2.1211e-03	  7.8770e-05	  1.3582e-02	  7.2406e-04	  3.6761e-04	  8.3980e-04	  4.2164e+03	  0.0000e+00	  0.0000e+00	  0.0000e+00	  0.0000e+00	  0.0000e+00	  0.0000e+00	
  7.1978e+00	  1.2897e-02	  5.2656e-04	  1.7832e-03	  2.1237e-03	  7.8747e-05	  1.3591e-02	  7.2674e-04	  3.6780e-04	  8.4648e-04	  4.2201e+03	  0.0000e+00	  0.0000e+00	  0.0000e+00	  0.0000e+00	  0.0000e+00	  0.0000e+00	
  7.1980e+00	  1.2905e-02	  5.2682e-04	  1.7853e-03	  2.1261e-03	  7.8724e-05	  1.3600e-02	  7.2933e-04	  3.6798e-04	  8.5292e-04	  4.2236e+03	  0.0000e+00	  0.0000e+00	  0.0000e+00	  0.0000e+00	  0.0000e+00	  0.0000e+00	
  7.1982e+00	  1.2912e-02	  5.2707e-04	  1.7873e-03	  2.1285e-03	  7.8702e-05	  1.3608e-02	  7.3183e-04	  3.6815e-04	  8.5914e-04	  4.2269e+03	  0.0000e+00	  0.0000e+00	  0.0000e+00	  0.0000e+00	  0.0000e+00	  0.0000e+00	
  7.1983e+00	  1.2918e-02	  5.2731e-04	  1.7892e-03	  2.1308e-03	  7.8681e-05	  1.3616e-02	  7.3424e-04	  3.6831e-04	  8.6515e-04	  4.2302e+03	  0.0000e+00	  0.0000e+00	  0.0000e+00	  0.0000e+00	  0.0000e+00	  0.0000e+00	
  7.1985e+00	  1.2925e-02	  5.2754e-04	  1.7911e-03	  2.1330e-03	  7.8661e-05	  1.3623e-02	  7.3656e-04	  3.6847e-04	  8.7094e-04	  4.2333e+03	  0.0000e+00	  0.0000e+00	  0.0000e+00	  0.0000e+00	  0.0000e+00	  0.0000e+00	
  7.1986e+00	  1.2931e-02	  5.2777e-04	  1.7929e-03	  2.1352e-03	  7.8641e-05	  1.3630e-02	  7.3881e-04	  3.6863e-04	  8.7654e-04	  4.2364e+03	  0.0000e+00	  0.0000e+00	  0.0000e+00	  0.0000e+00	  0.0000e+00	  0.0000e+00	
  7.1988e+00	  1.2937e-02	  5.2798e-04	  1.7946e-03	  2.1372e-03	  7.8623e-05	  1.3638e-02	  7.4097e-04	  3.6877e-04	  8.8194e-04	  4.2393e+03	  0.0000e+00	  0.0000e+00	  0.0000e+00	  0.0000e+00	  0.0000e+00	  0.0000e+00	
  7.1989e+00	  1.2943e-02	  5.2819e-04	  1.7963e-03	  2.1392e-03	  7.8604e-05	  1.3644e-02	  7.4306e-04	  3.6892e-04	  8.8715e-04	  4.2421e+03	  0.0000e+00	  0.0000e+00	  0.0000e+00	  0.0000e+00	  0.0000e+00	  0.0000e+00	
  7.1991e+00	  1.2948e-02	  5.2839e-04	  1.7979e-03	  2.1412e-03	  7.8587e-05	  1.3651e-02	  7.4508e-04	  3.6906e-04	  8.9218e-04	  4.2448e+03	  0.0000e+00	  0.0000e+00	  0.0000e+00	  0.0000e+00	  0.0000e+00	  0.0000e+00	
  7.1992e+00	  1.2954e-02	  5.2859e-04	  1.7995e-03	  2.1430e-03	  7.8570e-05	  1.3657e-02	  7.4702e-04	  3.6919e-04	  8.9704e-04	  4.2475e+03	  0.0000e+00	  0.0000e+00	  0.0000e+00	  0.0000e+00	  0.0000e+00	  0.0000e+00	
  7.1993e+00	  1.2959e-02	  5.2878e-04	  1.8010e-03	  2.1448e-03	  7.8554e-05	  1.3663e-02	  7.4890e-04	  3.6932e-04	  9.0173e-04	  4.2500e+03	  0.0000e+00	  0.0000e+00	  0.0000e+00	  0.0000e+00	  0.0000e+00	  0.0000e+00	
  7.1994e+00	  1.2964e-02	  5.2896e-04	  1.8025e-03	  2.1466e-03	  7.8538e-05	  1.3669e-02	  7.5071e-04	  3.6944e-04	  9.0626e-04	  4.2525e+03	  0.0000e+00	  0.0000e+00	  0.0000e+00	  0.0000e+00	  0.0000e+00	  0.0000e+00	
  7.1995e+00	  1.2969e-02	  5.2913e-04	  1.8039e-03	  2.1483e-03	  7.8523e-05	  1.3675e-02	  7.5246e-04	  3.6956e-04	  9.1063e-04	  4.2549e+03	  0.0000e+00	  0.0000e+00	  0.0000e+00	  0.0000e+00	  0.0000e+00	  0.0000e+00	
  7.1997e+00	  1.2974e-02	  5.2930e-04	  1.8053e-03	  2.1499e-03	  7.8508e-05	  1.3681e-02	  7.5415e-04	  3.6968e-04	  9.1484e-04	  4.2571e+03	  0.0000e+00	  0.0000e+00	  0.0000e+00	  0.0000e+00	  0.0000e+00	  0.0000e+00	
  7.1998e+00	  1.2978e-02	  5.2946e-04	  1.8066e-03	  2.1514e-03	  7.8494e-05	  1.3686e-02	  7.5578e-04	  3.6979e-04	  9.1892e-04	  4.2593e+03	  0.0000e+00	  0.0000e+00	  0.0000e+00	  0.0000e+00	  0.0000e+00	  0.0000e+00	
  7.1999e+00	  1.2983e-02	  5.2962e-04	  1.8079e-03	  2.1530e-03	  7.8480e-05	  1.3691e-02	  7.5735e-04	  3.6990e-04	  9.2285e-04	  4.2615e+03	  0.0000e+00	  0.0000e+00	  0.0000e+00	  0.0000e+00	  0.0000e+00	  0.0000e+00	
  7.2000e+00	  1.2987e-02	  5.2977e-04	  1.8091e-03	  2.1544e-03	  7.8467e-05	  1.3696e-02	  7.5887e-04	  3.7000e-04	  9.2664e-04	  4.2635e+03	  0.0000e+00	  0.0000e+00	  0.0000e+00	  0.0000e+00	  0.0000e+00	  0.0000e+00	
  7.2001e+00	  1.2991e-02	  5.2992e-04	  1.8103e-03	  2.1558e-03	  7.8455e-05	  1.3701e-02	  7.6033e-04	  3.7010e-04	  9.3031e-04	  4.2655e+03	  0.0000e+00	  0.0000e+00	  0.0000e+00	  0.0000e+00	  0.0000e+00	  0.0000e+00	
  7.2002e+00	  1.2995e-02	  5.3006e-04	  1.8114e-03	  2.1572e-03	  7.8442e-05	  1.3706e-02	  7.6175e-04	  3.7020e-04	  9.3384e-04	  4.2674e+03	  0.0000e+00	  0.0000e+00	  0.0000e+00	  0.0000e+00	  0.0000e+00	  0.0000e+00	
  7.2003e+00	  1.2999e-02	  5.3020e-04	  1.8125e-03	  2.1585e-03	  7.8431e-05	  1.3710e-02	  7.6311e-04	  3.7029e-04	  9.3726e-04	  4.2693e+03	  0.0000e+00	  0.0000e+00	  0.0000e+00	  0.0000e+00	  0.0000e+00	  0.0000e+00	
  7.2003e+00	  1.3002e-02	  5.3033e-04	  1.8136e-03	  2.1598e-03	  7.8419e-05	  1.3714e-02	  7.6443e-04	  3.7038e-04	  9.4055e-04	  4.2711e+03	  0.0000e+00	  0.0000e+00	  0.0000e+00	  0.0000e+00	  0.0000e+00	  0.0000e+00	
  7.2004e+00	  1.3006e-02	  5.3046e-04	  1.8146e-03	  2.1610e-03	  7.8408e-05	  1.3718e-02	  7.6570e-04	  3.7047e-04	  9.4374e-04	  4.2728e+03	  0.0000e+00	  0.0000e+00	  0.0000e+00	  0.0000e+00	  0.0000e+00	  0.0000e+00	
  7.2005e+00	  1.3009e-02	  5.3058e-04	  1.8156e-03	  2.1622e-03	  7.8398e-05	  1.3723e-02	  7.6693e-04	  3.7056e-04	  9.4681e-04	  4.2745e+03	  0.0000e+00	  0.0000e+00	  0.0000e+00	  0.0000e+00	  0.0000e+00	  0.0000e+00	
  7.2006e+00	  1.3013e-02	  5.3070e-04	  1.8166e-03	  2.1633e-03	  7.8387e-05	  1.3726e-02	  7.6811e-04	  3.7064e-04	  9.4978e-04	  4.2761e+03	  0.0000e+00	  0.0000e+00	  0.0000e+00	  0.0000e+00	  0.0000e+00	  0.0000e+00	
  7.2007e+00	  1.3016e-02	  5.3081e-04	  1.8175e-03	  2.1644e-03	  7.8378e-05	  1.3730e-02	  7.6926e-04	  3.7072e-04	  9.5264e-04	  4.2776e+03	  0.0000e+00	  0.0000e+00	  0.0000e+00	  0.0000e+00	  0.0000e+00	  0.0000e+00	
  7.2007e+00	  1.3019e-02	  5.3092e-04	  1.8184e-03	  2.1655e-03	  7.8368e-05	  1.3734e-02	  7.7036e-04	  3.7079e-04	  9.5540e-04	  4.2791e+03	  0.0000e+00	  0.0000e+00	  0.0000e+00	  0.0000e+00	  0.0000e+00	  0.0000e+00	
  7.2008e+00	  1.3022e-02	  5.3103e-04	  1.8193e-03	  2.1665e-03	  7.8359e-05	  1.3737e-02	  7.7143e-04	  3.7086e-04	  9.5807e-04	  4.2806e+03	  0.0000e+00	  0.0000e+00	  0.0000e+00	  0.0000e+00	  0.0000e+00	  0.0000e+00	
  7.2009e+00	  1.3025e-02	  5.3113e-04	  1.8201e-03	  2.1675e-03	  7.8350e-05	  1.3741e-02	  7.7245e-04	  3.7094e-04	  9.6065e-04	  4.2820e+03	  0.0000e+00	  0.0000e+00	  0.0000e+00	  0.0000e+00	  0.0000e+00	  0.0000e+00	
  7.2009e+00	  1.3027e-02	  5.3123e-04	  1.8209e-03	  2.1685e-03	  7.8342e-05	  1.3744e-02	  7.7345e-04	  3.7100e-04	  9.6314e-04	  4.2833e+03	  0.0000e+00	  0.0000e+00	  0.0000e+00	  0.0000e+00	  0.0000e+00	  0.0000e+00	
  7.2010e+00	  1.3030e-02	  5.3133e-04	  1.8217e-03	  2.1694e-03	  7.8333e-05	  1.3747e-02	  7.7441e-04	  3.7107e-04	  9.6554e-04	  4.2846e+03	  0.0000e+00	  0.0000e+00	  0.0000e+00	  0.0000e+00	  0.0000e+00	  0.0000e+00	
  7.2011e+00	  1.3033e-02	  5.3142e-04	  1.8224e-03	  2.1703e-03	  7.8325e-05	  1.3750e-02	  7.7533e-04	  3.7113e-04	  9.6786e-04	  4.2859e+03	  0.0000e+00	  0.0000e+00	  0.0000e+00	  0.0000e+00	  0.0000e+00	  0.0000e+00	
  7.2011e+00	  1.3035e-02	  5.3151e-04	  1.8232e-03	  2.1712e-03	  7.8318e-05	  1.3753e-02	  7.7622e-04	  3.7119e-04	  9.7010e-04	  4.2871e+03	  0.0000e+00	  0.0000e+00	  0.0000e+00	  0.0000e+00	  0.0000e+00	  0.0000e+00	
  7.2012e+00	  1.3038e-02	  5.3160e-04	  1.8239e-03	  2.1720e-03	  7.8310e-05	  1.3756e-02	  7.7709e-04	  3.7125e-04	  9.7226e-04	  4.2883e+03	  0.0000e+00	  0.0000e+00	  0.0000e+00	  0.0000e+00	  0.0000e+00	  0.0000e+00	
  7.2012e+00	  1.3040e-02	  5.3168e-04	  1.8245e-03	  2.1728e-03	  7.8303e-05	  1.3759e-02	  7.7792e-04	  3.7131e-04	  9.7435e-04	  4.2894e+03	  0.0000e+00	  0.0000e+00	  0.0000e+00	  0.0000e+00	  0.0000e+00	  0.0000e+00	
  7.2013e+00	  1.3042e-02	  5.3176e-04	  1.8252e-03	  2.1736e-03	  7.8296e-05	  1.3761e-02	  7.7872e-04	  3.7137e-04	  9.7636e-04	  4.2905e+03	  0.0000e+00	  0.0000e+00	  0.0000e+00	  0.0000e+00	  0.0000e+00	  0.0000e+00	
  7.2013e+00	  1.3044e-02	  5.3184e-04	  1.8258e-03	  2.1743e-03	  7.8290e-05	  1.3764e-02	  7.7950e-04	  3.7142e-04	  9.7831e-04	  4.2916e+03	  0.0000e+00	  0.0000e+00	  0.0000e+00	  0.0000e+00	  0.0000e+00	  0.0000e+00	
  7.2014e+00	  1.3046e-02	  5.3192e-04	  1.8264e-03	  2.1751e-03	  7.8283e-05	  1.3766e-02	  7.8025e-04	  3.7147e-04	  9.8019e-04	  4.2926e+03	  0.0000e+00	  0.0000e+00	  0.0000e+00	  0.0000e+00	  0.0000e+00	  0.0000e+00	
  7.2014e+00	  1.3048e-02	  5.3199e-04	  1.8270e-03	  2.1758e-03	  7.8277e-05	  1.3769e-02	  7.8097e-04	  3.7152e-04	  9.8200e-04	  4.2936e+03	  0.0000e+00	  0.0000e+00	  0.0000e+00	  0.0000e+00	  0.0000e+00	  0.0000e+00	
  7.2015e+00	  1.3050e-02	  5.3206e-04	  1.8276e-03	  2.1764e-03	  7.8271e-05	  1.3771e-02	  7.8167e-04	  3.7157e-04	  9.8375e-04	  4.2945e+03	  0.0000e+00	  0.0000e+00	  0.0000e+00	  0.0000e+00	  0.0000e+00	  0.0000e+00	
  7.2015e+00	  1.3052e-02	  5.3213e-04	  1.8282e-03	  2.1771e-03	  7.8265e-05	  1.3773e-02	  7.8234e-04	  3.7162e-04	  9.8544e-04	  4.2954e+03	  0.0000e+00	  0.0000e+00	  0.0000e+00	  0.0000e+00	  0.0000e+00	  0.0000e+00	
  7.2016e+00	  1.3054e-02	  5.3219e-04	  1.8287e-03	  2.1777e-03	  7.8260e-05	  1.3775e-02	  7.8299e-04	  3.7166e-04	  9.8708e-04	  4.2963e+03	  0.0000e+00	  0.0000e+00	  0.0000e+00	  0.0000e+00	  0.0000e+00	  0.0000e+00	
  7.2016e+00	  1.3056e-02	  5.3225e-04	  1.8292e-03	  2.1783e-03	  7.8254e-05	  1.3777e-02	  7.8362e-04	  3.7170e-04	  9.8865e-04	  4.2972e+03	  0.0000e+00	  0.0000e+00	  0.0000e+00	  0.0000e+00	  0.0000e+00	  0.0000e+00	
  7.2017e+00	  1.3058e-02	  5.3232e-04	  1.8297e-03	  2.1789e-03	  7.8249e-05	  1.3779e-02	  7.8423e-04	  3.7174e-04	  9.9017e-04	  4.2980e+03	  0.0000e+00	  0.0000e+00	  0.0000e+00	  0.0000e+00	  0.0000e+00	  0.0000e+00	
  7.2017e+00	  1.3059e-02	  5.3237e-04	  1.8302e-03	  2.1795e-03	  7.8244e-05	  1.3781e-02	  7.8481e-04	  3.7179e-04	  9.9164e-04	  4.2988e+03	  0.0000e+00	  0.0000e+00	  0.0000e+00	  0.0000e+00	  0.0000e+00	  0.0000e+00	
  7.2017e+00	  1.3061e-02	  5.3243e-04	  1.8306e-03	  2.1800e-03	  7.8239e-05	  1.3783e-02	  7.8538e-04	  3.7182e-04	  9.9306e-04	  4.2996e+03	  0.0000e+00	  0.0000e+00	  0.0000e+00	  0.0000e+00	  0.0000e+00	  0.0000e+00	
  7.2018e+00	  1.3062e-02	  5.3249e-04	  1.8311e-03	  2.1806e-03	  7.8235e-05	  1.3785e-02	  7.8592e-04	  3.7186e-04	  9.9443e-04	  4.3003e+03	  0.0000e+00	  0.0000e+00	  0.0000e+00	  0.0000e+00	  0.0000e+00	  0.0000e+00	
  7.2018e+00	  1.3064e-02	  5.3254e-04	  1.8315e-03	  2.1811e-03	  7.8230e-05	  1.3787e-02	  7.8645e-04	  3.7190e-04	  9.9575e-04	  4.3010e+03	  0.0000e+00	  0.0000e+00	  0.0000e+00	  0.0000e+00	  0.0000e+00	  0.0000e+00	
  7.2018e+00	  1.3065e-02	  5.3259e-04	  1.8319e-03	  2.1816e-03	  7.8226e-05	  1.3788e-02	  7.8696e-04	  3.7193e-04	  9.9703e-04	  4.3017e+03	  0.0000e+00	  0.0000e+00	  0.0000e+00	  0.0000e+00	  0.0000e+00	  0.0000e+00	
  7.2019e+00	  1.3067e-02	  5.3264e-04	  1.8323e-03	  2.1821e-03	  7.8221e-05	  1.3790e-02	  7.8745e-04	  3.7197e-04	  9.9826e-04	  4.3024e+03	  0.0000e+00	  0.0000e+00	  0.0000e+00	  0.0000e+00	  0.0000e+00	  0.0000e+00	
  7.2019e+00	  1.3068e-02	  5.3269e-04	  1.8327e-03	  2.1825e-03	  7.8217e-05	  1.3792e-02	  7.8792e-04	  3.7200e-04	  9.9945e-04	  4.3030e+03	  0.0000e+00	  0.0000e+00	  0.0000e+00	  0.0000e+00	  0.0000e+00	  0.0000e+00	
  7.2019e+00	  1.3069e-02	  5.3273e-04	  1.8331e-03	  2.1830e-03	  7.8214e-05	  1.3793e-02	  7.8838e-04	  3.7203e-04	  1.0006e-03	  4.3037e+03	  0.0000e+00	  0.0000e+00	  0.0000e+00	  0.0000e+00	  0.0000e+00	  0.0000e+00	
  7.2020e+00	  1.3070e-02	  5.3278e-04	  1.8334e-03	  2.1834e-03	  7.8210e-05	  1.3795e-02	  7.8882e-04	  3.7206e-04	  1.0017e-03	  4.3043e+03	  0.0000e+00	  0.0000e+00	  0.0000e+00	  0.0000e+00	  0.0000e+00	  0.0000e+00	
  7.2020e+00	  1.3072e-02	  5.3282e-04	  1.8338e-03	  2.1838e-03	  7.8206e-05	  1.3796e-02	  7.8925e-04	  3.7209e-04	  1.0028e-03	  4.3049e+03	  0.0000e+00	  0.0000e+00	  0.0000e+00	  0.0000e+00	  0.0000e+00	  0.0000e+00	
  7.2020e+00	  1.3073e-02	  5.3286e-04	  1.8341e-03	  2.1842e-03	  7.8203e-05	  1.3797e-02	  7.8966e-04	  3.7212e-04	  1.0038e-03	  4.3054e+03	  0.0000e+00	  0.0000e+00	  0.0000e+00	  0.0000e+00	  0.0000e+00	  0.0000e+00	
  7.2021e+00	  1.3074e-02	  5.3290e-04	  1.8345e-03	  2.1846e-03	  7.8199e-05	  1.3799e-02	  7.9006e-04	  3.7215e-04	  1.0048e-03	  4.3060e+03	  0.0000e+00	  0.0000e+00	  0.0000e+00	  0.0000e+00	  0.0000e+00	  0.0000e+00	
  7.2021e+00	  1.3075e-02	  5.3294e-04	  1.8348e-03	  2.1850e-03	  7.8196e-05	  1.3800e-02	  7.9044e-04	  3.7217e-04	  1.0058e-03	  4.3065e+03	  0.0000e+00	  0.0000e+00	  0.0000e+00	  0.0000e+00	  0.0000e+00	  0.0000e+00	
  7.2021e+00	  1.3076e-02	  5.3298e-04	  1.8351e-03	  2.1853e-03	  7.8193e-05	  1.3801e-02	  7.9081e-04	  3.7220e-04	  1.0067e-03	  4.3070e+03	  0.0000e+00	  0.0000e+00	  0.0000e+00	  0.0000e+00	  0.0000e+00	  0.0000e+00	
  7.2021e+00	  1.3077e-02	  5.3301e-04	  1.8354e-03	  2.1857e-03	  7.8190e-05	  1.3802e-02	  7.9117e-04	  3.7222e-04	  1.0076e-03	  4.3075e+03	  0.0000e+00	  0.0000e+00	  0.0000e+00	  0.0000e+00	  0.0000e+00	  0.0000e+00	
  7.2022e+00	  1.3078e-02	  5.3305e-04	  1.8356e-03	  2.1860e-03	  7.8187e-05	  1.3804e-02	  7.9152e-04	  3.7225e-04	  1.0085e-03	  4.3079e+03	  0.0000e+00	  0.0000e+00	  0.0000e+00	  0.0000e+00	  0.0000e+00	  0.0000e+00	
  7.2022e+00	  1.3079e-02	  5.3308e-04	  1.8359e-03	  2.1863e-03	  7.8184e-05	  1.3805e-02	  7.9185e-04	  3.7227e-04	  1.0093e-03	  4.3084e+03	  0.0000e+00	  0.0000e+00	  0.0000e+00	  0.0000e+00	  0.0000e+00	  0.0000e+00	
  7.2022e+00	  1.3080e-02	  5.3311e-04	  1.8362e-03	  2.1866e-03	  7.8181e-05	  1.3806e-02	  7.9217e-04	  3.7229e-04	  1.0101e-03	  4.3088e+03	  0.0000e+00	  0.0000e+00	  0.0000e+00	  0.0000e+00	  0.0000e+00	  0.0000e+00	
  7.2022e+00	  1.3081e-02	  5.3314e-04	  1.8364e-03	  2.1869e-03	  7.8178e-05	  1.3807e-02	  7.9249e-04	  3.7231e-04	  1.0109e-03	  4.3093e+03	  0.0000e+00	  0.0000e+00	  0.0000e+00	  0.0000e+00	  0.0000e+00	  0.0000e+00	
  7.2022e+00	  1.3082e-02	  5.3317e-04	  1.8367e-03	  2.1872e-03	  7.8176e-05	  1.3808e-02	  7.9279e-04	  3.7233e-04	  1.0117e-03	  4.3097e+03	  0.0000e+00	  0.0000e+00	  0.0000e+00	  0.0000e+00	  0.0000e+00	  0.0000e+00	
  7.2023e+00	  1.3082e-02	  5.3320e-04	  1.8369e-03	  2.1875e-03	  7.8173e-05	  1.3809e-02	  7.9308e-04	  3.7235e-04	  1.0124e-03	  4.3101e+03	  0.0000e+00	  0.0000e+00	  0.0000e+00	  0.0000e+00	  0.0000e+00	  0.0000e+00	
  7.2023e+00	  1.3083e-02	  5.3323e-04	  1.8372e-03	  2.1878e-03	  7.8171e-05	  1.3810e-02	  7.9336e-04	  3.7237e-04	  1.0131e-03	  4.3105e+03	  0.0000e+00	  0.0000e+00	  0.0000e+00	  0.0000e+00	  0.0000e+00	  0.0000e+00	
  7.2023e+00	  1.3084e-02	  5.3326e-04	  1.8374e-03	  2.1881e-03	  7.8169e-05	  1.3811e-02	  7.9363e-04	  3.7239e-04	  1.0138e-03	  4.3108e+03	  0.0000e+00	  0.0000e+00	  0.0000e+00	  0.0000e+00	  0.0000e+00	  0.0000e+00	
  7.2023e+00	  1.3085e-02	  5.3329e-04	  1.8376e-03	  2.1883e-03	  7.8166e-05	  1.3811e-02	  7.9389e-04	  3.7241e-04	  1.0144e-03	  4.3112e+03	  0.0000e+00	  0.0000e+00	  0.0000e+00	  0.0000e+00	  0.0000e+00	  0.0000e+00	
  7.2023e+00	  1.3085e-02	  5.3331e-04	  1.8378e-03	  2.1886e-03	  7.8164e-05	  1.3812e-02	  7.9414e-04	  3.7243e-04	  1.0151e-03	  4.3115e+03	  0.0000e+00	  0.0000e+00	  0.0000e+00	  0.0000e+00	  0.0000e+00	  0.0000e+00	
  7.2023e+00	  1.3086e-02	  5.3334e-04	  1.8380e-03	  2.1888e-03	  7.8162e-05	  1.3813e-02	  7.9438e-04	  3.7244e-04	  1.0157e-03	  4.3119e+03	  0.0000e+00	  0.0000e+00	  0.0000e+00	  0.0000e+00	  0.0000e+00	  0.0000e+00	
  7.2024e+00	  1.3087e-02	  5.3336e-04	  1.8382e-03	  2.1890e-03	  7.8160e-05	  1.3814e-02	  7.9462e-04	  3.7246e-04	  1.0163e-03	  4.3122e+03	  0.0000e+00	  0.0000e+00	  0.0000e+00	  0.0000e+00	  0.0000e+00	  0.0000e+00	
  7.2024e+00	  1.3087e-02	  5.3338e-04	  1.8384e-03	  2.1892e-03	  7.8158e-05	  1.3815e-02	  7.9484e-04	  3.7248e-04	  1.0168e-03	  4.3125e+03	  0.0000e+00	  0.0000e+00	  0.0000e+00	  0.0000e+00	  0.0000e+00	  0.0000e+00	
  7.2024e+00	  1.3088e-02	  5.3340e-04	  1.8385e-03	  2.1895e-03	  7.8156e-05	  1.3815e-02	  7.9506e-04	  3.7249e-04	  1.0174e-03	  4.3128e+03	  0.0000e+00	  0.0000e+00	  0.0000e+00	  0.0000e+00	  0.0000e+00	  0.0000e+00	
  7.2024e+00	  1.3089e-02	  5.3343e-04	  1.8387e-03	  2.1897e-03	  7.8155e-05	  1.3816e-02	  7.9527e-04	  3.7251e-04	  1.0179e-03	  4.3131e+03	  0.0000e+00	  0.0000e+00	  0.0000e+00	  0.0000e+00	  0.0000e+00	  0.0000e+00	
  7.2024e+00	  1.3089e-02	  5.3345e-04	  1.8389e-03	  2.1899e-03	  7.8153e-05	  1.3817e-02	  7.9548e-04	  3.7252e-04	  1.0184e-03	  4.3133e+03	  0.0000e+00	  0.0000e+00	  0.0000e+00	  0.0000e+00	  0.0000e+00	  0.0000e+00	
  7.2024e+00	  1.3090e-02	  5.3347e-04	  1.8391e-03	  2.1901e-03	  7.8151e-05	  1.3817e-02	  7.9568e-04	  3.7253e-04	  1.0189e-03	  4.3136e+03	  0.0000e+00	  0.0000e+00	  0.0000e+00	  0.0000e+00	  0.0000e+00	  0.0000e+00	
  7.2024e+00	  1.3090e-02	  5.3348e-04	  1.8392e-03	  2.1902e-03	  7.8150e-05	  1.3818e-02	  7.9587e-04	  3.7255e-04	  1.0194e-03	  4.3139e+03	  0.0000e+00	  0.0000e+00	  0.0000e+00	  0.0000e+00	  0.0000e+00	  0.0000e+00	
  7.2025e+00	  1.3091e-02	  5.3350e-04	  1.8394e-03	  2.1904e-03	  7.8148e-05	  1.3819e-02	  7.9605e-04	  3.7256e-04	  1.0199e-03	  4.3141e+03	  0.0000e+00	  0.0000e+00	  0.0000e+00	  0.0000e+00	  0.0000e+00	  0.0000e+00	
  7.2025e+00	  1.3091e-02	  5.3352e-04	  1.8395e-03	  2.1906e-03	  7.8147e-05	  1.3819e-02	  7.9623e-04	  3.7257e-04	  1.0203e-03	  4.3144e+03	  0.0000e+00	  0.0000e+00	  0.0000e+00	  0.0000e+00	  0.0000e+00	  0.0000e+00	
  7.2025e+00	  1.3092e-02	  5.3354e-04	  1.8396e-03	  2.1908e-03	  7.8145e-05	  1.3820e-02	  7.9640e-04	  3.7258e-04	  1.0207e-03	  4.3146e+03	  0.0000e+00	  0.0000e+00	  0.0000e+00	  0.0000e+00	  0.0000e+00	  0.0000e+00	
  7.2025e+00	  1.3092e-02	  5.3355e-04	  1.8398e-03	  2.1909e-03	  7.8144e-05	  1.3820e-02	  7.9656e-04	  3.7259e-04	  1.0212e-03	  4.3148e+03	  0.0000e+00	  0.0000e+00	  0.0000e+00	  0.0000e+00	  0.0000e+00	  0.0000e+00	
  7.2025e+00	  1.3093e-02	  5.3357e-04	  1.8399e-03	  2.1911e-03	  7.8142e-05	  1.3821e-02	  7.9672e-04	  3.7261e-04	  1.0216e-03	  4.3150e+03	  0.0000e+00	  0.0000e+00	  0.0000e+00	  0.0000e+00	  0.0000e+00	  0.0000e+00	
  7.2025e+00	  1.3093e-02	  5.3359e-04	  1.8400e-03	  2.1912e-03	  7.8141e-05	  1.3821e-02	  7.9688e-04	  3.7262e-04	  1.0220e-03	  4.3153e+03	  0.0000e+00	  0.0000e+00	  0.0000e+00	  0.0000e+00	  0.0000e+00	  0.0000e+00	
  7.2025e+00	  1.3093e-02	  5.3360e-04	  1.8402e-03	  2.1914e-03	  7.8140e-05	  1.3822e-02	  7.9703e-04	  3.7263e-04	  1.0223e-03	  4.3155e+03	  0.0000e+00	  0.0000e+00	  0.0000e+00	  0.0000e+00	  0.0000e+00	  0.0000e+00	
  7.2025e+00	  1.3094e-02	  5.3362e-04	  1.8403e-03	  2.1915e-03	  7.8138e-05	  1.3822e-02	  7.9717e-04	  3.7264e-04	  1.0227e-03	  4.3157e+03	  0.0000e+00	  0.0000e+00	  0.0000e+00	  0.0000e+00	  0.0000e+00	  0.0000e+00	
  7.2025e+00	  1.3094e-02	  5.3363e-04	  1.8404e-03	  2.1916e-03	  7.8137e-05	  1.3823e-02	  7.9731e-04	  3.7265e-04	  1.0230e-03	  4.3158e+03	  0.0000e+00	  0.0000e+00	  0.0000e+00	  0.0000e+00	  0.0000e+00	  0.0000e+00	
  7.2025e+00	  1.3095e-02	  5.3364e-04	  1.8405e-03	  2.1918e-03	  7.8136e-05	  1.3823e-02	  7.9744e-04	  3.7266e-04	  1.0234e-03	  4.3160e+03	  0.0000e+00	  0.0000e+00	  0.0000e+00	  0.0000e+00	  0.0000e+00	  0.0000e+00	
  7.2026e+00	  1.3095e-02	  5.3366e-04	  1.8406e-03	  2.1919e-03	  7.8135e-05	  1.3824e-02	  7.9757e-04	  3.7266e-04	  1.0237e-03	  4.3162e+03	  0.0000e+00	  0.0000e+00	  0.0000e+00	  0.0000e+00	  0.0000e+00	  0.0000e+00	
  7.2026e+00	  1.3095e-02	  5.3367e-04	  1.8407e-03	  2.1920e-03	  7.8134e-05	  1.3824e-02	  7.9770e-04	  3.7267e-04	  1.0240e-03	  4.3164e+03	  0.0000e+00	  0.0000e+00	  0.0000e+00	  0.0000e+00	  0.0000e+00	  0.0000e+00	
  7.2026e+00	  1.3096e-02	  5.3368e-04	  1.8408e-03	  2.1921e-03	  7.8133e-05	  1.3824e-02	  7.9782e-04	  3.7268e-04	  1.0243e-03	  4.3165e+03	  0.0000e+00	  0.0000e+00	  0.0000e+00	  0.0000e+00	  0.0000e+00	  0.0000e+00	
  7.2026e+00	  1.3096e-02	  5.3369e-04	  1.8409e-03	  2.1923e-03	  7.8132e-05	  1.3825e-02	  7.9794e-04	  3.7269e-04	  1.0246e-03	  4.3167e+03	  0.0000e+00	  0.0000e+00	  0.0000e+00	  0.0000e+00	  0.0000e+00	  0.0000e+00	
  7.2026e+00	  1.3096e-02	  5.3370e-04	  1.8410e-03	  2.1924e-03	  7.8131e-05	  1.3825e-02	  7.9805e-04	  3.7270e-04	  1.0249e-03	  4.3169e+03	  0.0000e+00	  0.0000e+00	  0.0000e+00	  0.0000e+00	  0.0000e+00	  0.0000e+00	
  7.2026e+00	  1.3097e-02	  5.3372e-04	  1.8411e-03	  2.1925e-03	  7.8130e-05	  1.3825e-02	  7.9816e-04	  3.7270e-04	  1.0252e-03	  4.3170e+03	  0.0000e+00	  0.0000e+00	  0.0000e+00	  0.0000e+00	  0.0000e+00	  0.0000e+00	
  7.2026e+00	  1.3097e-02	  5.3373e-04	  1.8412e-03	  2.1926e-03	  7.8129e-05	  1.3826e-02	  7.9826e-04	  3.7271e-04	  1.0254e-03	  4.3171e+03	  0.0000e+00	  0.0000e+00	  0.0000e+00	  0.0000e+00	  0.0000e+00	  0.0000e+00	
  7.2026e+00	  1.3097e-02	  5.3374e-04	  1.8413e-03	  2.1927e-03	  7.8128e-05	  1.3826e-02	  7.9836e-04	  3.7272e-04	  1.0257e-03	  4.3173e+03	  0.0000e+00	  0.0000e+00	  0.0000e+00	  0.0000e+00	  0.0000e+00	  0.0000e+00	
  7.2026e+00	  1.3098e-02	  5.3375e-04	  1.8413e-03	  2.1928e-03	  7.8127e-05	  1.3827e-02	  7.9846e-04	  3.7273e-04	  1.0259e-03	  4.3174e+03	  0.0000e+00	  0.0000e+00	  0.0000e+00	  0.0000e+00	  0.0000e+00	  0.0000e+00	
  7.2026e+00	  1.3098e-02	  5.3376e-04	  1.8414e-03	  2.1929e-03	  7.8127e-05	  1.3827e-02	  7.9855e-04	  3.7273e-04	  1.0262e-03	  4.3175e+03	  0.0000e+00	  0.0000e+00	  0.0000e+00	  0.0000e+00	  0.0000e+00	  0.0000e+00	
  7.2026e+00	  1.3098e-02	  5.3376e-04	  1.8415e-03	  2.1930e-03	  7.8126e-05	  1.3827e-02	  7.9865e-04	  3.7274e-04	  1.0264e-03	  4.3177e+03	  0.0000e+00	  0.0000e+00	  0.0000e+00	  0.0000e+00	  0.0000e+00	  0.0000e+00	
  7.2026e+00	  1.3098e-02	  5.3377e-04	  1.8416e-03	  2.1930e-03	  7.8125e-05	  1.3827e-02	  7.9873e-04	  3.7274e-04	  1.0266e-03	  4.3178e+03	  0.0000e+00	  0.0000e+00	  0.0000e+00	  0.0000e+00	  0.0000e+00	  0.0000e+00	
  7.2026e+00	  1.3099e-02	  5.3378e-04	  1.8416e-03	  2.1931e-03	  7.8124e-05	  1.3828e-02	  7.9882e-04	  3.7275e-04	  1.0268e-03	  4.3179e+03	  0.0000e+00	  0.0000e+00	  0.0000e+00	  0.0000e+00	  0.0000e+00	  0.0000e+00	
  7.2026e+00	  1.3099e-02	  5.3379e-04	  1.8417e-03	  2.1932e-03	  7.8124e-05	  1.3828e-02	  7.9890e-04	  3.7276e-04	  1.0270e-03	  4.3180e+03	  0.0000e+00	  0.0000e+00	  0.0000e+00	  0.0000e+00	  0.0000e+00	  0.0000e+00	
  7.2026e+00	  1.3099e-02	  5.3380e-04	  1.8418e-03	  2.1933e-03	  7.8123e-05	  1.3828e-02	  7.9898e-04	  3.7276e-04	  1.0272e-03	  4.3181e+03	  0.0000e+00	  0.0000e+00	  0.0000e+00	  0.0000e+00	  0.0000e+00	  0.0000e+00	
  7.2027e+00	  1.3099e-02	  5.3381e-04	  1.8418e-03	  2.1934e-03	  7.8122e-05	  1.3828e-02	  7.9906e-04	  3.7277e-04	  1.0274e-03	  4.3182e+03	  0.0000e+00	  0.0000e+00	  0.0000e+00	  0.0000e+00	  0.0000e+00	  0.0000e+00	
  7.2027e+00	  1.3099e-02	  5.3381e-04	  1.8419e-03	  2.1934e-03	  7.8122e-05	  1.3829e-02	  7.9913e-04	  3.7277e-04	  1.0276e-03	  4.3183e+03	  0.0000e+00	  0.0000e+00	  0.0000e+00	  0.0000e+00	  0.0000e+00	  0.0000e+00	
  7.2027e+00	  1.3100e-02	  5.3382e-04	  1.8419e-03	  2.1935e-03	  7.8121e-05	  1.3829e-02	  7.9920e-04	  3.7278e-04	  1.0278e-03	  4.3184e+03	  0.0000e+00	  0.0000e+00	  0.0000e+00	  0.0000e+00	  0.0000e+00	  0.0000e+00	
  7.2027e+00	  1.3100e-02	  5.3383e-04	  1.8420e-03	  2.1936e-03	  7.8121e-05	  1.3829e-02	  7.9927e-04	  3.7278e-04	  1.0280e-03	  4.3185e+03	  0.0000e+00	  0.0000e+00	  0.0000e+00	  0.0000e+00	  0.0000e+00	  0.0000e+00	
  7.2027e+00	  1.3100e-02	  5.3383e-04	  1.8421e-03	  2.1936e-03	  7.8120e-05	  1.3829e-02	  7.9934e-04	  3.7279e-04	  1.0281e-03	  4.3186e+03	  0.0000e+00	  0.0000e+00	  0.0000e+00	  0.0000e+00	  0.0000e+00	  0.0000e+00	
  7.2027e+00	  1.3100e-02	  5.3384e-04	  1.8421e-03	  2.1937e-03	  7.8119e-05	  1.3830e-02	  7.9940e-04	  3.7279e-04	  1.0283e-03	  4.3187e+03	  0.0000e+00	  0.0000e+00	  0.0000e+00	  0.0000e+00	  0.0000e+00	  0.0000e+00	
  7.2027e+00	  1.3100e-02	  5.3385e-04	  1.8422e-03	  2.1937e-03	  7.8119e-05	  1.3830e-02	  7.9946e-04	  3.7279e-04	  1.0285e-03	  4.3188e+03	  0.0000e+00	  0.0000e+00	  0.0000e+00	  0.0000e+00	  0.0000e+00	  0.0000e+00	
  7.2027e+00	  1.3100e-02	  5.3385e-04	  1.8422e-03	  2.1938e-03	  7.8118e-05	  1.3830e-02	  7.9952e-04	  3.7280e-04	  1.0286e-03	  4.3189e+03	  0.0000e+00	  0.0000e+00	  0.0000e+00	  0.0000e+00	  0.0000e+00	  0.0000e+00	
  7.2027e+00	  1.3101e-02	  5.3386e-04	  1.8423e-03	  2.1939e-03	  7.8118e-05	  1.3830e-02	  7.9958e-04	  3.7280e-04	  1.0287e-03	  4.3189e+03	  0.0000e+00	  0.0000e+00	  0.0000e+00	  0.0000e+00	  0.0000e+00	  0.0000e+00	
  7.2027e+00	  1.3101e-02	  5.3386e-04	  1.8423e-03	  2.1939e-03	  7.8117e-05	  1.3830e-02	  7.9964e-04	  3.7281e-04	  1.0289e-03	  4.3190e+03	  0.0000e+00	  0.0000e+00	  0.0000e+00	  0.0000e+00	  0.0000e+00	  0.0000e+00	
  7.2027e+00	  1.3101e-02	  5.3387e-04	  1.8423e-03	  2.1940e-03	  7.8117e-05	  1.3831e-02	  7.9969e-04	  3.7281e-04	  1.0290e-03	  4.3191e+03	  0.0000e+00	  0.0000e+00	  0.0000e+00	  0.0000e+00	  0.0000e+00	  0.0000e+00	
  7.2027e+00	  1.3101e-02	  5.3387e-04	  1.8424e-03	  2.1940e-03	  7.8117e-05	  1.3831e-02	  7.9974e-04	  3.7281e-04	  1.0292e-03	  4.3192e+03	  0.0000e+00	  0.0000e+00	  0.0000e+00	  0.0000e+00	  0.0000e+00	  0.0000e+00	
  7.2027e+00	  1.3101e-02	  5.3388e-04	  1.8424e-03	  2.1941e-03	  7.8116e-05	  1.3831e-02	  7.9979e-04	  3.7282e-04	  1.0293e-03	  4.3192e+03	  0.0000e+00	  0.0000e+00	  0.0000e+00	  0.0000e+00	  0.0000e+00	  0.0000e+00	
  7.2027e+00	  1.3101e-02	  5.3388e-04	  1.8425e-03	  2.1941e-03	  7.8116e-05	  1.3831e-02	  7.9984e-04	  3.7282e-04	  1.0294e-03	  4.3193e+03	  0.0000e+00	  0.0000e+00	  0.0000e+00	  0.0000e+00	  0.0000e+00	  0.0000e+00	
  7.2027e+00	  1.3102e-02	  5.3389e-04	  1.8425e-03	  2.1942e-03	  7.8115e-05	  1.3831e-02	  7.9989e-04	  3.7282e-04	  1.0295e-03	  4.3194e+03	  0.0000e+00	  0.0000e+00	  0.0000e+00	  0.0000e+00	  0.0000e+00	  0.0000e+00	
  7.2027e+00	  1.3102e-02	  5.3389e-04	  1.8425e-03	  2.1942e-03	  7.8115e-05	  1.3831e-02	  7.9993e-04	  3.7283e-04	  1.0296e-03	  4.3194e+03	  0.0000e+00	  0.0000e+00	  0.0000e+00	  0.0000e+00	  0.0000e+00	  0.0000e+00	
  7.2027e+00	  1.3102e-02	  5.3390e-04	  1.8426e-03	  2.1943e-03	  7.8115e-05	  1.3832e-02	  7.9998e-04	  3.7283e-04	  1.0297e-03	  4.3195e+03	  0.0000e+00	  0.0000e+00	  0.0000e+00	  0.0000e+00	  0.0000e+00	  0.0000e+00	
  7.2027e+00	  1.3102e-02	  5.3390e-04	  1.8426e-03	  2.1943e-03	  7.8114e-05	  1.3832e-02	  8.0002e-04	  3.7283e-04	  1.0299e-03	  4.3195e+03	  0.0000e+00	  0.0000e+00	  0.0000e+00	  0.0000e+00	  0.0000e+00	  0.0000e+00	
  7.2027e+00	  1.3102e-02	  5.3391e-04	  1.8426e-03	  2.1943e-03	  7.8114e-05	  1.3832e-02	  8.0006e-04	  3.7284e-04	  1.0300e-03	  4.3196e+03	  0.0000e+00	  0.0000e+00	  0.0000e+00	  0.0000e+00	  0.0000e+00	  0.0000e+00	
  7.2027e+00	  1.3102e-02	  5.3391e-04	  1.8427e-03	  2.1944e-03	  7.8113e-05	  1.3832e-02	  8.0010e-04	  3.7284e-04	  1.0301e-03	  4.3197e+03	  0.0000e+00	  0.0000e+00	  0.0000e+00	  0.0000e+00	  0.0000e+00	  0.0000e+00	
  7.2027e+00	  1.3102e-02	  5.3391e-04	  1.8427e-03	  2.1944e-03	  7.8113e-05	  1.3832e-02	  8.0014e-04	  3.7284e-04	  1.0301e-03	  4.3197e+03	  0.0000e+00	  0.0000e+00	  0.0000e+00	  0.0000e+00	  0.0000e+00	  0.0000e+00	
  7.2027e+00	  1.3102e-02	  5.3392e-04	  1.8427e-03	  2.1944e-03	  7.8113e-05	  1.3832e-02	  8.0017e-04	  3.7284e-04	  1.0302e-03	  4.3198e+03	  0.0000e+00	  0.0000e+00	  0.0000e+00	  0.0000e+00	  0.0000e+00	  0.0000e+00	
  7.2027e+00	  1.3102e-02	  5.3392e-04	  1.8428e-03	  2.1945e-03	  7.8113e-05	  1.3832e-02	  8.0021e-04	  3.7285e-04	  1.0303e-03	  4.3198e+03	  0.0000e+00	  0.0000e+00	  0.0000e+00	  0.0000e+00	  0.0000e+00	  0.0000e+00	
  7.2027e+00	  1.3103e-02	  5.3393e-04	  1.8428e-03	  2.1945e-03	  7.8112e-05	  1.3832e-02	  8.0024e-04	  3.7285e-04	  1.0304e-03	  4.3199e+03	  0.0000e+00	  0.0000e+00	  0.0000e+00	  0.0000e+00	  0.0000e+00	  0.0000e+00	
  7.2027e+00	  1.3103e-02	  5.3393e-04	  1.8428e-03	  2.1945e-03	  7.8112e-05	  1.3833e-02	  8.0028e-04	  3.7285e-04	  1.0305e-03	  4.3199e+03	  0.0000e+00	  0.0000e+00	  0.0000e+00	  0.0000e+00	  0.0000e+00	  0.0000e+00	
  7.2027e+00	  1.3103e-02	  5.3393e-04	  1.8429e-03	  2.1946e-03	  7.8112e-05	  1.3833e-02	  8.0031e-04	  3.7285e-04	  1.0306e-03	  4.3199e+03	  0.0000e+00	  0.0000e+00	  0.0000e+00	  0.0000e+00	  0.0000e+00	  0.0000e+00	
  7.2027e+00	  1.3103e-02	  5.3393e-04	  1.8429e-03	  2.1946e-03	  7.8111e-05	  1.3833e-02	  8.0034e-04	  3.7285e-04	  1.0307e-03	  4.3200e+03	  0.0000e+00	  0.0000e+00	  0.0000e+00	  0.0000e+00	  0.0000e+00	  0.0000e+00	
  7.2027e+00	  1.3103e-02	  5.3394e-04	  1.8429e-03	  2.1946e-03	  7.8111e-05	  1.3833e-02	  8.0037e-04	  3.7286e-04	  1.0307e-03	  4.3200e+03	  0.0000e+00	  0.0000e+00	  0.0000e+00	  0.0000e+00	  0.0000e+00	  0.0000e+00	
  7.2027e+00	  1.3103e-02	  5.3394e-04	  1.8429e-03	  2.1947e-03	  7.8111e-05	  1.3833e-02	  8.0040e-04	  3.7286e-04	  1.0308e-03	  4.3201e+03	  0.0000e+00	  0.0000e+00	  0.0000e+00	  0.0000e+00	  0.0000e+00	  0.0000e+00	
  7.2027e+00	  1.3103e-02	  5.3394e-04	  1.8430e-03	  2.1947e-03	  7.8111e-05	  1.3833e-02	  8.0043e-04	  3.7286e-04	  1.0309e-03	  4.3201e+03	  0.0000e+00	  0.0000e+00	  0.0000e+00	  0.0000e+00	  0.0000e+00	  0.0000e+00	
  7.2027e+00	  1.3103e-02	  5.3395e-04	  1.8430e-03	  2.1947e-03	  7.8110e-05	  1.3833e-02	  8.0045e-04	  3.7286e-04	  1.0309e-03	  4.3201e+03	  0.0000e+00	  0.0000e+00	  0.0000e+00	  0.0000e+00	  0.0000e+00	  0.0000e+00	
  7.2027e+00	  1.3103e-02	  5.3395e-04	  1.8430e-03	  2.1947e-03	  7.8110e-05	  1.3833e-02	  8.0048e-04	  3.7286e-04	  1.0310e-03	  4.3202e+03	  0.0000e+00	  0.0000e+00	  0.0000e+00	  0.0000e+00	  0.0000e+00	  0.0000e+00	
  7.2028e+00	  1.3103e-02	  5.3395e-04	  1.8430e-03	  2.1948e-03	  7.8110e-05	  1.3833e-02	  8.0050e-04	  3.7287e-04	  1.0311e-03	  4.3202e+03	  0.0000e+00	  0.0000e+00	  0.0000e+00	  0.0000e+00	  0.0000e+00	  0.0000e+00	
  7.2028e+00	  1.3103e-02	  5.3395e-04	  1.8430e-03	  2.1948e-03	  7.8110e-05	  1.3833e-02	  8.0053e-04	  3.7287e-04	  1.0311e-03	  4.3202e+03	  0.0000e+00	  0.0000e+00	  0.0000e+00	  0.0000e+00	  0.0000e+00	  0.0000e+00	
  7.2028e+00	  1.3103e-02	  5.3396e-04	  1.8431e-03	  2.1948e-03	  7.8110e-05	  1.3833e-02	  8.0055e-04	  3.7287e-04	  1.0312e-03	  4.3203e+03	  0.0000e+00	  0.0000e+00	  0.0000e+00	  0.0000e+00	  0.0000e+00	  0.0000e+00	
  7.2028e+00	  1.3103e-02	  5.3396e-04	  1.8431e-03	  2.1948e-03	  7.8109e-05	  1.3833e-02	  8.0057e-04	  3.7287e-04	  1.0312e-03	  4.3203e+03	  0.0000e+00	  0.0000e+00	  0.0000e+00	  0.0000e+00	  0.0000e+00	  0.0000e+00	
  7.2028e+00	  1.3104e-02	  5.3396e-04	  1.8431e-03	  2.1949e-03	  7.8109e-05	  1.3834e-02	  8.0059e-04	  3.7287e-04	  1.0313e-03	  4.3203e+03	  0.0000e+00	  0.0000e+00	  0.0000e+00	  0.0000e+00	  0.0000e+00	  0.0000e+00	
  7.2028e+00	  1.3104e-02	  5.3396e-04	  1.8431e-03	  2.1949e-03	  7.8109e-05	  1.3834e-02	  8.0061e-04	  3.7287e-04	  1.0314e-03	  4.3204e+03	  0.0000e+00	  0.0000e+00	  0.0000e+00	  0.0000e+00	  0.0000e+00	  0.0000e+00	
  7.2028e+00	  1.3104e-02	  5.3396e-04	  1.8431e-03	  2.1949e-03	  7.8109e-05	  1.3834e-02	  8.0064e-04	  3.7288e-04	  1.0314e-03	  4.3204e+03	  0.0000e+00	  0.0000e+00	  0.0000e+00	  0.0000e+00	  0.0000e+00	  0.0000e+00	
  7.2028e+00	  1.3104e-02	  5.3397e-04	  1.8431e-03	  2.1949e-03	  7.8109e-05	  1.3834e-02	  8.0065e-04	  3.7288e-04	  1.0315e-03	  4.3204e+03	  0.0000e+00	  0.0000e+00	  0.0000e+00	  0.0000e+00	  0.0000e+00	  0.0000e+00	
  7.2028e+00	  1.3104e-02	  5.3397e-04	  1.8432e-03	  2.1949e-03	  7.8109e-05	  1.3834e-02	  8.0067e-04	  3.7288e-04	  1.0315e-03	  4.3204e+03	  0.0000e+00	  0.0000e+00	  0.0000e+00	  0.0000e+00	  0.0000e+00	  0.0000e+00	
  7.2028e+00	  1.3104e-02	  5.3397e-04	  1.8432e-03	  2.1950e-03	  7.8108e-05	  1.3834e-02	  8.0069e-04	  3.7288e-04	  1.0315e-03	  4.3205e+03	  0.0000e+00	  0.0000e+00	  0.0000e+00	  0.0000e+00	  0.0000e+00	  0.0000e+00	
  7.2028e+00	  1.3104e-02	  5.3397e-04	  1.8432e-03	  2.1950e-03	  7.8108e-05	  1.3834e-02	  8.0071e-04	  3.7288e-04	  1.0316e-03	  4.3205e+03	  0.0000e+00	  0.0000e+00	  0.0000e+00	  0.0000e+00	  0.0000e+00	  0.0000e+00	
  7.2028e+00	  1.3104e-02	  5.3397e-04	  1.8432e-03	  2.1950e-03	  7.8108e-05	  1.3834e-02	  8.0073e-04	  3.7288e-04	  1.0316e-03	  4.3205e+03	  0.0000e+00	  0.0000e+00	  0.0000e+00	  0.0000e+00	  0.0000e+00	  0.0000e+00	
  7.2028e+00	  1.3104e-02	  5.3398e-04	  1.8432e-03	  2.1950e-03	  7.8108e-05	  1.3834e-02	  8.0074e-04	  3.7288e-04	  1.0317e-03	  4.3205e+03	  0.0000e+00	  0.0000e+00	  0.0000e+00	  0.0000e+00	  0.0000e+00	  0.0000e+00	
  7.2028e+00	  1.3104e-02	  5.3398e-04	  1.8432e-03	  2.1950e-03	  7.8108e-05	  1.3834e-02	  8.0076e-04	  3.7288e-04	  1.0317e-03	  4.3206e+03	  0.0000e+00	  0.0000e+00	  0.0000e+00	  0.0000e+00	  0.0000e+00	  0.0000e+00	
  7.2028e+00	  1.3104e-02	  5.3398e-04	  1.8432e-03	  2.1950e-03	  7.8108e-05	  1.3834e-02	  8.0077e-04	  3.7289e-04	  1.0318e-03	  4.3206e+03	  0.0000e+00	  0.0000e+00	  0.0000e+00	  0.0000e+00	  0.0000e+00	  0.0000e+00	
  7.2028e+00	  1.3104e-02	  5.3398e-04	  1.8433e-03	  2.1950e-03	  7.8108e-05	  1.3834e-02	  8.0079e-04	  3.7289e-04	  1.0318e-03	  4.3206e+03	  0.0000e+00	  0.0000e+00	  0.0000e+00	  0.0000e+00	  0.0000e+00	  0.0000e+00	
  7.2028e+00	  1.3104e-02	  5.3398e-04	  1.8433e-03	  2.1951e-03	  7.8107e-05	  1.3834e-02	  8.0080e-04	  3.7289e-04	  1.0318e-03	  4.3206e+03	  0.0000e+00	  0.0000e+00	  0.0000e+00	  0.0000e+00	  0.0000e+00	  0.0000e+00	
  7.2028e+00	  1.3104e-02	  5.3398e-04	  1.8433e-03	  2.1951e-03	  7.8107e-05	  1.3834e-02	  8.0082e-04	  3.7289e-04	  1.0319e-03	  4.3206e+03	  0.0000e+00	  0.0000e+00	  0.0000e+00	  0.0000e+00	  0.0000e+00	  0.0000e+00	
  7.2028e+00	  1.3104e-02	  5.3398e-04	  1.8433e-03	  2.1951e-03	  7.8107e-05	  1.3834e-02	  8.0083e-04	  3.7289e-04	  1.0319e-03	  4.3207e+03	  0.0000e+00	  0.0000e+00	  0.0000e+00	  0.0000e+00	  0.0000e+00	  0.0000e+00	
  7.2028e+00	  1.3104e-02	  5.3399e-04	  1.8433e-03	  2.1951e-03	  7.8107e-05	  1.3834e-02	  8.0084e-04	  3.7289e-04	  1.0319e-03	  4.3207e+03	  0.0000e+00	  0.0000e+00	  0.0000e+00	  0.0000e+00	  0.0000e+00	  0.0000e+00	
