          pH	          Na	           K	          Ca	          Mg	         PO4	          Cl	         SO4	         NH4	        HCO3	          sc	         FeS	      Pyrite	     Calcite	       CaPO4	      Fe3PO4	     CaMgCO3	
  6.9938e+00	  1.9626e-02	  5.8106e-04	  2.0738e-03	  2.4144e-03	  7.9906e-05	  2.2742e-02	  1.1922e-03	  4.2077e-04	  5.1194e-06	  6.2286e+03	  0.0000e+00	  0.0000e+00	  0.0000e+00	  0.0000e+00	  0.0000e+00	  0.0000e+00	
  6.9938e+00	  1.9626e-02	  5.8106e-04	  2.0738e-03	  2.4144e-03	  7.9906e-05	  2.2742e-02	  1.1922e-03	  4.2077e-04	  5.1194e-06	  6.2286e+03	  0.0000e+00	  0.0000e+00	  0.0000e+00	  0.0000e+00	  0.0000e+00	  0.0000e+00	
  6.9802e+00	  1.9906e-02	  5.8887e-04	  2.1355e-03	  2.4860e-03	  7.9307e-05	  2.3204e-02	  1.2507e-03	  4.2607e-04	  3.8532e-05	  6.3504e+03	  0.0000e+00	  0.0000e+00	  0.0000e+00	  0.0000e+00	  0.0000e+00	  0.0000e+00	
  6.9676e+00	  2.0174e-02	  5.9632e-04	  2.1951e-03	  2.5551e-03	  7.8756e-05	  2.3650e-02	  1.3064e-03	  4.3112e-04	  6.9628e-05	  6.4671e+03	  0.0000e+00	  0.0000e+00	  0.0000e+00	  0.0000e+00	  0.0000e+00	  0.0000e+00	
  6.9555e+00	  2.0431e-02	  6.0344e-04	  2.2529e-03	  2.6221e-03	  7.8246e-05	  2.4078e-02	  1.3596e-03	  4.3593e-04	  9.9326e-05	  6.5790e+03	  0.0000e+00	  0.0000e+00	  0.0000e+00	  0.0000e+00	  0.0000e+00	  0.0000e+00	
  6.9439e+00	  2.0677e-02	  6.1025e-04	  2.3088e-03	  2.6869e-03	  7.7774e-05	  2.4491e-02	  1.4103e-03	  4.4053e-04	  1.2771e-04	  6.6865e+03	  0.0000e+00	  0.0000e+00	  0.0000e+00	  0.0000e+00	  0.0000e+00	  0.0000e+00	
  6.9327e+00	  2.0913e-02	  6.1677e-04	  2.3629e-03	  2.7496e-03	  7.7335e-05	  2.4889e-02	  1.4588e-03	  4.4491e-04	  1.5486e-04	  6.7896e+03	  0.0000e+00	  0.0000e+00	  0.0000e+00	  0.0000e+00	  0.0000e+00	  0.0000e+00	
  6.9220e+00	  2.1139e-02	  6.2301e-04	  2.4153e-03	  2.8103e-03	  7.6926e-05	  2.5272e-02	  1.5051e-03	  4.4911e-04	  1.8084e-04	  6.8886e+03	  0.0000e+00	  0.0000e+00	  0.0000e+00	  0.0000e+00	  0.0000e+00	  0.0000e+00	
  6.9118e+00	  2.1356e-02	  6.2899e-04	  2.4660e-03	  2.8690e-03	  7.6545e-05	  2.5641e-02	  1.5494e-03	  4.5311e-04	  2.0573e-04	  6.9838e+03	  0.0000e+00	  0.0000e+00	  0.0000e+00	  0.0000e+00	  0.0000e+00	  0.0000e+00	
  6.9019e+00	  2.1565e-02	  6.3472e-04	  2.5151e-03	  2.9258e-03	  7.6188e-05	  2.5996e-02	  1.5919e-03	  4.5695e-04	  2.2957e-04	  7.0752e+03	  0.0000e+00	  0.0000e+00	  0.0000e+00	  0.0000e+00	  0.0000e+00	  0.0000e+00	
  6.8924e+00	  2.1765e-02	  6.4021e-04	  2.5626e-03	  2.9807e-03	  7.5855e-05	  2.6339e-02	  1.6325e-03	  4.6062e-04	  2.5243e-04	  7.1631e+03	  0.0000e+00	  0.0000e+00	  0.0000e+00	  0.0000e+00	  0.0000e+00	  0.0000e+00	
  6.8833e+00	  2.1957e-02	  6.4548e-04	  2.6085e-03	  3.0338e-03	  7.5542e-05	  2.6669e-02	  1.6715e-03	  4.6413e-04	  2.7435e-04	  7.2476e+03	  0.0000e+00	  0.0000e+00	  0.0000e+00	  0.0000e+00	  0.0000e+00	  0.0000e+00	
  6.8745e+00	  2.2142e-02	  6.5054e-04	  2.6529e-03	  3.0852e-03	  7.5249e-05	  2.6987e-02	  1.7089e-03	  4.6750e-04	  2.9539e-04	  7.3289e+03	  0.0000e+00	  0.0000e+00	  0.0000e+00	  0.0000e+00	  0.0000e+00	  0.0000e+00	
  6.8661e+00	  2.2320e-02	  6.5540e-04	  2.6959e-03	  3.1348e-03	  7.4973e-05	  2.7294e-02	  1.7448e-03	  4.7072e-04	  3.1558e-04	  7.4071e+03	  0.0000e+00	  0.0000e+00	  0.0000e+00	  0.0000e+00	  0.0000e+00	  0.0000e+00	
  6.8580e+00	  2.2491e-02	  6.6006e-04	  2.7374e-03	  3.1829e-03	  7.4713e-05	  2.7589e-02	  1.7792e-03	  4.7381e-04	  3.3497e-04	  7.4823e+03	  0.0000e+00	  0.0000e+00	  0.0000e+00	  0.0000e+00	  0.0000e+00	  0.0000e+00	
  6.8502e+00	  2.2655e-02	  6.6453e-04	  2.7776e-03	  3.2293e-03	  7.4468e-05	  2.7875e-02	  1.8122e-03	  4.7678e-04	  3.5359e-04	  7.5548e+03	  0.0000e+00	  0.0000e+00	  0.0000e+00	  0.0000e+00	  0.0000e+00	  0.0000e+00	
  6.8427e+00	  2.2813e-02	  6.6883e-04	  2.8165e-03	  3.2742e-03	  7.4238e-05	  2.8150e-02	  1.8440e-03	  4.7962e-04	  3.7149e-04	  7.6245e+03	  0.0000e+00	  0.0000e+00	  0.0000e+00	  0.0000e+00	  0.0000e+00	  0.0000e+00	
  6.8355e+00	  2.2965e-02	  6.7296e-04	  2.8540e-03	  3.3175e-03	  7.4020e-05	  2.8415e-02	  1.8745e-03	  4.8235e-04	  3.8868e-04	  7.6916e+03	  0.0000e+00	  0.0000e+00	  0.0000e+00	  0.0000e+00	  0.0000e+00	  0.0000e+00	
  6.8285e+00	  2.3111e-02	  6.7693e-04	  2.8904e-03	  3.3595e-03	  7.3814e-05	  2.8671e-02	  1.9038e-03	  4.8496e-04	  4.0522e-04	  7.7562e+03	  0.0000e+00	  0.0000e+00	  0.0000e+00	  0.0000e+00	  0.0000e+00	  0.0000e+00	
  6.8218e+00	  2.3252e-02	  6.8074e-04	  2.9255e-03	  3.4000e-03	  7.3619e-05	  2.8917e-02	  1.9320e-03	  4.8748e-04	  4.2111e-04	  7.8184e+03	  0.0000e+00	  0.0000e+00	  0.0000e+00	  0.0000e+00	  0.0000e+00	  0.0000e+00	
  6.8154e+00	  2.3388e-02	  6.8441e-04	  2.9594e-03	  3.4392e-03	  7.3435e-05	  2.9155e-02	  1.9592e-03	  4.8989e-04	  4.3640e-04	  7.8783e+03	  0.0000e+00	  0.0000e+00	  0.0000e+00	  0.0000e+00	  0.0000e+00	  0.0000e+00	
  6.8092e+00	  2.3518e-02	  6.8794e-04	  2.9922e-03	  3.4770e-03	  7.3260e-05	  2.9385e-02	  1.9853e-03	  4.9221e-04	  4.5111e-04	  7.9360e+03	  0.0000e+00	  0.0000e+00	  0.0000e+00	  0.0000e+00	  0.0000e+00	  0.0000e+00	
  6.8033e+00	  2.3644e-02	  6.9133e-04	  3.0239e-03	  3.5136e-03	  7.3094e-05	  2.9606e-02	  2.0104e-03	  4.9443e-04	  4.6526e-04	  7.9916e+03	  0.0000e+00	  0.0000e+00	  0.0000e+00	  0.0000e+00	  0.0000e+00	  0.0000e+00	
  6.7975e+00	  2.3764e-02	  6.9460e-04	  3.0546e-03	  3.5489e-03	  7.2937e-05	  2.9820e-02	  2.0345e-03	  4.9657e-04	  4.7888e-04	  8.0452e+03	  0.0000e+00	  0.0000e+00	  0.0000e+00	  0.0000e+00	  0.0000e+00	  0.0000e+00	
  6.7920e+00	  2.3881e-02	  6.9774e-04	  3.0842e-03	  3.5831e-03	  7.2787e-05	  3.0026e-02	  2.0578e-03	  4.9863e-04	  4.9199e-04	  8.0968e+03	  0.0000e+00	  0.0000e+00	  0.0000e+00	  0.0000e+00	  0.0000e+00	  0.0000e+00	
  6.7867e+00	  2.3993e-02	  7.0076e-04	  3.1128e-03	  3.6161e-03	  7.2645e-05	  3.0225e-02	  2.0801e-03	  5.0060e-04	  5.0461e-04	  8.1465e+03	  0.0000e+00	  0.0000e+00	  0.0000e+00	  0.0000e+00	  0.0000e+00	  0.0000e+00	
  6.7815e+00	  2.4101e-02	  7.0367e-04	  3.1405e-03	  3.6480e-03	  7.2510e-05	  3.0417e-02	  2.1017e-03	  5.0250e-04	  5.1676e-04	  8.1945e+03	  0.0000e+00	  0.0000e+00	  0.0000e+00	  0.0000e+00	  0.0000e+00	  0.0000e+00	
  6.7766e+00	  2.4205e-02	  7.0647e-04	  3.1672e-03	  3.6788e-03	  7.2381e-05	  3.0602e-02	  2.1224e-03	  5.0433e-04	  5.2846e-04	  8.2406e+03	  0.0000e+00	  0.0000e+00	  0.0000e+00	  0.0000e+00	  0.0000e+00	  0.0000e+00	
  6.7719e+00	  2.4305e-02	  7.0916e-04	  3.1930e-03	  3.7086e-03	  7.2259e-05	  3.0780e-02	  2.1424e-03	  5.0608e-04	  5.3973e-04	  8.2852e+03	  0.0000e+00	  0.0000e+00	  0.0000e+00	  0.0000e+00	  0.0000e+00	  0.0000e+00	
  6.7673e+00	  2.4402e-02	  7.1176e-04	  3.2180e-03	  3.7373e-03	  7.2142e-05	  3.0953e-02	  2.1617e-03	  5.0777e-04	  5.5058e-04	  8.3281e+03	  0.0000e+00	  0.0000e+00	  0.0000e+00	  0.0000e+00	  0.0000e+00	  0.0000e+00	
  6.7629e+00	  2.4495e-02	  7.1426e-04	  3.2421e-03	  3.7651e-03	  7.2031e-05	  3.1119e-02	  2.1802e-03	  5.0940e-04	  5.6104e-04	  8.3695e+03	  0.0000e+00	  0.0000e+00	  0.0000e+00	  0.0000e+00	  0.0000e+00	  0.0000e+00	
  6.7586e+00	  2.4585e-02	  7.1666e-04	  3.2654e-03	  3.7919e-03	  7.1925e-05	  3.1279e-02	  2.1981e-03	  5.1096e-04	  5.7111e-04	  8.4094e+03	  0.0000e+00	  0.0000e+00	  0.0000e+00	  0.0000e+00	  0.0000e+00	  0.0000e+00	
  6.7545e+00	  2.4671e-02	  7.1898e-04	  3.2879e-03	  3.8179e-03	  7.1824e-05	  3.1434e-02	  2.2153e-03	  5.1247e-04	  5.8082e-04	  8.4479e+03	  0.0000e+00	  0.0000e+00	  0.0000e+00	  0.0000e+00	  0.0000e+00	  0.0000e+00	
  6.7506e+00	  2.4755e-02	  7.2121e-04	  3.3097e-03	  3.8429e-03	  7.1727e-05	  3.1584e-02	  2.2319e-03	  5.1392e-04	  5.9017e-04	  8.4850e+03	  0.0000e+00	  0.0000e+00	  0.0000e+00	  0.0000e+00	  0.0000e+00	  0.0000e+00	
  6.7468e+00	  2.4835e-02	  7.2336e-04	  3.3307e-03	  3.8671e-03	  7.1635e-05	  3.1728e-02	  2.2479e-03	  5.1531e-04	  5.9918e-04	  8.5207e+03	  0.0000e+00	  0.0000e+00	  0.0000e+00	  0.0000e+00	  0.0000e+00	  0.0000e+00	
  6.7431e+00	  2.4913e-02	  7.2544e-04	  3.3510e-03	  3.8905e-03	  7.1547e-05	  3.1867e-02	  2.2633e-03	  5.1665e-04	  6.0787e-04	  8.5552e+03	  0.0000e+00	  0.0000e+00	  0.0000e+00	  0.0000e+00	  0.0000e+00	  0.0000e+00	
  6.7396e+00	  2.4987e-02	  7.2743e-04	  3.3706e-03	  3.9131e-03	  7.1462e-05	  3.2002e-02	  2.2782e-03	  5.1795e-04	  6.1624e-04	  8.5885e+03	  0.0000e+00	  0.0000e+00	  0.0000e+00	  0.0000e+00	  0.0000e+00	  0.0000e+00	
  6.7362e+00	  2.5059e-02	  7.2936e-04	  3.3896e-03	  3.9349e-03	  7.1382e-05	  3.2131e-02	  2.2925e-03	  5.1919e-04	  6.2431e-04	  8.6206e+03	  0.0000e+00	  0.0000e+00	  0.0000e+00	  0.0000e+00	  0.0000e+00	  0.0000e+00	
  6.7329e+00	  2.5129e-02	  7.3121e-04	  3.4079e-03	  3.9560e-03	  7.1304e-05	  3.2256e-02	  2.3063e-03	  5.2039e-04	  6.3210e-04	  8.6515e+03	  0.0000e+00	  0.0000e+00	  0.0000e+00	  0.0000e+00	  0.0000e+00	  0.0000e+00	
  6.7298e+00	  2.5196e-02	  7.3300e-04	  3.4255e-03	  3.9763e-03	  7.1231e-05	  3.2377e-02	  2.3196e-03	  5.2155e-04	  6.3960e-04	  8.6814e+03	  0.0000e+00	  0.0000e+00	  0.0000e+00	  0.0000e+00	  0.0000e+00	  0.0000e+00	
  6.7267e+00	  2.5260e-02	  7.3472e-04	  3.4426e-03	  3.9960e-03	  7.1160e-05	  3.2494e-02	  2.3325e-03	  5.2266e-04	  6.4683e-04	  8.7101e+03	  0.0000e+00	  0.0000e+00	  0.0000e+00	  0.0000e+00	  0.0000e+00	  0.0000e+00	
  6.7238e+00	  2.5323e-02	  7.3638e-04	  3.4591e-03	  4.0150e-03	  7.1092e-05	  3.2606e-02	  2.3448e-03	  5.2373e-04	  6.5381e-04	  8.7379e+03	  0.0000e+00	  0.0000e+00	  0.0000e+00	  0.0000e+00	  0.0000e+00	  0.0000e+00	
  6.7210e+00	  2.5383e-02	  7.3798e-04	  3.4751e-03	  4.0333e-03	  7.1027e-05	  3.2715e-02	  2.3568e-03	  5.2476e-04	  6.6053e-04	  8.7647e+03	  0.0000e+00	  0.0000e+00	  0.0000e+00	  0.0000e+00	  0.0000e+00	  0.0000e+00	
  6.7183e+00	  2.5441e-02	  7.3952e-04	  3.4905e-03	  4.0510e-03	  7.0965e-05	  3.2820e-02	  2.3683e-03	  5.2575e-04	  6.6702e-04	  8.7905e+03	  0.0000e+00	  0.0000e+00	  0.0000e+00	  0.0000e+00	  0.0000e+00	  0.0000e+00	
  6.7156e+00	  2.5497e-02	  7.4101e-04	  3.5053e-03	  4.0681e-03	  7.0906e-05	  3.2921e-02	  2.3794e-03	  5.2671e-04	  6.7327e-04	  8.8155e+03	  0.0000e+00	  0.0000e+00	  0.0000e+00	  0.0000e+00	  0.0000e+00	  0.0000e+00	
  6.7131e+00	  2.5551e-02	  7.4245e-04	  3.5197e-03	  4.0847e-03	  7.0849e-05	  3.3019e-02	  2.3901e-03	  5.2764e-04	  6.7930e-04	  8.8395e+03	  0.0000e+00	  0.0000e+00	  0.0000e+00	  0.0000e+00	  0.0000e+00	  0.0000e+00	
  6.7106e+00	  2.5603e-02	  7.4383e-04	  3.5336e-03	  4.1006e-03	  7.0794e-05	  3.3113e-02	  2.4004e-03	  5.2853e-04	  6.8512e-04	  8.8627e+03	  0.0000e+00	  0.0000e+00	  0.0000e+00	  0.0000e+00	  0.0000e+00	  0.0000e+00	
  6.7083e+00	  2.5653e-02	  7.4516e-04	  3.5470e-03	  4.1160e-03	  7.0741e-05	  3.3204e-02	  2.4104e-03	  5.2938e-04	  6.9073e-04	  8.8851e+03	  0.0000e+00	  0.0000e+00	  0.0000e+00	  0.0000e+00	  0.0000e+00	  0.0000e+00	
  6.7060e+00	  2.5701e-02	  7.4645e-04	  3.5599e-03	  4.1309e-03	  7.0691e-05	  3.3292e-02	  2.4200e-03	  5.3021e-04	  6.9615e-04	  8.9067e+03	  0.0000e+00	  0.0000e+00	  0.0000e+00	  0.0000e+00	  0.0000e+00	  0.0000e+00	
  6.7038e+00	  2.5748e-02	  7.4769e-04	  3.5724e-03	  4.1453e-03	  7.0643e-05	  3.3377e-02	  2.4293e-03	  5.3101e-04	  7.0137e-04	  8.9276e+03	  0.0000e+00	  0.0000e+00	  0.0000e+00	  0.0000e+00	  0.0000e+00	  0.0000e+00	
  6.7017e+00	  2.5793e-02	  7.4888e-04	  3.5845e-03	  4.1592e-03	  7.0596e-05	  3.3459e-02	  2.4382e-03	  5.3177e-04	  7.0640e-04	  8.9477e+03	  0.0000e+00	  0.0000e+00	  0.0000e+00	  0.0000e+00	  0.0000e+00	  0.0000e+00	
  6.6997e+00	  2.5836e-02	  7.5004e-04	  3.5961e-03	  4.1726e-03	  7.0552e-05	  3.3538e-02	  2.4468e-03	  5.3251e-04	  7.1126e-04	  8.9671e+03	  0.0000e+00	  0.0000e+00	  0.0000e+00	  0.0000e+00	  0.0000e+00	  0.0000e+00	
  6.6977e+00	  2.5878e-02	  7.5115e-04	  3.6074e-03	  4.1855e-03	  7.0509e-05	  3.3614e-02	  2.4552e-03	  5.3323e-04	  7.1595e-04	  8.9858e+03	  0.0000e+00	  0.0000e+00	  0.0000e+00	  0.0000e+00	  0.0000e+00	  0.0000e+00	
  6.6958e+00	  2.5919e-02	  7.5222e-04	  3.6183e-03	  4.1980e-03	  7.0468e-05	  3.3688e-02	  2.4632e-03	  5.3392e-04	  7.2047e-04	  9.0039e+03	  0.0000e+00	  0.0000e+00	  0.0000e+00	  0.0000e+00	  0.0000e+00	  0.0000e+00	
  6.6940e+00	  2.5958e-02	  7.5326e-04	  3.6288e-03	  4.2101e-03	  7.0428e-05	  3.3759e-02	  2.4709e-03	  5.3458e-04	  7.2484e-04	  9.0213e+03	  0.0000e+00	  0.0000e+00	  0.0000e+00	  0.0000e+00	  0.0000e+00	  0.0000e+00	
  6.6922e+00	  2.5995e-02	  7.5426e-04	  3.6389e-03	  4.2218e-03	  7.0390e-05	  3.3828e-02	  2.4784e-03	  5.3522e-04	  7.2905e-04	  9.0382e+03	  0.0000e+00	  0.0000e+00	  0.0000e+00	  0.0000e+00	  0.0000e+00	  0.0000e+00	
  6.6905e+00	  2.6032e-02	  7.5522e-04	  3.6487e-03	  4.2331e-03	  7.0354e-05	  3.3894e-02	  2.4856e-03	  5.3584e-04	  7.3311e-04	  9.0544e+03	  0.0000e+00	  0.0000e+00	  0.0000e+00	  0.0000e+00	  0.0000e+00	  0.0000e+00	
  6.6889e+00	  2.6067e-02	  7.5615e-04	  3.6582e-03	  4.2439e-03	  7.0319e-05	  3.3958e-02	  2.4926e-03	  5.3643e-04	  7.3703e-04	  9.0701e+03	  0.0000e+00	  0.0000e+00	  0.0000e+00	  0.0000e+00	  0.0000e+00	  0.0000e+00	
  6.6873e+00	  2.6101e-02	  7.5704e-04	  3.6673e-03	  4.2545e-03	  7.0285e-05	  3.4020e-02	  2.4993e-03	  5.3700e-04	  7.4081e-04	  9.0852e+03	  0.0000e+00	  0.0000e+00	  0.0000e+00	  0.0000e+00	  0.0000e+00	  0.0000e+00	
  6.6858e+00	  2.6133e-02	  7.5791e-04	  3.6762e-03	  4.2646e-03	  7.0252e-05	  3.4079e-02	  2.5058e-03	  5.3756e-04	  7.4446e-04	  9.0998e+03	  0.0000e+00	  0.0000e+00	  0.0000e+00	  0.0000e+00	  0.0000e+00	  0.0000e+00	
  6.6843e+00	  2.6165e-02	  7.5874e-04	  3.6847e-03	  4.2744e-03	  7.0221e-05	  3.4137e-02	  2.5121e-03	  5.3809e-04	  7.4798e-04	  9.1139e+03	  0.0000e+00	  0.0000e+00	  0.0000e+00	  0.0000e+00	  0.0000e+00	  0.0000e+00	
  6.6829e+00	  2.6195e-02	  7.5955e-04	  3.6929e-03	  4.2839e-03	  7.0191e-05	  3.4193e-02	  2.5181e-03	  5.3861e-04	  7.5138e-04	  9.1275e+03	  0.0000e+00	  0.0000e+00	  0.0000e+00	  0.0000e+00	  0.0000e+00	  0.0000e+00	
  6.6815e+00	  2.6225e-02	  7.6033e-04	  3.7009e-03	  4.2930e-03	  7.0162e-05	  3.4246e-02	  2.5239e-03	  5.3910e-04	  7.5466e-04	  9.1406e+03	  0.0000e+00	  0.0000e+00	  0.0000e+00	  0.0000e+00	  0.0000e+00	  0.0000e+00	
  6.6802e+00	  2.6253e-02	  7.6108e-04	  3.7086e-03	  4.3018e-03	  7.0135e-05	  3.4298e-02	  2.5296e-03	  5.3958e-04	  7.5783e-04	  9.1533e+03	  0.0000e+00	  0.0000e+00	  0.0000e+00	  0.0000e+00	  0.0000e+00	  0.0000e+00	
  6.6789e+00	  2.6280e-02	  7.6180e-04	  3.7160e-03	  4.3104e-03	  7.0108e-05	  3.4348e-02	  2.5350e-03	  5.4004e-04	  7.6088e-04	  9.1655e+03	  0.0000e+00	  0.0000e+00	  0.0000e+00	  0.0000e+00	  0.0000e+00	  0.0000e+00	
  6.6777e+00	  2.6307e-02	  7.6250e-04	  3.7232e-03	  4.3186e-03	  7.0082e-05	  3.4396e-02	  2.5402e-03	  5.4049e-04	  7.6383e-04	  9.1773e+03	  0.0000e+00	  0.0000e+00	  0.0000e+00	  0.0000e+00	  0.0000e+00	  0.0000e+00	
  6.6765e+00	  2.6332e-02	  7.6317e-04	  3.7301e-03	  4.3265e-03	  7.0058e-05	  3.4443e-02	  2.5453e-03	  5.4092e-04	  7.6668e-04	  9.1887e+03	  0.0000e+00	  0.0000e+00	  0.0000e+00	  0.0000e+00	  0.0000e+00	  0.0000e+00	
  6.6754e+00	  2.6357e-02	  7.6382e-04	  3.7368e-03	  4.3342e-03	  7.0034e-05	  3.4488e-02	  2.5502e-03	  5.4133e-04	  7.6942e-04	  9.1997e+03	  0.0000e+00	  0.0000e+00	  0.0000e+00	  0.0000e+00	  0.0000e+00	  0.0000e+00	
  6.6743e+00	  2.6380e-02	  7.6445e-04	  3.7432e-03	  4.3416e-03	  7.0011e-05	  3.4531e-02	  2.5549e-03	  5.4174e-04	  7.7207e-04	  9.2104e+03	  0.0000e+00	  0.0000e+00	  0.0000e+00	  0.0000e+00	  0.0000e+00	  0.0000e+00	
  6.6732e+00	  2.6403e-02	  7.6505e-04	  3.7494e-03	  4.3488e-03	  6.9989e-05	  3.4573e-02	  2.5594e-03	  5.4212e-04	  7.7463e-04	  9.2206e+03	  0.0000e+00	  0.0000e+00	  0.0000e+00	  0.0000e+00	  0.0000e+00	  0.0000e+00	
  6.6722e+00	  2.6425e-02	  7.6563e-04	  3.7555e-03	  4.3557e-03	  6.9967e-05	  3.4614e-02	  2.5638e-03	  5.4249e-04	  7.7710e-04	  9.2305e+03	  0.0000e+00	  0.0000e+00	  0.0000e+00	  0.0000e+00	  0.0000e+00	  0.0000e+00	
  6.6712e+00	  2.6447e-02	  7.6620e-04	  3.7613e-03	  4.3624e-03	  6.9947e-05	  3.4653e-02	  2.5680e-03	  5.4285e-04	  7.7948e-04	  9.2400e+03	  0.0000e+00	  0.0000e+00	  0.0000e+00	  0.0000e+00	  0.0000e+00	  0.0000e+00	
  6.6702e+00	  2.6467e-02	  7.6674e-04	  3.7669e-03	  4.3688e-03	  6.9927e-05	  3.4691e-02	  2.5721e-03	  5.4320e-04	  7.8178e-04	  9.2493e+03	  0.0000e+00	  0.0000e+00	  0.0000e+00	  0.0000e+00	  0.0000e+00	  0.0000e+00	
  6.6693e+00	  2.6487e-02	  7.6727e-04	  3.7723e-03	  4.3751e-03	  6.9908e-05	  3.4727e-02	  2.5761e-03	  5.4353e-04	  7.8400e-04	  9.2582e+03	  0.0000e+00	  0.0000e+00	  0.0000e+00	  0.0000e+00	  0.0000e+00	  0.0000e+00	
  6.6684e+00	  2.6506e-02	  7.6777e-04	  3.7775e-03	  4.3811e-03	  6.9890e-05	  3.4763e-02	  2.5799e-03	  5.4386e-04	  7.8615e-04	  9.2667e+03	  0.0000e+00	  0.0000e+00	  0.0000e+00	  0.0000e+00	  0.0000e+00	  0.0000e+00	
  6.6675e+00	  2.6525e-02	  7.6826e-04	  3.7826e-03	  4.3869e-03	  6.9872e-05	  3.4797e-02	  2.5836e-03	  5.4417e-04	  7.8822e-04	  9.2750e+03	  0.0000e+00	  0.0000e+00	  0.0000e+00	  0.0000e+00	  0.0000e+00	  0.0000e+00	
  6.6667e+00	  2.6543e-02	  7.6873e-04	  3.7875e-03	  4.3925e-03	  6.9855e-05	  3.4829e-02	  2.5871e-03	  5.4447e-04	  7.9021e-04	  9.2830e+03	  0.0000e+00	  0.0000e+00	  0.0000e+00	  0.0000e+00	  0.0000e+00	  0.0000e+00	
  6.6659e+00	  2.6560e-02	  7.6919e-04	  3.7922e-03	  4.3979e-03	  6.9839e-05	  3.4861e-02	  2.5905e-03	  5.4476e-04	  7.9214e-04	  9.2908e+03	  0.0000e+00	  0.0000e+00	  0.0000e+00	  0.0000e+00	  0.0000e+00	  0.0000e+00	
  6.6651e+00	  2.6577e-02	  7.6963e-04	  3.7967e-03	  4.4031e-03	  6.9823e-05	  3.4892e-02	  2.5938e-03	  5.4504e-04	  7.9400e-04	  9.2982e+03	  0.0000e+00	  0.0000e+00	  0.0000e+00	  0.0000e+00	  0.0000e+00	  0.0000e+00	
  6.6644e+00	  2.6593e-02	  7.7005e-04	  3.8011e-03	  4.4082e-03	  6.9808e-05	  3.4921e-02	  2.5970e-03	  5.4531e-04	  7.9580e-04	  9.3054e+03	  0.0000e+00	  0.0000e+00	  0.0000e+00	  0.0000e+00	  0.0000e+00	  0.0000e+00	
  6.6637e+00	  2.6608e-02	  7.7046e-04	  3.8054e-03	  4.4131e-03	  6.9794e-05	  3.4950e-02	  2.6001e-03	  5.4557e-04	  7.9753e-04	  9.3124e+03	  0.0000e+00	  0.0000e+00	  0.0000e+00	  0.0000e+00	  0.0000e+00	  0.0000e+00	
  6.6630e+00	  2.6623e-02	  7.7086e-04	  3.8095e-03	  4.4178e-03	  6.9779e-05	  3.4977e-02	  2.6031e-03	  5.4582e-04	  7.9920e-04	  9.3191e+03	  0.0000e+00	  0.0000e+00	  0.0000e+00	  0.0000e+00	  0.0000e+00	  0.0000e+00	
  6.6623e+00	  2.6638e-02	  7.7124e-04	  3.8134e-03	  4.4223e-03	  6.9766e-05	  3.5004e-02	  2.6060e-03	  5.4607e-04	  8.0082e-04	  9.3256e+03	  0.0000e+00	  0.0000e+00	  0.0000e+00	  0.0000e+00	  0.0000e+00	  0.0000e+00	
  6.6616e+00	  2.6652e-02	  7.7161e-04	  3.8172e-03	  4.4267e-03	  6.9753e-05	  3.5030e-02	  2.6087e-03	  5.4630e-04	  8.0238e-04	  9.3318e+03	  0.0000e+00	  0.0000e+00	  0.0000e+00	  0.0000e+00	  0.0000e+00	  0.0000e+00	
  6.6610e+00	  2.6665e-02	  7.7196e-04	  3.8209e-03	  4.4309e-03	  6.9740e-05	  3.5054e-02	  2.6114e-03	  5.4653e-04	  8.0388e-04	  9.3379e+03	  0.0000e+00	  0.0000e+00	  0.0000e+00	  0.0000e+00	  0.0000e+00	  0.0000e+00	
  6.6604e+00	  2.6678e-02	  7.7231e-04	  3.8245e-03	  4.4350e-03	  6.9728e-05	  3.5078e-02	  2.6140e-03	  5.4674e-04	  8.0534e-04	  9.3437e+03	  0.0000e+00	  0.0000e+00	  0.0000e+00	  0.0000e+00	  0.0000e+00	  0.0000e+00	
  6.6598e+00	  2.6691e-02	  7.7264e-04	  3.8279e-03	  4.4390e-03	  6.9716e-05	  3.5101e-02	  2.6165e-03	  5.4696e-04	  8.0674e-04	  9.3493e+03	  0.0000e+00	  0.0000e+00	  0.0000e+00	  0.0000e+00	  0.0000e+00	  0.0000e+00	
  6.6593e+00	  2.6703e-02	  7.7296e-04	  3.8313e-03	  4.4428e-03	  6.9705e-05	  3.5124e-02	  2.6189e-03	  5.4716e-04	  8.0809e-04	  9.3548e+03	  0.0000e+00	  0.0000e+00	  0.0000e+00	  0.0000e+00	  0.0000e+00	  0.0000e+00	
  6.6587e+00	  2.6715e-02	  7.7327e-04	  3.8345e-03	  4.4465e-03	  6.9694e-05	  3.5145e-02	  2.6212e-03	  5.4735e-04	  8.0940e-04	  9.3600e+03	  0.0000e+00	  0.0000e+00	  0.0000e+00	  0.0000e+00	  0.0000e+00	  0.0000e+00	
  6.6582e+00	  2.6726e-02	  7.7356e-04	  3.8376e-03	  4.4500e-03	  6.9683e-05	  3.5166e-02	  2.6235e-03	  5.4754e-04	  8.1066e-04	  9.3651e+03	  0.0000e+00	  0.0000e+00	  0.0000e+00	  0.0000e+00	  0.0000e+00	  0.0000e+00	
  6.6577e+00	  2.6737e-02	  7.7385e-04	  3.8406e-03	  4.4535e-03	  6.9673e-05	  3.5186e-02	  2.6256e-03	  5.4773e-04	  8.1188e-04	  9.3700e+03	  0.0000e+00	  0.0000e+00	  0.0000e+00	  0.0000e+00	  0.0000e+00	  0.0000e+00	
  6.6572e+00	  2.6747e-02	  7.7413e-04	  3.8435e-03	  4.4568e-03	  6.9663e-05	  3.5206e-02	  2.6277e-03	  5.4790e-04	  8.1306e-04	  9.3747e+03	  0.0000e+00	  0.0000e+00	  0.0000e+00	  0.0000e+00	  0.0000e+00	  0.0000e+00	
  6.6567e+00	  2.6757e-02	  7.7440e-04	  3.8462e-03	  4.4600e-03	  6.9654e-05	  3.5224e-02	  2.6297e-03	  5.4807e-04	  8.1420e-04	  9.3792e+03	  0.0000e+00	  0.0000e+00	  0.0000e+00	  0.0000e+00	  0.0000e+00	  0.0000e+00	
  6.6563e+00	  2.6767e-02	  7.7466e-04	  3.8489e-03	  4.4631e-03	  6.9645e-05	  3.5242e-02	  2.6317e-03	  5.4824e-04	  8.1529e-04	  9.3836e+03	  0.0000e+00	  0.0000e+00	  0.0000e+00	  0.0000e+00	  0.0000e+00	  0.0000e+00	
  6.6558e+00	  2.6777e-02	  7.7491e-04	  3.8515e-03	  4.4661e-03	  6.9636e-05	  3.5260e-02	  2.6336e-03	  5.4840e-04	  8.1635e-04	  9.3879e+03	  0.0000e+00	  0.0000e+00	  0.0000e+00	  0.0000e+00	  0.0000e+00	  0.0000e+00	
  6.6554e+00	  2.6786e-02	  7.7515e-04	  3.8541e-03	  4.4690e-03	  6.9628e-05	  3.5277e-02	  2.6354e-03	  5.4855e-04	  8.1737e-04	  9.3920e+03	  0.0000e+00	  0.0000e+00	  0.0000e+00	  0.0000e+00	  0.0000e+00	  0.0000e+00	
  6.6550e+00	  2.6795e-02	  7.7538e-04	  3.8565e-03	  4.4718e-03	  6.9620e-05	  3.5293e-02	  2.6371e-03	  5.4870e-04	  8.1836e-04	  9.3959e+03	  0.0000e+00	  0.0000e+00	  0.0000e+00	  0.0000e+00	  0.0000e+00	  0.0000e+00	
  6.6546e+00	  2.6803e-02	  7.7561e-04	  3.8588e-03	  4.4745e-03	  6.9612e-05	  3.5309e-02	  2.6388e-03	  5.4884e-04	  8.1931e-04	  9.3998e+03	  0.0000e+00	  0.0000e+00	  0.0000e+00	  0.0000e+00	  0.0000e+00	  0.0000e+00	
  6.6542e+00	  2.6812e-02	  7.7582e-04	  3.8611e-03	  4.4771e-03	  6.9604e-05	  3.5324e-02	  2.6405e-03	  5.4898e-04	  8.2023e-04	  9.4035e+03	  0.0000e+00	  0.0000e+00	  0.0000e+00	  0.0000e+00	  0.0000e+00	  0.0000e+00	
  6.6539e+00	  2.6820e-02	  7.7603e-04	  3.8633e-03	  4.4796e-03	  6.9597e-05	  3.5338e-02	  2.6420e-03	  5.4911e-04	  8.2112e-04	  9.4070e+03	  0.0000e+00	  0.0000e+00	  0.0000e+00	  0.0000e+00	  0.0000e+00	  0.0000e+00	
  6.6535e+00	  2.6827e-02	  7.7623e-04	  3.8654e-03	  4.4820e-03	  6.9590e-05	  3.5353e-02	  2.6436e-03	  5.4924e-04	  8.2198e-04	  9.4105e+03	  0.0000e+00	  0.0000e+00	  0.0000e+00	  0.0000e+00	  0.0000e+00	  0.0000e+00	
  6.6532e+00	  2.6835e-02	  7.7643e-04	  3.8674e-03	  4.4843e-03	  6.9583e-05	  3.5366e-02	  2.6450e-03	  5.4937e-04	  8.2280e-04	  9.4138e+03	  0.0000e+00	  0.0000e+00	  0.0000e+00	  0.0000e+00	  0.0000e+00	  0.0000e+00	
  6.6528e+00	  2.6842e-02	  7.7662e-04	  3.8694e-03	  4.4866e-03	  6.9576e-05	  3.5379e-02	  2.6465e-03	  5.4948e-04	  8.2360e-04	  9.4170e+03	  0.0000e+00	  0.0000e+00	  0.0000e+00	  0.0000e+00	  0.0000e+00	  0.0000e+00	
  6.6525e+00	  2.6849e-02	  7.7680e-04	  3.8713e-03	  4.4888e-03	  6.9570e-05	  3.5392e-02	  2.6478e-03	  5.4960e-04	  8.2438e-04	  9.4201e+03	  0.0000e+00	  0.0000e+00	  0.0000e+00	  0.0000e+00	  0.0000e+00	  0.0000e+00	
  6.6522e+00	  2.6855e-02	  7.7698e-04	  3.8731e-03	  4.4909e-03	  6.9564e-05	  3.5404e-02	  2.6492e-03	  5.4971e-04	  8.2512e-04	  9.4231e+03	  0.0000e+00	  0.0000e+00	  0.0000e+00	  0.0000e+00	  0.0000e+00	  0.0000e+00	
  6.6519e+00	  2.6862e-02	  7.7714e-04	  3.8749e-03	  4.4929e-03	  6.9558e-05	  3.5416e-02	  2.6504e-03	  5.4982e-04	  8.2584e-04	  9.4260e+03	  0.0000e+00	  0.0000e+00	  0.0000e+00	  0.0000e+00	  0.0000e+00	  0.0000e+00	
  6.6516e+00	  2.6868e-02	  7.7731e-04	  3.8766e-03	  4.4949e-03	  6.9552e-05	  3.5428e-02	  2.6517e-03	  5.4992e-04	  8.2653e-04	  9.4288e+03	  0.0000e+00	  0.0000e+00	  0.0000e+00	  0.0000e+00	  0.0000e+00	  0.0000e+00	
  6.6513e+00	  2.6874e-02	  7.7747e-04	  3.8783e-03	  4.4968e-03	  6.9547e-05	  3.5439e-02	  2.6529e-03	  5.5002e-04	  8.2720e-04	  9.4314e+03	  0.0000e+00	  0.0000e+00	  0.0000e+00	  0.0000e+00	  0.0000e+00	  0.0000e+00	
  6.6511e+00	  2.6880e-02	  7.7762e-04	  3.8799e-03	  4.4986e-03	  6.9541e-05	  3.5450e-02	  2.6540e-03	  5.5012e-04	  8.2785e-04	  9.4340e+03	  0.0000e+00	  0.0000e+00	  0.0000e+00	  0.0000e+00	  0.0000e+00	  0.0000e+00	
  6.6508e+00	  2.6885e-02	  7.7777e-04	  3.8814e-03	  4.5004e-03	  6.9536e-05	  3.5460e-02	  2.6551e-03	  5.5021e-04	  8.2848e-04	  9.4365e+03	  0.0000e+00	  0.0000e+00	  0.0000e+00	  0.0000e+00	  0.0000e+00	  0.0000e+00	
  6.6506e+00	  2.6891e-02	  7.7791e-04	  3.8829e-03	  4.5021e-03	  6.9531e-05	  3.5470e-02	  2.6562e-03	  5.5030e-04	  8.2908e-04	  9.4390e+03	  0.0000e+00	  0.0000e+00	  0.0000e+00	  0.0000e+00	  0.0000e+00	  0.0000e+00	
  6.6503e+00	  2.6896e-02	  7.7805e-04	  3.8843e-03	  4.5037e-03	  6.9527e-05	  3.5479e-02	  2.6572e-03	  5.5039e-04	  8.2966e-04	  9.4413e+03	  0.0000e+00	  0.0000e+00	  0.0000e+00	  0.0000e+00	  0.0000e+00	  0.0000e+00	
  6.6501e+00	  2.6901e-02	  7.7818e-04	  3.8857e-03	  4.5053e-03	  6.9522e-05	  3.5489e-02	  2.6582e-03	  5.5048e-04	  8.3022e-04	  9.4436e+03	  0.0000e+00	  0.0000e+00	  0.0000e+00	  0.0000e+00	  0.0000e+00	  0.0000e+00	
  6.6499e+00	  2.6906e-02	  7.7831e-04	  3.8870e-03	  4.5069e-03	  6.9518e-05	  3.5498e-02	  2.6592e-03	  5.5056e-04	  8.3077e-04	  9.4457e+03	  0.0000e+00	  0.0000e+00	  0.0000e+00	  0.0000e+00	  0.0000e+00	  0.0000e+00	
  6.6496e+00	  2.6911e-02	  7.7843e-04	  3.8883e-03	  4.5083e-03	  6.9513e-05	  3.5506e-02	  2.6601e-03	  5.5064e-04	  8.3129e-04	  9.4479e+03	  0.0000e+00	  0.0000e+00	  0.0000e+00	  0.0000e+00	  0.0000e+00	  0.0000e+00	
  6.6494e+00	  2.6915e-02	  7.7855e-04	  3.8896e-03	  4.5098e-03	  6.9509e-05	  3.5515e-02	  2.6610e-03	  5.5071e-04	  8.3180e-04	  9.4499e+03	  0.0000e+00	  0.0000e+00	  0.0000e+00	  0.0000e+00	  0.0000e+00	  0.0000e+00	
  6.6492e+00	  2.6920e-02	  7.7867e-04	  3.8908e-03	  4.5112e-03	  6.9505e-05	  3.5523e-02	  2.6619e-03	  5.5079e-04	  8.3229e-04	  9.4518e+03	  0.0000e+00	  0.0000e+00	  0.0000e+00	  0.0000e+00	  0.0000e+00	  0.0000e+00	
  6.6490e+00	  2.6924e-02	  7.7878e-04	  3.8920e-03	  4.5125e-03	  6.9501e-05	  3.5531e-02	  2.6627e-03	  5.5086e-04	  8.3276e-04	  9.4537e+03	  0.0000e+00	  0.0000e+00	  0.0000e+00	  0.0000e+00	  0.0000e+00	  0.0000e+00	
  6.6489e+00	  2.6928e-02	  7.7888e-04	  3.8931e-03	  4.5138e-03	  6.9498e-05	  3.5538e-02	  2.6635e-03	  5.5092e-04	  8.3321e-04	  9.4556e+03	  0.0000e+00	  0.0000e+00	  0.0000e+00	  0.0000e+00	  0.0000e+00	  0.0000e+00	
  6.6487e+00	  2.6932e-02	  7.7899e-04	  3.8942e-03	  4.5150e-03	  6.9494e-05	  3.5545e-02	  2.6643e-03	  5.5099e-04	  8.3365e-04	  9.4573e+03	  0.0000e+00	  0.0000e+00	  0.0000e+00	  0.0000e+00	  0.0000e+00	  0.0000e+00	
  6.6485e+00	  2.6936e-02	  7.7909e-04	  3.8952e-03	  4.5162e-03	  6.9490e-05	  3.5552e-02	  2.6651e-03	  5.5105e-04	  8.3408e-04	  9.4590e+03	  0.0000e+00	  0.0000e+00	  0.0000e+00	  0.0000e+00	  0.0000e+00	  0.0000e+00	
  6.6483e+00	  2.6939e-02	  7.7918e-04	  3.8962e-03	  4.5174e-03	  6.9487e-05	  3.5559e-02	  2.6658e-03	  5.5111e-04	  8.3449e-04	  9.4607e+03	  0.0000e+00	  0.0000e+00	  0.0000e+00	  0.0000e+00	  0.0000e+00	  0.0000e+00	
  6.6482e+00	  2.6943e-02	  7.7928e-04	  3.8972e-03	  4.5185e-03	  6.9484e-05	  3.5566e-02	  2.6665e-03	  5.5117e-04	  8.3489e-04	  9.4623e+03	  0.0000e+00	  0.0000e+00	  0.0000e+00	  0.0000e+00	  0.0000e+00	  0.0000e+00	
  6.6480e+00	  2.6946e-02	  7.7937e-04	  3.8982e-03	  4.5196e-03	  6.9481e-05	  3.5572e-02	  2.6672e-03	  5.5123e-04	  8.3527e-04	  9.4638e+03	  0.0000e+00	  0.0000e+00	  0.0000e+00	  0.0000e+00	  0.0000e+00	  0.0000e+00	
  6.6478e+00	  2.6950e-02	  7.7945e-04	  3.8991e-03	  4.5207e-03	  6.9478e-05	  3.5578e-02	  2.6679e-03	  5.5129e-04	  8.3564e-04	  9.4653e+03	  0.0000e+00	  0.0000e+00	  0.0000e+00	  0.0000e+00	  0.0000e+00	  0.0000e+00	
  6.6477e+00	  2.6953e-02	  7.7954e-04	  3.8999e-03	  4.5217e-03	  6.9475e-05	  3.5584e-02	  2.6685e-03	  5.5134e-04	  8.3599e-04	  9.4667e+03	  0.0000e+00	  0.0000e+00	  0.0000e+00	  0.0000e+00	  0.0000e+00	  0.0000e+00	
  6.6476e+00	  2.6956e-02	  7.7962e-04	  3.9008e-03	  4.5226e-03	  6.9472e-05	  3.5590e-02	  2.6691e-03	  5.5139e-04	  8.3634e-04	  9.4681e+03	  0.0000e+00	  0.0000e+00	  0.0000e+00	  0.0000e+00	  0.0000e+00	  0.0000e+00	
  6.6474e+00	  2.6959e-02	  7.7970e-04	  3.9016e-03	  4.5236e-03	  6.9469e-05	  3.5595e-02	  2.6697e-03	  5.5144e-04	  8.3667e-04	  9.4695e+03	  0.0000e+00	  0.0000e+00	  0.0000e+00	  0.0000e+00	  0.0000e+00	  0.0000e+00	
  6.6473e+00	  2.6962e-02	  7.7977e-04	  3.9024e-03	  4.5245e-03	  6.9467e-05	  3.5601e-02	  2.6703e-03	  5.5149e-04	  8.3699e-04	  9.4707e+03	  0.0000e+00	  0.0000e+00	  0.0000e+00	  0.0000e+00	  0.0000e+00	  0.0000e+00	
  6.6472e+00	  2.6964e-02	  7.7985e-04	  3.9032e-03	  4.5254e-03	  6.9464e-05	  3.5606e-02	  2.6708e-03	  5.5154e-04	  8.3730e-04	  9.4720e+03	  0.0000e+00	  0.0000e+00	  0.0000e+00	  0.0000e+00	  0.0000e+00	  0.0000e+00	
  6.6470e+00	  2.6967e-02	  7.7992e-04	  3.9039e-03	  4.5262e-03	  6.9462e-05	  3.5611e-02	  2.6713e-03	  5.5158e-04	  8.3760e-04	  9.4732e+03	  0.0000e+00	  0.0000e+00	  0.0000e+00	  0.0000e+00	  0.0000e+00	  0.0000e+00	
  6.6469e+00	  2.6970e-02	  7.7999e-04	  3.9046e-03	  4.5270e-03	  6.9459e-05	  3.5615e-02	  2.6719e-03	  5.5162e-04	  8.3789e-04	  9.4743e+03	  0.0000e+00	  0.0000e+00	  0.0000e+00	  0.0000e+00	  0.0000e+00	  0.0000e+00	
  6.6468e+00	  2.6972e-02	  7.8005e-04	  3.9053e-03	  4.5278e-03	  6.9457e-05	  3.5620e-02	  2.6724e-03	  5.5166e-04	  8.3817e-04	  9.4755e+03	  0.0000e+00	  0.0000e+00	  0.0000e+00	  0.0000e+00	  0.0000e+00	  0.0000e+00	
  6.6467e+00	  2.6975e-02	  7.8011e-04	  3.9060e-03	  4.5286e-03	  6.9455e-05	  3.5624e-02	  2.6728e-03	  5.5171e-04	  8.3844e-04	  9.4765e+03	  0.0000e+00	  0.0000e+00	  0.0000e+00	  0.0000e+00	  0.0000e+00	  0.0000e+00	
  6.6466e+00	  2.6977e-02	  7.8018e-04	  3.9066e-03	  4.5293e-03	  6.9453e-05	  3.5629e-02	  2.6733e-03	  5.5174e-04	  8.3870e-04	  9.4776e+03	  0.0000e+00	  0.0000e+00	  0.0000e+00	  0.0000e+00	  0.0000e+00	  0.0000e+00	
  6.6465e+00	  2.6979e-02	  7.8024e-04	  3.9072e-03	  4.5301e-03	  6.9451e-05	  3.5633e-02	  2.6737e-03	  5.5178e-04	  8.3895e-04	  9.4786e+03	  0.0000e+00	  0.0000e+00	  0.0000e+00	  0.0000e+00	  0.0000e+00	  0.0000e+00	
  6.6464e+00	  2.6981e-02	  7.8029e-04	  3.9078e-03	  4.5307e-03	  6.9449e-05	  3.5637e-02	  2.6742e-03	  5.5182e-04	  8.3919e-04	  9.4796e+03	  0.0000e+00	  0.0000e+00	  0.0000e+00	  0.0000e+00	  0.0000e+00	  0.0000e+00	
  6.6463e+00	  2.6983e-02	  7.8035e-04	  3.9084e-03	  4.5314e-03	  6.9447e-05	  3.5641e-02	  2.6746e-03	  5.5185e-04	  8.3942e-04	  9.4805e+03	  0.0000e+00	  0.0000e+00	  0.0000e+00	  0.0000e+00	  0.0000e+00	  0.0000e+00	
  6.6462e+00	  2.6986e-02	  7.8040e-04	  3.9090e-03	  4.5320e-03	  6.9445e-05	  3.5645e-02	  2.6750e-03	  5.5189e-04	  8.3965e-04	  9.4814e+03	  0.0000e+00	  0.0000e+00	  0.0000e+00	  0.0000e+00	  0.0000e+00	  0.0000e+00	
  6.6461e+00	  2.6987e-02	  7.8045e-04	  3.9095e-03	  4.5327e-03	  6.9443e-05	  3.5648e-02	  2.6754e-03	  5.5192e-04	  8.3987e-04	  9.4823e+03	  0.0000e+00	  0.0000e+00	  0.0000e+00	  0.0000e+00	  0.0000e+00	  0.0000e+00	
  6.6460e+00	  2.6989e-02	  7.8050e-04	  3.9100e-03	  4.5333e-03	  6.9442e-05	  3.5652e-02	  2.6758e-03	  5.5195e-04	  8.4008e-04	  9.4831e+03	  0.0000e+00	  0.0000e+00	  0.0000e+00	  0.0000e+00	  0.0000e+00	  0.0000e+00	
  6.6459e+00	  2.6991e-02	  7.8055e-04	  3.9105e-03	  4.5338e-03	  6.9440e-05	  3.5655e-02	  2.6761e-03	  5.5198e-04	  8.4028e-04	  9.4840e+03	  0.0000e+00	  0.0000e+00	  0.0000e+00	  0.0000e+00	  0.0000e+00	  0.0000e+00	
  6.6458e+00	  2.6993e-02	  7.8060e-04	  3.9110e-03	  4.5344e-03	  6.9438e-05	  3.5658e-02	  2.6765e-03	  5.5201e-04	  8.4048e-04	  9.4847e+03	  0.0000e+00	  0.0000e+00	  0.0000e+00	  0.0000e+00	  0.0000e+00	  0.0000e+00	
  6.6458e+00	  2.6995e-02	  7.8064e-04	  3.9115e-03	  4.5349e-03	  6.9437e-05	  3.5661e-02	  2.6768e-03	  5.5204e-04	  8.4067e-04	  9.4855e+03	  0.0000e+00	  0.0000e+00	  0.0000e+00	  0.0000e+00	  0.0000e+00	  0.0000e+00	
  6.6457e+00	  2.6996e-02	  7.8068e-04	  3.9119e-03	  4.5355e-03	  6.9435e-05	  3.5664e-02	  2.6771e-03	  5.5207e-04	  8.4085e-04	  9.4862e+03	  0.0000e+00	  0.0000e+00	  0.0000e+00	  0.0000e+00	  0.0000e+00	  0.0000e+00	
  6.6456e+00	  2.6998e-02	  7.8073e-04	  3.9124e-03	  4.5360e-03	  6.9434e-05	  3.5667e-02	  2.6774e-03	  5.5209e-04	  8.4103e-04	  9.4870e+03	  0.0000e+00	  0.0000e+00	  0.0000e+00	  0.0000e+00	  0.0000e+00	  0.0000e+00	
  6.6455e+00	  2.6999e-02	  7.8077e-04	  3.9128e-03	  4.5364e-03	  6.9433e-05	  3.5670e-02	  2.6777e-03	  5.5212e-04	  8.4120e-04	  9.4876e+03	  0.0000e+00	  0.0000e+00	  0.0000e+00	  0.0000e+00	  0.0000e+00	  0.0000e+00	
  6.6455e+00	  2.7001e-02	  7.8080e-04	  3.9132e-03	  4.5369e-03	  6.9431e-05	  3.5673e-02	  2.6780e-03	  5.5214e-04	  8.4136e-04	  9.4883e+03	  0.0000e+00	  0.0000e+00	  0.0000e+00	  0.0000e+00	  0.0000e+00	  0.0000e+00	
  6.6454e+00	  2.7002e-02	  7.8084e-04	  3.9136e-03	  4.5374e-03	  6.9430e-05	  3.5676e-02	  2.6783e-03	  5.5217e-04	  8.4152e-04	  9.4889e+03	  0.0000e+00	  0.0000e+00	  0.0000e+00	  0.0000e+00	  0.0000e+00	  0.0000e+00	
  6.6453e+00	  2.7004e-02	  7.8088e-04	  3.9140e-03	  4.5378e-03	  6.9429e-05	  3.5678e-02	  2.6786e-03	  5.5219e-04	  8.4168e-04	  9.4896e+03	  0.0000e+00	  0.0000e+00	  0.0000e+00	  0.0000e+00	  0.0000e+00	  0.0000e+00	
  6.6453e+00	  2.7005e-02	  7.8091e-04	  3.9144e-03	  4.5382e-03	  6.9428e-05	  3.5681e-02	  2.6789e-03	  5.5221e-04	  8.4183e-04	  9.4902e+03	  0.0000e+00	  0.0000e+00	  0.0000e+00	  0.0000e+00	  0.0000e+00	  0.0000e+00	
  6.6452e+00	  2.7006e-02	  7.8095e-04	  3.9147e-03	  4.5386e-03	  6.9426e-05	  3.5683e-02	  2.6791e-03	  5.5223e-04	  8.4197e-04	  9.4907e+03	  0.0000e+00	  0.0000e+00	  0.0000e+00	  0.0000e+00	  0.0000e+00	  0.0000e+00	
  6.6452e+00	  2.7008e-02	  7.8098e-04	  3.9151e-03	  4.5390e-03	  6.9425e-05	  3.5685e-02	  2.6794e-03	  5.5225e-04	  8.4211e-04	  9.4913e+03	  0.0000e+00	  0.0000e+00	  0.0000e+00	  0.0000e+00	  0.0000e+00	  0.0000e+00	
  6.6451e+00	  2.7009e-02	  7.8101e-04	  3.9154e-03	  4.5394e-03	  6.9424e-05	  3.5687e-02	  2.6796e-03	  5.5227e-04	  8.4224e-04	  9.4918e+03	  0.0000e+00	  0.0000e+00	  0.0000e+00	  0.0000e+00	  0.0000e+00	  0.0000e+00	
  6.6451e+00	  2.7010e-02	  7.8104e-04	  3.9157e-03	  4.5398e-03	  6.9423e-05	  3.5689e-02	  2.6798e-03	  5.5229e-04	  8.4237e-04	  9.4923e+03	  0.0000e+00	  0.0000e+00	  0.0000e+00	  0.0000e+00	  0.0000e+00	  0.0000e+00	
  6.6450e+00	  2.7011e-02	  7.8107e-04	  3.9160e-03	  4.5401e-03	  6.9422e-05	  3.5692e-02	  2.6800e-03	  5.5231e-04	  8.4249e-04	  9.4928e+03	  0.0000e+00	  0.0000e+00	  0.0000e+00	  0.0000e+00	  0.0000e+00	  0.0000e+00	
  6.6450e+00	  2.7012e-02	  7.8110e-04	  3.9163e-03	  4.5405e-03	  6.9421e-05	  3.5694e-02	  2.6803e-03	  5.5233e-04	  8.4262e-04	  9.4933e+03	  0.0000e+00	  0.0000e+00	  0.0000e+00	  0.0000e+00	  0.0000e+00	  0.0000e+00	
  6.6449e+00	  2.7013e-02	  7.8113e-04	  3.9166e-03	  4.5408e-03	  6.9420e-05	  3.5695e-02	  2.6805e-03	  5.5235e-04	  8.4273e-04	  9.4938e+03	  0.0000e+00	  0.0000e+00	  0.0000e+00	  0.0000e+00	  0.0000e+00	  0.0000e+00	
  6.6449e+00	  2.7014e-02	  7.8115e-04	  3.9169e-03	  4.5411e-03	  6.9419e-05	  3.5697e-02	  2.6807e-03	  5.5236e-04	  8.4284e-04	  9.4942e+03	  0.0000e+00	  0.0000e+00	  0.0000e+00	  0.0000e+00	  0.0000e+00	  0.0000e+00	
  6.6448e+00	  2.7015e-02	  7.8118e-04	  3.9171e-03	  4.5414e-03	  6.9418e-05	  3.5699e-02	  2.6809e-03	  5.5238e-04	  8.4295e-04	  9.4947e+03	  0.0000e+00	  0.0000e+00	  0.0000e+00	  0.0000e+00	  0.0000e+00	  0.0000e+00	
  6.6448e+00	  2.7016e-02	  7.8120e-04	  3.9174e-03	  4.5417e-03	  6.9418e-05	  3.5701e-02	  2.6810e-03	  5.5240e-04	  8.4306e-04	  9.4951e+03	  0.0000e+00	  0.0000e+00	  0.0000e+00	  0.0000e+00	  0.0000e+00	  0.0000e+00	
  6.6447e+00	  2.7017e-02	  7.8123e-04	  3.9176e-03	  4.5420e-03	  6.9417e-05	  3.5703e-02	  2.6812e-03	  5.5241e-04	  8.4316e-04	  9.4955e+03	  0.0000e+00	  0.0000e+00	  0.0000e+00	  0.0000e+00	  0.0000e+00	  0.0000e+00	
  6.6447e+00	  2.7018e-02	  7.8125e-04	  3.9179e-03	  4.5423e-03	  6.9416e-05	  3.5704e-02	  2.6814e-03	  5.5243e-04	  8.4325e-04	  9.4959e+03	  0.0000e+00	  0.0000e+00	  0.0000e+00	  0.0000e+00	  0.0000e+00	  0.0000e+00	
  6.6447e+00	  2.7019e-02	  7.8127e-04	  3.9181e-03	  4.5425e-03	  6.9415e-05	  3.5706e-02	  2.6816e-03	  5.5244e-04	  8.4335e-04	  9.4963e+03	  0.0000e+00	  0.0000e+00	  0.0000e+00	  0.0000e+00	  0.0000e+00	  0.0000e+00	
  6.6446e+00	  2.7019e-02	  7.8129e-04	  3.9183e-03	  4.5428e-03	  6.9414e-05	  3.5707e-02	  2.6817e-03	  5.5245e-04	  8.4344e-04	  9.4966e+03	  0.0000e+00	  0.0000e+00	  0.0000e+00	  0.0000e+00	  0.0000e+00	  0.0000e+00	
  6.6446e+00	  2.7020e-02	  7.8131e-04	  3.9186e-03	  4.5431e-03	  6.9414e-05	  3.5709e-02	  2.6819e-03	  5.5247e-04	  8.4353e-04	  9.4970e+03	  0.0000e+00	  0.0000e+00	  0.0000e+00	  0.0000e+00	  0.0000e+00	  0.0000e+00	
  6.6445e+00	  2.7021e-02	  7.8133e-04	  3.9188e-03	  4.5433e-03	  6.9413e-05	  3.5710e-02	  2.6820e-03	  5.5248e-04	  8.4361e-04	  9.4973e+03	  0.0000e+00	  0.0000e+00	  0.0000e+00	  0.0000e+00	  0.0000e+00	  0.0000e+00	
  6.6445e+00	  2.7022e-02	  7.8135e-04	  3.9190e-03	  4.5435e-03	  6.9412e-05	  3.5711e-02	  2.6822e-03	  5.5249e-04	  8.4369e-04	  9.4977e+03	  0.0000e+00	  0.0000e+00	  0.0000e+00	  0.0000e+00	  0.0000e+00	  0.0000e+00	
  6.6445e+00	  2.7022e-02	  7.8137e-04	  3.9192e-03	  4.5438e-03	  6.9412e-05	  3.5713e-02	  2.6823e-03	  5.5250e-04	  8.4377e-04	  9.4980e+03	  0.0000e+00	  0.0000e+00	  0.0000e+00	  0.0000e+00	  0.0000e+00	  0.0000e+00	
  6.6444e+00	  2.7023e-02	  7.8139e-04	  3.9194e-03	  4.5440e-03	  6.9411e-05	  3.5714e-02	  2.6825e-03	  5.5251e-04	  8.4385e-04	  9.4983e+03	  0.0000e+00	  0.0000e+00	  0.0000e+00	  0.0000e+00	  0.0000e+00	  0.0000e+00	
  6.6444e+00	  2.7024e-02	  7.8141e-04	  3.9195e-03	  4.5442e-03	  6.9411e-05	  3.5715e-02	  2.6826e-03	  5.5253e-04	  8.4392e-04	  9.4986e+03	  0.0000e+00	  0.0000e+00	  0.0000e+00	  0.0000e+00	  0.0000e+00	  0.0000e+00	
  6.6444e+00	  2.7024e-02	  7.8142e-04	  3.9197e-03	  4.5444e-03	  6.9410e-05	  3.5716e-02	  2.6827e-03	  5.5254e-04	  8.4399e-04	  9.4989e+03	  0.0000e+00	  0.0000e+00	  0.0000e+00	  0.0000e+00	  0.0000e+00	  0.0000e+00	
  6.6444e+00	  2.7025e-02	  7.8144e-04	  3.9199e-03	  4.5446e-03	  6.9409e-05	  3.5717e-02	  2.6828e-03	  5.5255e-04	  8.4406e-04	  9.4991e+03	  0.0000e+00	  0.0000e+00	  0.0000e+00	  0.0000e+00	  0.0000e+00	  0.0000e+00	
  6.6443e+00	  2.7026e-02	  7.8146e-04	  3.9201e-03	  4.5448e-03	  6.9409e-05	  3.5719e-02	  2.6829e-03	  5.5256e-04	  8.4413e-04	  9.4994e+03	  0.0000e+00	  0.0000e+00	  0.0000e+00	  0.0000e+00	  0.0000e+00	  0.0000e+00	
  6.6443e+00	  2.7026e-02	  7.8147e-04	  3.9202e-03	  4.5449e-03	  6.9408e-05	  3.5720e-02	  2.6831e-03	  5.5257e-04	  8.4419e-04	  9.4997e+03	  0.0000e+00	  0.0000e+00	  0.0000e+00	  0.0000e+00	  0.0000e+00	  0.0000e+00	
  6.6443e+00	  2.7027e-02	  7.8149e-04	  3.9204e-03	  4.5451e-03	  6.9408e-05	  3.5721e-02	  2.6832e-03	  5.5258e-04	  8.4425e-04	  9.4999e+03	  0.0000e+00	  0.0000e+00	  0.0000e+00	  0.0000e+00	  0.0000e+00	  0.0000e+00	
  6.6443e+00	  2.7027e-02	  7.8150e-04	  3.9205e-03	  4.5453e-03	  6.9407e-05	  3.5722e-02	  2.6833e-03	  5.5258e-04	  8.4431e-04	  9.5001e+03	  0.0000e+00	  0.0000e+00	  0.0000e+00	  0.0000e+00	  0.0000e+00	  0.0000e+00	
  6.6442e+00	  2.7028e-02	  7.8151e-04	  3.9207e-03	  4.5455e-03	  6.9407e-05	  3.5723e-02	  2.6834e-03	  5.5259e-04	  8.4437e-04	  9.5004e+03	  0.0000e+00	  0.0000e+00	  0.0000e+00	  0.0000e+00	  0.0000e+00	  0.0000e+00	
  6.6442e+00	  2.7028e-02	  7.8153e-04	  3.9208e-03	  4.5456e-03	  6.9406e-05	  3.5724e-02	  2.6835e-03	  5.5260e-04	  8.4443e-04	  9.5006e+03	  0.0000e+00	  0.0000e+00	  0.0000e+00	  0.0000e+00	  0.0000e+00	  0.0000e+00	
  6.6442e+00	  2.7029e-02	  7.8154e-04	  3.9209e-03	  4.5458e-03	  6.9406e-05	  3.5724e-02	  2.6836e-03	  5.5261e-04	  8.4448e-04	  9.5008e+03	  0.0000e+00	  0.0000e+00	  0.0000e+00	  0.0000e+00	  0.0000e+00	  0.0000e+00	
  6.6442e+00	  2.7029e-02	  7.8155e-04	  3.9211e-03	  4.5459e-03	  6.9406e-05	  3.5725e-02	  2.6837e-03	  5.5262e-04	  8.4453e-04	  9.5010e+03	  0.0000e+00	  0.0000e+00	  0.0000e+00	  0.0000e+00	  0.0000e+00	  0.0000e+00	
  6.6441e+00	  2.7030e-02	  7.8156e-04	  3.9212e-03	  4.5461e-03	  6.9405e-05	  3.5726e-02	  2.6838e-03	  5.5262e-04	  8.4458e-04	  9.5012e+03	  0.0000e+00	  0.0000e+00	  0.0000e+00	  0.0000e+00	  0.0000e+00	  0.0000e+00	
  6.6441e+00	  2.7030e-02	  7.8158e-04	  3.9213e-03	  4.5462e-03	  6.9405e-05	  3.5727e-02	  2.6838e-03	  5.5263e-04	  8.4463e-04	  9.5014e+03	  0.0000e+00	  0.0000e+00	  0.0000e+00	  0.0000e+00	  0.0000e+00	  0.0000e+00	
  6.6441e+00	  2.7031e-02	  7.8159e-04	  3.9214e-03	  4.5463e-03	  6.9404e-05	  3.5728e-02	  2.6839e-03	  5.5264e-04	  8.4468e-04	  9.5016e+03	  0.0000e+00	  0.0000e+00	  0.0000e+00	  0.0000e+00	  0.0000e+00	  0.0000e+00	
  6.6441e+00	  2.7031e-02	  7.8160e-04	  3.9215e-03	  4.5465e-03	  6.9404e-05	  3.5728e-02	  2.6840e-03	  5.5265e-04	  8.4472e-04	  9.5018e+03	  0.0000e+00	  0.0000e+00	  0.0000e+00	  0.0000e+00	  0.0000e+00	  0.0000e+00	
  6.6441e+00	  2.7031e-02	  7.8161e-04	  3.9216e-03	  4.5466e-03	  6.9404e-05	  3.5729e-02	  2.6841e-03	  5.5265e-04	  8.4477e-04	  9.5020e+03	  0.0000e+00	  0.0000e+00	  0.0000e+00	  0.0000e+00	  0.0000e+00	  0.0000e+00	
  6.6441e+00	  2.7032e-02	  7.8162e-04	  3.9217e-03	  4.5467e-03	  6.9403e-05	  3.5730e-02	  2.6842e-03	  5.5266e-04	  8.4481e-04	  9.5021e+03	  0.0000e+00	  0.0000e+00	  0.0000e+00	  0.0000e+00	  0.0000e+00	  0.0000e+00	
  6.6440e+00	  2.7032e-02	  7.8163e-04	  3.9218e-03	  4.5468e-03	  6.9403e-05	  3.5730e-02	  2.6842e-03	  5.5266e-04	  8.4485e-04	  9.5023e+03	  0.0000e+00	  0.0000e+00	  0.0000e+00	  0.0000e+00	  0.0000e+00	  0.0000e+00	
  6.6440e+00	  2.7032e-02	  7.8164e-04	  3.9219e-03	  4.5469e-03	  6.9403e-05	  3.5731e-02	  2.6843e-03	  5.5267e-04	  8.4489e-04	  9.5025e+03	  0.0000e+00	  0.0000e+00	  0.0000e+00	  0.0000e+00	  0.0000e+00	  0.0000e+00	
  6.6440e+00	  2.7033e-02	  7.8165e-04	  3.9220e-03	  4.5470e-03	  6.9402e-05	  3.5732e-02	  2.6844e-03	  5.5268e-04	  8.4493e-04	  9.5026e+03	  0.0000e+00	  0.0000e+00	  0.0000e+00	  0.0000e+00	  0.0000e+00	  0.0000e+00	
  6.6440e+00	  2.7033e-02	  7.8165e-04	  3.9221e-03	  4.5471e-03	  6.9402e-05	  3.5732e-02	  2.6844e-03	  5.5268e-04	  8.4496e-04	  9.5028e+03	  0.0000e+00	  0.0000e+00	  0.0000e+00	  0.0000e+00	  0.0000e+00	  0.0000e+00	
  6.6440e+00	  2.7033e-02	  7.8166e-04	  3.9222e-03	  4.5472e-03	  6.9402e-05	  3.5733e-02	  2.6845e-03	  5.5269e-04	  8.4500e-04	  9.5029e+03	  0.0000e+00	  0.0000e+00	  0.0000e+00	  0.0000e+00	  0.0000e+00	  0.0000e+00	
  6.6440e+00	  2.7034e-02	  7.8167e-04	  3.9223e-03	  4.5473e-03	  6.9402e-05	  3.5733e-02	  2.6846e-03	  5.5269e-04	  8.4503e-04	  9.5030e+03	  0.0000e+00	  0.0000e+00	  0.0000e+00	  0.0000e+00	  0.0000e+00	  0.0000e+00	
  6.6439e+00	  2.7034e-02	  7.8168e-04	  3.9224e-03	  4.5474e-03	  6.9401e-05	  3.5734e-02	  2.6846e-03	  5.5270e-04	  8.4506e-04	  9.5032e+03	  0.0000e+00	  0.0000e+00	  0.0000e+00	  0.0000e+00	  0.0000e+00	  0.0000e+00	
  6.6439e+00	  2.7034e-02	  7.8169e-04	  3.9225e-03	  4.5475e-03	  6.9401e-05	  3.5735e-02	  2.6847e-03	  5.5270e-04	  8.4510e-04	  9.5033e+03	  0.0000e+00	  0.0000e+00	  0.0000e+00	  0.0000e+00	  0.0000e+00	  0.0000e+00	
  6.6439e+00	  2.7035e-02	  7.8169e-04	  3.9225e-03	  4.5476e-03	  6.9401e-05	  3.5735e-02	  2.6847e-03	  5.5271e-04	  8.4513e-04	  9.5034e+03	  0.0000e+00	  0.0000e+00	  0.0000e+00	  0.0000e+00	  0.0000e+00	  0.0000e+00	
  6.6439e+00	  2.7035e-02	  7.8170e-04	  3.9226e-03	  4.5477e-03	  6.9401e-05	  3.5736e-02	  2.6848e-03	  5.5271e-04	  8.4516e-04	  9.5035e+03	  0.0000e+00	  0.0000e+00	  0.0000e+00	  0.0000e+00	  0.0000e+00	  0.0000e+00	
  6.6439e+00	  2.7035e-02	  7.8171e-04	  3.9227e-03	  4.5478e-03	  6.9400e-05	  3.5736e-02	  2.6848e-03	  5.5271e-04	  8.4519e-04	  9.5037e+03	  0.0000e+00	  0.0000e+00	  0.0000e+00	  0.0000e+00	  0.0000e+00	  0.0000e+00	
  6.6439e+00	  2.7035e-02	  7.8171e-04	  3.9227e-03	  4.5479e-03	  6.9400e-05	  3.5736e-02	  2.6849e-03	  5.5272e-04	  8.4521e-04	  9.5038e+03	  0.0000e+00	  0.0000e+00	  0.0000e+00	  0.0000e+00	  0.0000e+00	  0.0000e+00	
  6.6439e+00	  2.7036e-02	  7.8172e-04	  3.9228e-03	  4.5479e-03	  6.9400e-05	  3.5737e-02	  2.6849e-03	  5.5272e-04	  8.4524e-04	  9.5039e+03	  0.0000e+00	  0.0000e+00	  0.0000e+00	  0.0000e+00	  0.0000e+00	  0.0000e+00	
  6.6439e+00	  2.7036e-02	  7.8173e-04	  3.9229e-03	  4.5480e-03	  6.9400e-05	  3.5737e-02	  2.6850e-03	  5.5273e-04	  8.4527e-04	  9.5040e+03	  0.0000e+00	  0.0000e+00	  0.0000e+00	  0.0000e+00	  0.0000e+00	  0.0000e+00	
  6.6439e+00	  2.7036e-02	  7.8173e-04	  3.9229e-03	  4.5481e-03	  6.9399e-05	  3.5738e-02	  2.6850e-03	  5.5273e-04	  8.4529e-04	  9.5041e+03	  0.0000e+00	  0.0000e+00	  0.0000e+00	  0.0000e+00	  0.0000e+00	  0.0000e+00	
