          pH	          Na	           K	          Ca	          Mg	         PO4	          Cl	         SO4	         NH4	        HCO3	          sc	         FeS	      Pyrite	     Calcite	       CaPO4	      Fe3PO4	     CaMgCO3	
  7.1752e+00	  1.1965e-02	  4.9263e-04	  1.5220e-03	  1.8123e-03	  8.1986e-05	  1.2516e-02	  3.8049e-04	  3.4444e-04	  5.3769e-06	  3.7652e+03	  0.0000e+00	  0.0000e+00	  0.0000e+00	  0.0000e+00	  0.0000e+00	  0.0000e+00	
  7.1752e+00	  1.1965e-02	  4.9263e-04	  1.5220e-03	  1.8123e-03	  8.1986e-05	  1.2516e-02	  3.8049e-04	  3.4444e-04	  5.3769e-06	  3.7652e+03	  0.0000e+00	  0.0000e+00	  0.0000e+00	  0.0000e+00	  0.0000e+00	  0.0000e+00	
  7.1763e+00	  1.1992e-02	  4.9360e-04	  1.5291e-03	  1.8209e-03	  8.1892e-05	  1.2546e-02	  3.9011e-04	  3.4512e-04	  2.9491e-05	  3.7780e+03	  0.0000e+00	  0.0000e+00	  0.0000e+00	  0.0000e+00	  0.0000e+00	  0.0000e+00	
  7.1778e+00	  1.2017e-02	  4.9453e-04	  1.5360e-03	  1.8291e-03	  8.1805e-05	  1.2575e-02	  3.9939e-04	  3.4576e-04	  5.2176e-05	  3.7902e+03	  0.0000e+00	  0.0000e+00	  0.0000e+00	  0.0000e+00	  0.0000e+00	  0.0000e+00	
  7.1792e+00	  1.2041e-02	  4.9541e-04	  1.5426e-03	  1.8369e-03	  8.1722e-05	  1.2602e-02	  4.0831e-04	  3.4637e-04	  7.4052e-05	  3.8021e+03	  0.0000e+00	  0.0000e+00	  0.0000e+00	  0.0000e+00	  0.0000e+00	  0.0000e+00	
  7.1806e+00	  1.2065e-02	  4.9627e-04	  1.5490e-03	  1.8446e-03	  8.1642e-05	  1.2629e-02	  4.1691e-04	  3.4697e-04	  9.5150e-05	  3.8135e+03	  0.0000e+00	  0.0000e+00	  0.0000e+00	  0.0000e+00	  0.0000e+00	  0.0000e+00	
  7.1819e+00	  1.2087e-02	  4.9710e-04	  1.5552e-03	  1.8519e-03	  8.1565e-05	  1.2655e-02	  4.2518e-04	  3.4754e-04	  1.1550e-04	  3.8245e+03	  0.0000e+00	  0.0000e+00	  0.0000e+00	  0.0000e+00	  0.0000e+00	  0.0000e+00	
  7.1832e+00	  1.2109e-02	  4.9789e-04	  1.5611e-03	  1.8590e-03	  8.1492e-05	  1.2680e-02	  4.3316e-04	  3.4810e-04	  1.3512e-04	  3.8351e+03	  0.0000e+00	  0.0000e+00	  0.0000e+00	  0.0000e+00	  0.0000e+00	  0.0000e+00	
  7.1844e+00	  1.2130e-02	  4.9866e-04	  1.5669e-03	  1.8659e-03	  8.1421e-05	  1.2704e-02	  4.4083e-04	  3.4863e-04	  1.5405e-04	  3.8454e+03	  0.0000e+00	  0.0000e+00	  0.0000e+00	  0.0000e+00	  0.0000e+00	  0.0000e+00	
  7.1855e+00	  1.2151e-02	  4.9940e-04	  1.5725e-03	  1.8726e-03	  8.1353e-05	  1.2728e-02	  4.4823e-04	  3.4914e-04	  1.7231e-04	  3.8552e+03	  0.0000e+00	  0.0000e+00	  0.0000e+00	  0.0000e+00	  0.0000e+00	  0.0000e+00	
  7.1866e+00	  1.2170e-02	  5.0012e-04	  1.5779e-03	  1.8790e-03	  8.1287e-05	  1.2750e-02	  4.5535e-04	  3.4964e-04	  1.8993e-04	  3.8648e+03	  0.0000e+00	  0.0000e+00	  0.0000e+00	  0.0000e+00	  0.0000e+00	  0.0000e+00	
  7.1877e+00	  1.2189e-02	  5.0081e-04	  1.5831e-03	  1.8852e-03	  8.1224e-05	  1.2772e-02	  4.6222e-04	  3.5012e-04	  2.0692e-04	  3.8740e+03	  0.0000e+00	  0.0000e+00	  0.0000e+00	  0.0000e+00	  0.0000e+00	  0.0000e+00	
  7.1887e+00	  1.2208e-02	  5.0147e-04	  1.5881e-03	  1.8912e-03	  8.1164e-05	  1.2793e-02	  4.6883e-04	  3.5058e-04	  2.2331e-04	  3.8828e+03	  0.0000e+00	  0.0000e+00	  0.0000e+00	  0.0000e+00	  0.0000e+00	  0.0000e+00	
  7.1897e+00	  1.2225e-02	  5.0211e-04	  1.5929e-03	  1.8970e-03	  8.1106e-05	  1.2813e-02	  4.7521e-04	  3.5102e-04	  2.3912e-04	  3.8914e+03	  0.0000e+00	  0.0000e+00	  0.0000e+00	  0.0000e+00	  0.0000e+00	  0.0000e+00	
  7.1907e+00	  1.2242e-02	  5.0273e-04	  1.5976e-03	  1.9025e-03	  8.1050e-05	  1.2832e-02	  4.8135e-04	  3.5145e-04	  2.5437e-04	  3.8996e+03	  0.0000e+00	  0.0000e+00	  0.0000e+00	  0.0000e+00	  0.0000e+00	  0.0000e+00	
  7.1916e+00	  1.2259e-02	  5.0333e-04	  1.6022e-03	  1.9079e-03	  8.0996e-05	  1.2851e-02	  4.8727e-04	  3.5187e-04	  2.6909e-04	  3.9076e+03	  0.0000e+00	  0.0000e+00	  0.0000e+00	  0.0000e+00	  0.0000e+00	  0.0000e+00	
  7.1925e+00	  1.2274e-02	  5.0390e-04	  1.6065e-03	  1.9132e-03	  8.0944e-05	  1.2869e-02	  4.9298e-04	  3.5227e-04	  2.8329e-04	  3.9153e+03	  0.0000e+00	  0.0000e+00	  0.0000e+00	  0.0000e+00	  0.0000e+00	  0.0000e+00	
  7.1933e+00	  1.2290e-02	  5.0446e-04	  1.6108e-03	  1.9182e-03	  8.0894e-05	  1.2887e-02	  4.9848e-04	  3.5265e-04	  2.9699e-04	  3.9227e+03	  0.0000e+00	  0.0000e+00	  0.0000e+00	  0.0000e+00	  0.0000e+00	  0.0000e+00	
  7.1941e+00	  1.2304e-02	  5.0499e-04	  1.6149e-03	  1.9231e-03	  8.0846e-05	  1.2904e-02	  5.0378e-04	  3.5302e-04	  3.1021e-04	  3.9299e+03	  0.0000e+00	  0.0000e+00	  0.0000e+00	  0.0000e+00	  0.0000e+00	  0.0000e+00	
  7.1949e+00	  1.2319e-02	  5.0551e-04	  1.6188e-03	  1.9278e-03	  8.0800e-05	  1.2920e-02	  5.0889e-04	  3.5338e-04	  3.2296e-04	  3.9368e+03	  0.0000e+00	  0.0000e+00	  0.0000e+00	  0.0000e+00	  0.0000e+00	  0.0000e+00	
  7.1957e+00	  1.2332e-02	  5.0601e-04	  1.6226e-03	  1.9323e-03	  8.0756e-05	  1.2936e-02	  5.1382e-04	  3.5373e-04	  3.3527e-04	  3.9435e+03	  0.0000e+00	  0.0000e+00	  0.0000e+00	  0.0000e+00	  0.0000e+00	  0.0000e+00	
  7.1964e+00	  1.2346e-02	  5.0649e-04	  1.6263e-03	  1.9367e-03	  8.0713e-05	  1.2951e-02	  5.1857e-04	  3.5406e-04	  3.4715e-04	  3.9499e+03	  0.0000e+00	  0.0000e+00	  0.0000e+00	  0.0000e+00	  0.0000e+00	  0.0000e+00	
  7.1971e+00	  1.2358e-02	  5.0695e-04	  1.6299e-03	  1.9409e-03	  8.0672e-05	  1.2966e-02	  5.2315e-04	  3.5438e-04	  3.5861e-04	  3.9561e+03	  0.0000e+00	  0.0000e+00	  0.0000e+00	  0.0000e+00	  0.0000e+00	  0.0000e+00	
  7.1978e+00	  1.2371e-02	  5.0740e-04	  1.6333e-03	  1.9450e-03	  8.0632e-05	  1.2980e-02	  5.2757e-04	  3.5469e-04	  3.6967e-04	  3.9621e+03	  0.0000e+00	  0.0000e+00	  0.0000e+00	  0.0000e+00	  0.0000e+00	  0.0000e+00	
  7.1984e+00	  1.2383e-02	  5.0783e-04	  1.6366e-03	  1.9490e-03	  8.0594e-05	  1.2994e-02	  5.3183e-04	  3.5499e-04	  3.8034e-04	  3.9679e+03	  0.0000e+00	  0.0000e+00	  0.0000e+00	  0.0000e+00	  0.0000e+00	  0.0000e+00	
  7.1990e+00	  1.2394e-02	  5.0825e-04	  1.6398e-03	  1.9528e-03	  8.0558e-05	  1.3007e-02	  5.3594e-04	  3.5528e-04	  3.9064e-04	  3.9734e+03	  0.0000e+00	  0.0000e+00	  0.0000e+00	  0.0000e+00	  0.0000e+00	  0.0000e+00	
  7.1996e+00	  1.2405e-02	  5.0865e-04	  1.6429e-03	  1.9565e-03	  8.0522e-05	  1.3020e-02	  5.3990e-04	  3.5556e-04	  4.0058e-04	  3.9788e+03	  0.0000e+00	  0.0000e+00	  0.0000e+00	  0.0000e+00	  0.0000e+00	  0.0000e+00	
  7.2002e+00	  1.2416e-02	  5.0904e-04	  1.6459e-03	  1.9600e-03	  8.0488e-05	  1.3033e-02	  5.4372e-04	  3.5583e-04	  4.1017e-04	  3.9840e+03	  0.0000e+00	  0.0000e+00	  0.0000e+00	  0.0000e+00	  0.0000e+00	  0.0000e+00	
  7.2008e+00	  1.2426e-02	  5.0942e-04	  1.6488e-03	  1.9635e-03	  8.0455e-05	  1.3045e-02	  5.4741e-04	  3.5609e-04	  4.1943e-04	  3.9890e+03	  0.0000e+00	  0.0000e+00	  0.0000e+00	  0.0000e+00	  0.0000e+00	  0.0000e+00	
  7.2013e+00	  1.2436e-02	  5.0978e-04	  1.6516e-03	  1.9668e-03	  8.0424e-05	  1.3056e-02	  5.5096e-04	  3.5634e-04	  4.2836e-04	  3.9939e+03	  0.0000e+00	  0.0000e+00	  0.0000e+00	  0.0000e+00	  0.0000e+00	  0.0000e+00	
  7.2018e+00	  1.2446e-02	  5.1013e-04	  1.6543e-03	  1.9700e-03	  8.0393e-05	  1.3067e-02	  5.5439e-04	  3.5658e-04	  4.3699e-04	  3.9986e+03	  0.0000e+00	  0.0000e+00	  0.0000e+00	  0.0000e+00	  0.0000e+00	  0.0000e+00	
  7.2023e+00	  1.2455e-02	  5.1046e-04	  1.6569e-03	  1.9731e-03	  8.0364e-05	  1.3078e-02	  5.5770e-04	  3.5681e-04	  4.4531e-04	  4.0031e+03	  0.0000e+00	  0.0000e+00	  0.0000e+00	  0.0000e+00	  0.0000e+00	  0.0000e+00	
  7.2028e+00	  1.2464e-02	  5.1079e-04	  1.6594e-03	  1.9761e-03	  8.0336e-05	  1.3088e-02	  5.6089e-04	  3.5704e-04	  4.5334e-04	  4.0074e+03	  0.0000e+00	  0.0000e+00	  0.0000e+00	  0.0000e+00	  0.0000e+00	  0.0000e+00	
  7.2032e+00	  1.2473e-02	  5.1110e-04	  1.6618e-03	  1.9790e-03	  8.0309e-05	  1.3098e-02	  5.6397e-04	  3.5725e-04	  4.6109e-04	  4.0116e+03	  0.0000e+00	  0.0000e+00	  0.0000e+00	  0.0000e+00	  0.0000e+00	  0.0000e+00	
  7.2037e+00	  1.2481e-02	  5.1140e-04	  1.6642e-03	  1.9818e-03	  8.0282e-05	  1.3108e-02	  5.6694e-04	  3.5746e-04	  4.6858e-04	  4.0157e+03	  0.0000e+00	  0.0000e+00	  0.0000e+00	  0.0000e+00	  0.0000e+00	  0.0000e+00	
  7.2041e+00	  1.2489e-02	  5.1170e-04	  1.6665e-03	  1.9845e-03	  8.0257e-05	  1.3117e-02	  5.6980e-04	  3.5767e-04	  4.7580e-04	  4.0196e+03	  0.0000e+00	  0.0000e+00	  0.0000e+00	  0.0000e+00	  0.0000e+00	  0.0000e+00	
  7.2045e+00	  1.2497e-02	  5.1198e-04	  1.6686e-03	  1.9871e-03	  8.0233e-05	  1.3126e-02	  5.7257e-04	  3.5786e-04	  4.8277e-04	  4.0234e+03	  0.0000e+00	  0.0000e+00	  0.0000e+00	  0.0000e+00	  0.0000e+00	  0.0000e+00	
  7.2049e+00	  1.2505e-02	  5.1225e-04	  1.6708e-03	  1.9896e-03	  8.0209e-05	  1.3135e-02	  5.7523e-04	  3.5805e-04	  4.8950e-04	  4.0270e+03	  0.0000e+00	  0.0000e+00	  0.0000e+00	  0.0000e+00	  0.0000e+00	  0.0000e+00	
  7.2053e+00	  1.2512e-02	  5.1251e-04	  1.6728e-03	  1.9920e-03	  8.0187e-05	  1.3144e-02	  5.7781e-04	  3.5823e-04	  4.9600e-04	  4.0305e+03	  0.0000e+00	  0.0000e+00	  0.0000e+00	  0.0000e+00	  0.0000e+00	  0.0000e+00	
  7.2057e+00	  1.2519e-02	  5.1277e-04	  1.6748e-03	  1.9944e-03	  8.0165e-05	  1.3152e-02	  5.8029e-04	  3.5841e-04	  5.0227e-04	  4.0339e+03	  0.0000e+00	  0.0000e+00	  0.0000e+00	  0.0000e+00	  0.0000e+00	  0.0000e+00	
  7.2060e+00	  1.2526e-02	  5.1301e-04	  1.6767e-03	  1.9967e-03	  8.0144e-05	  1.3160e-02	  5.8268e-04	  3.5858e-04	  5.0832e-04	  4.0372e+03	  0.0000e+00	  0.0000e+00	  0.0000e+00	  0.0000e+00	  0.0000e+00	  0.0000e+00	
  7.2064e+00	  1.2532e-02	  5.1325e-04	  1.6785e-03	  1.9988e-03	  8.0123e-05	  1.3167e-02	  5.8500e-04	  3.5874e-04	  5.1416e-04	  4.0404e+03	  0.0000e+00	  0.0000e+00	  0.0000e+00	  0.0000e+00	  0.0000e+00	  0.0000e+00	
  7.2067e+00	  1.2539e-02	  5.1347e-04	  1.6803e-03	  2.0010e-03	  8.0104e-05	  1.3174e-02	  5.8723e-04	  3.5890e-04	  5.1980e-04	  4.0434e+03	  0.0000e+00	  0.0000e+00	  0.0000e+00	  0.0000e+00	  0.0000e+00	  0.0000e+00	
  7.2070e+00	  1.2545e-02	  5.1369e-04	  1.6820e-03	  2.0030e-03	  8.0085e-05	  1.3181e-02	  5.8938e-04	  3.5905e-04	  5.2524e-04	  4.0464e+03	  0.0000e+00	  0.0000e+00	  0.0000e+00	  0.0000e+00	  0.0000e+00	  0.0000e+00	
  7.2073e+00	  1.2551e-02	  5.1391e-04	  1.6837e-03	  2.0050e-03	  8.0067e-05	  1.3188e-02	  5.9146e-04	  3.5920e-04	  5.3050e-04	  4.0493e+03	  0.0000e+00	  0.0000e+00	  0.0000e+00	  0.0000e+00	  0.0000e+00	  0.0000e+00	
  7.2076e+00	  1.2556e-02	  5.1411e-04	  1.6853e-03	  2.0069e-03	  8.0049e-05	  1.3195e-02	  5.9346e-04	  3.5934e-04	  5.3557e-04	  4.0520e+03	  0.0000e+00	  0.0000e+00	  0.0000e+00	  0.0000e+00	  0.0000e+00	  0.0000e+00	
  7.2079e+00	  1.2562e-02	  5.1431e-04	  1.6868e-03	  2.0087e-03	  8.0032e-05	  1.3201e-02	  5.9539e-04	  3.5947e-04	  5.4046e-04	  4.0547e+03	  0.0000e+00	  0.0000e+00	  0.0000e+00	  0.0000e+00	  0.0000e+00	  0.0000e+00	
  7.2082e+00	  1.2567e-02	  5.1450e-04	  1.6883e-03	  2.0105e-03	  8.0016e-05	  1.3207e-02	  5.9726e-04	  3.5961e-04	  5.4519e-04	  4.0572e+03	  0.0000e+00	  0.0000e+00	  0.0000e+00	  0.0000e+00	  0.0000e+00	  0.0000e+00	
  7.2085e+00	  1.2572e-02	  5.1468e-04	  1.6897e-03	  2.0122e-03	  8.0000e-05	  1.3213e-02	  5.9906e-04	  3.5973e-04	  5.4975e-04	  4.0597e+03	  0.0000e+00	  0.0000e+00	  0.0000e+00	  0.0000e+00	  0.0000e+00	  0.0000e+00	
  7.2087e+00	  1.2577e-02	  5.1486e-04	  1.6911e-03	  2.0139e-03	  7.9985e-05	  1.3219e-02	  6.0080e-04	  3.5986e-04	  5.5416e-04	  4.0621e+03	  0.0000e+00	  0.0000e+00	  0.0000e+00	  0.0000e+00	  0.0000e+00	  0.0000e+00	
  7.2090e+00	  1.2582e-02	  5.1503e-04	  1.6925e-03	  2.0155e-03	  7.9970e-05	  1.3224e-02	  6.0248e-04	  3.5998e-04	  5.5841e-04	  4.0644e+03	  0.0000e+00	  0.0000e+00	  0.0000e+00	  0.0000e+00	  0.0000e+00	  0.0000e+00	
  7.2092e+00	  1.2586e-02	  5.1520e-04	  1.6938e-03	  2.0170e-03	  7.9956e-05	  1.3230e-02	  6.0410e-04	  3.6009e-04	  5.6252e-04	  4.0666e+03	  0.0000e+00	  0.0000e+00	  0.0000e+00	  0.0000e+00	  0.0000e+00	  0.0000e+00	
  7.2094e+00	  1.2591e-02	  5.1536e-04	  1.6950e-03	  2.0185e-03	  7.9943e-05	  1.3235e-02	  6.0566e-04	  3.6020e-04	  5.6648e-04	  4.0688e+03	  0.0000e+00	  0.0000e+00	  0.0000e+00	  0.0000e+00	  0.0000e+00	  0.0000e+00	
  7.2096e+00	  1.2595e-02	  5.1551e-04	  1.6962e-03	  2.0199e-03	  7.9930e-05	  1.3240e-02	  6.0717e-04	  3.6031e-04	  5.7031e-04	  4.0708e+03	  0.0000e+00	  0.0000e+00	  0.0000e+00	  0.0000e+00	  0.0000e+00	  0.0000e+00	
  7.2099e+00	  1.2599e-02	  5.1566e-04	  1.6974e-03	  2.0213e-03	  7.9917e-05	  1.3245e-02	  6.0863e-04	  3.6041e-04	  5.7400e-04	  4.0728e+03	  0.0000e+00	  0.0000e+00	  0.0000e+00	  0.0000e+00	  0.0000e+00	  0.0000e+00	
  7.2101e+00	  1.2603e-02	  5.1581e-04	  1.6985e-03	  2.0227e-03	  7.9905e-05	  1.3249e-02	  6.1003e-04	  3.6051e-04	  5.7757e-04	  4.0748e+03	  0.0000e+00	  0.0000e+00	  0.0000e+00	  0.0000e+00	  0.0000e+00	  0.0000e+00	
  7.2103e+00	  1.2607e-02	  5.1595e-04	  1.6996e-03	  2.0240e-03	  7.9893e-05	  1.3254e-02	  6.1139e-04	  3.6061e-04	  5.8101e-04	  4.0766e+03	  0.0000e+00	  0.0000e+00	  0.0000e+00	  0.0000e+00	  0.0000e+00	  0.0000e+00	
  7.2105e+00	  1.2611e-02	  5.1608e-04	  1.7007e-03	  2.0252e-03	  7.9882e-05	  1.3258e-02	  6.1270e-04	  3.6070e-04	  5.8433e-04	  4.0784e+03	  0.0000e+00	  0.0000e+00	  0.0000e+00	  0.0000e+00	  0.0000e+00	  0.0000e+00	
  7.2106e+00	  1.2614e-02	  5.1621e-04	  1.7017e-03	  2.0264e-03	  7.9871e-05	  1.3262e-02	  6.1396e-04	  3.6079e-04	  5.8754e-04	  4.0802e+03	  0.0000e+00	  0.0000e+00	  0.0000e+00	  0.0000e+00	  0.0000e+00	  0.0000e+00	
  7.2108e+00	  1.2618e-02	  5.1634e-04	  1.7027e-03	  2.0276e-03	  7.9860e-05	  1.3266e-02	  6.1518e-04	  3.6088e-04	  5.9064e-04	  4.0819e+03	  0.0000e+00	  0.0000e+00	  0.0000e+00	  0.0000e+00	  0.0000e+00	  0.0000e+00	
  7.2110e+00	  1.2621e-02	  5.1646e-04	  1.7036e-03	  2.0287e-03	  7.9850e-05	  1.3270e-02	  6.1636e-04	  3.6096e-04	  5.9363e-04	  4.0835e+03	  0.0000e+00	  0.0000e+00	  0.0000e+00	  0.0000e+00	  0.0000e+00	  0.0000e+00	
  7.2112e+00	  1.2624e-02	  5.1657e-04	  1.7045e-03	  2.0298e-03	  7.9840e-05	  1.3274e-02	  6.1749e-04	  3.6104e-04	  5.9652e-04	  4.0851e+03	  0.0000e+00	  0.0000e+00	  0.0000e+00	  0.0000e+00	  0.0000e+00	  0.0000e+00	
  7.2113e+00	  1.2628e-02	  5.1668e-04	  1.7054e-03	  2.0309e-03	  7.9830e-05	  1.3278e-02	  6.1859e-04	  3.6112e-04	  5.9931e-04	  4.0866e+03	  0.0000e+00	  0.0000e+00	  0.0000e+00	  0.0000e+00	  0.0000e+00	  0.0000e+00	
  7.2115e+00	  1.2631e-02	  5.1679e-04	  1.7063e-03	  2.0319e-03	  7.9821e-05	  1.3281e-02	  6.1965e-04	  3.6119e-04	  6.0200e-04	  4.0880e+03	  0.0000e+00	  0.0000e+00	  0.0000e+00	  0.0000e+00	  0.0000e+00	  0.0000e+00	
  7.2116e+00	  1.2633e-02	  5.1690e-04	  1.7071e-03	  2.0329e-03	  7.9812e-05	  1.3284e-02	  6.2067e-04	  3.6127e-04	  6.0459e-04	  4.0894e+03	  0.0000e+00	  0.0000e+00	  0.0000e+00	  0.0000e+00	  0.0000e+00	  0.0000e+00	
  7.2118e+00	  1.2636e-02	  5.1700e-04	  1.7079e-03	  2.0338e-03	  7.9804e-05	  1.3288e-02	  6.2166e-04	  3.6134e-04	  6.0710e-04	  4.0908e+03	  0.0000e+00	  0.0000e+00	  0.0000e+00	  0.0000e+00	  0.0000e+00	  0.0000e+00	
  7.2119e+00	  1.2639e-02	  5.1710e-04	  1.7087e-03	  2.0347e-03	  7.9796e-05	  1.3291e-02	  6.2261e-04	  3.6140e-04	  6.0953e-04	  4.0921e+03	  0.0000e+00	  0.0000e+00	  0.0000e+00	  0.0000e+00	  0.0000e+00	  0.0000e+00	
  7.2120e+00	  1.2642e-02	  5.1719e-04	  1.7094e-03	  2.0356e-03	  7.9788e-05	  1.3294e-02	  6.2353e-04	  3.6147e-04	  6.1186e-04	  4.0934e+03	  0.0000e+00	  0.0000e+00	  0.0000e+00	  0.0000e+00	  0.0000e+00	  0.0000e+00	
  7.2122e+00	  1.2644e-02	  5.1728e-04	  1.7101e-03	  2.0365e-03	  7.9780e-05	  1.3297e-02	  6.2442e-04	  3.6153e-04	  6.1412e-04	  4.0946e+03	  0.0000e+00	  0.0000e+00	  0.0000e+00	  0.0000e+00	  0.0000e+00	  0.0000e+00	
  7.2123e+00	  1.2647e-02	  5.1737e-04	  1.7108e-03	  2.0373e-03	  7.9772e-05	  1.3300e-02	  6.2528e-04	  3.6159e-04	  6.1630e-04	  4.0958e+03	  0.0000e+00	  0.0000e+00	  0.0000e+00	  0.0000e+00	  0.0000e+00	  0.0000e+00	
  7.2124e+00	  1.2649e-02	  5.1746e-04	  1.7115e-03	  2.0381e-03	  7.9765e-05	  1.3302e-02	  6.2610e-04	  3.6165e-04	  6.1841e-04	  4.0969e+03	  0.0000e+00	  0.0000e+00	  0.0000e+00	  0.0000e+00	  0.0000e+00	  0.0000e+00	
  7.2125e+00	  1.2651e-02	  5.1754e-04	  1.7121e-03	  2.0388e-03	  7.9758e-05	  1.3305e-02	  6.2690e-04	  3.6171e-04	  6.2044e-04	  4.0980e+03	  0.0000e+00	  0.0000e+00	  0.0000e+00	  0.0000e+00	  0.0000e+00	  0.0000e+00	
  7.2126e+00	  1.2653e-02	  5.1762e-04	  1.7128e-03	  2.0396e-03	  7.9752e-05	  1.3308e-02	  6.2767e-04	  3.6176e-04	  6.2240e-04	  4.0991e+03	  0.0000e+00	  0.0000e+00	  0.0000e+00	  0.0000e+00	  0.0000e+00	  0.0000e+00	
  7.2128e+00	  1.2656e-02	  5.1769e-04	  1.7134e-03	  2.0403e-03	  7.9745e-05	  1.3310e-02	  6.2842e-04	  3.6182e-04	  6.2430e-04	  4.1001e+03	  0.0000e+00	  0.0000e+00	  0.0000e+00	  0.0000e+00	  0.0000e+00	  0.0000e+00	
  7.2129e+00	  1.2658e-02	  5.1777e-04	  1.7139e-03	  2.0410e-03	  7.9739e-05	  1.3313e-02	  6.2914e-04	  3.6187e-04	  6.2612e-04	  4.1011e+03	  0.0000e+00	  0.0000e+00	  0.0000e+00	  0.0000e+00	  0.0000e+00	  0.0000e+00	
  7.2130e+00	  1.2660e-02	  5.1784e-04	  1.7145e-03	  2.0417e-03	  7.9733e-05	  1.3315e-02	  6.2983e-04	  3.6192e-04	  6.2789e-04	  4.1021e+03	  0.0000e+00	  0.0000e+00	  0.0000e+00	  0.0000e+00	  0.0000e+00	  0.0000e+00	
  7.2131e+00	  1.2661e-02	  5.1791e-04	  1.7150e-03	  2.0423e-03	  7.9727e-05	  1.3317e-02	  6.3050e-04	  3.6196e-04	  6.2959e-04	  4.1030e+03	  0.0000e+00	  0.0000e+00	  0.0000e+00	  0.0000e+00	  0.0000e+00	  0.0000e+00	
  7.2132e+00	  1.2663e-02	  5.1797e-04	  1.7156e-03	  2.0429e-03	  7.9722e-05	  1.3319e-02	  6.3115e-04	  3.6201e-04	  6.3124e-04	  4.1039e+03	  0.0000e+00	  0.0000e+00	  0.0000e+00	  0.0000e+00	  0.0000e+00	  0.0000e+00	
  7.2132e+00	  1.2665e-02	  5.1804e-04	  1.7161e-03	  2.0435e-03	  7.9716e-05	  1.3321e-02	  6.3177e-04	  3.6205e-04	  6.3283e-04	  4.1048e+03	  0.0000e+00	  0.0000e+00	  0.0000e+00	  0.0000e+00	  0.0000e+00	  0.0000e+00	
  7.2133e+00	  1.2667e-02	  5.1810e-04	  1.7166e-03	  2.0441e-03	  7.9711e-05	  1.3323e-02	  6.3237e-04	  3.6210e-04	  6.3437e-04	  4.1056e+03	  0.0000e+00	  0.0000e+00	  0.0000e+00	  0.0000e+00	  0.0000e+00	  0.0000e+00	
  7.2134e+00	  1.2668e-02	  5.1816e-04	  1.7170e-03	  2.0447e-03	  7.9706e-05	  1.3325e-02	  6.3296e-04	  3.6214e-04	  6.3585e-04	  4.1064e+03	  0.0000e+00	  0.0000e+00	  0.0000e+00	  0.0000e+00	  0.0000e+00	  0.0000e+00	
  7.2135e+00	  1.2670e-02	  5.1822e-04	  1.7175e-03	  2.0452e-03	  7.9701e-05	  1.3327e-02	  6.3352e-04	  3.6218e-04	  6.3728e-04	  4.1072e+03	  0.0000e+00	  0.0000e+00	  0.0000e+00	  0.0000e+00	  0.0000e+00	  0.0000e+00	
  7.2136e+00	  1.2672e-02	  5.1827e-04	  1.7179e-03	  2.0457e-03	  7.9697e-05	  1.3329e-02	  6.3406e-04	  3.6222e-04	  6.3866e-04	  4.1079e+03	  0.0000e+00	  0.0000e+00	  0.0000e+00	  0.0000e+00	  0.0000e+00	  0.0000e+00	
  7.2137e+00	  1.2673e-02	  5.1833e-04	  1.7183e-03	  2.0462e-03	  7.9692e-05	  1.3331e-02	  6.3458e-04	  3.6225e-04	  6.3999e-04	  4.1086e+03	  0.0000e+00	  0.0000e+00	  0.0000e+00	  0.0000e+00	  0.0000e+00	  0.0000e+00	
  7.2137e+00	  1.2675e-02	  5.1838e-04	  1.7188e-03	  2.0467e-03	  7.9688e-05	  1.3332e-02	  6.3509e-04	  3.6229e-04	  6.4128e-04	  4.1093e+03	  0.0000e+00	  0.0000e+00	  0.0000e+00	  0.0000e+00	  0.0000e+00	  0.0000e+00	
  7.2138e+00	  1.2676e-02	  5.1843e-04	  1.7192e-03	  2.0472e-03	  7.9684e-05	  1.3334e-02	  6.3558e-04	  3.6232e-04	  6.4252e-04	  4.1100e+03	  0.0000e+00	  0.0000e+00	  0.0000e+00	  0.0000e+00	  0.0000e+00	  0.0000e+00	
  7.2139e+00	  1.2677e-02	  5.1848e-04	  1.7195e-03	  2.0476e-03	  7.9680e-05	  1.3335e-02	  6.3605e-04	  3.6236e-04	  6.4372e-04	  4.1107e+03	  0.0000e+00	  0.0000e+00	  0.0000e+00	  0.0000e+00	  0.0000e+00	  0.0000e+00	
  7.2139e+00	  1.2679e-02	  5.1852e-04	  1.7199e-03	  2.0481e-03	  7.9676e-05	  1.3337e-02	  6.3650e-04	  3.6239e-04	  6.4488e-04	  4.1113e+03	  0.0000e+00	  0.0000e+00	  0.0000e+00	  0.0000e+00	  0.0000e+00	  0.0000e+00	
  7.2140e+00	  1.2680e-02	  5.1857e-04	  1.7203e-03	  2.0485e-03	  7.9672e-05	  1.3338e-02	  6.3694e-04	  3.6242e-04	  6.4600e-04	  4.1119e+03	  0.0000e+00	  0.0000e+00	  0.0000e+00	  0.0000e+00	  0.0000e+00	  0.0000e+00	
  7.2141e+00	  1.2681e-02	  5.1861e-04	  1.7206e-03	  2.0489e-03	  7.9668e-05	  1.3340e-02	  6.3737e-04	  3.6245e-04	  6.4708e-04	  4.1125e+03	  0.0000e+00	  0.0000e+00	  0.0000e+00	  0.0000e+00	  0.0000e+00	  0.0000e+00	
  7.2141e+00	  1.2682e-02	  5.1865e-04	  1.7209e-03	  2.0493e-03	  7.9665e-05	  1.3341e-02	  6.3778e-04	  3.6248e-04	  6.4813e-04	  4.1131e+03	  0.0000e+00	  0.0000e+00	  0.0000e+00	  0.0000e+00	  0.0000e+00	  0.0000e+00	
  7.2142e+00	  1.2683e-02	  5.1870e-04	  1.7213e-03	  2.0497e-03	  7.9661e-05	  1.3342e-02	  6.3817e-04	  3.6251e-04	  6.4913e-04	  4.1136e+03	  0.0000e+00	  0.0000e+00	  0.0000e+00	  0.0000e+00	  0.0000e+00	  0.0000e+00	
  7.2142e+00	  1.2684e-02	  5.1873e-04	  1.7216e-03	  2.0501e-03	  7.9658e-05	  1.3344e-02	  6.3855e-04	  3.6254e-04	  6.5011e-04	  4.1141e+03	  0.0000e+00	  0.0000e+00	  0.0000e+00	  0.0000e+00	  0.0000e+00	  0.0000e+00	
  7.2143e+00	  1.2686e-02	  5.1877e-04	  1.7219e-03	  2.0504e-03	  7.9655e-05	  1.3345e-02	  6.3892e-04	  3.6256e-04	  6.5105e-04	  4.1146e+03	  0.0000e+00	  0.0000e+00	  0.0000e+00	  0.0000e+00	  0.0000e+00	  0.0000e+00	
  7.2143e+00	  1.2687e-02	  5.1881e-04	  1.7222e-03	  2.0508e-03	  7.9652e-05	  1.3346e-02	  6.3928e-04	  3.6259e-04	  6.5195e-04	  4.1151e+03	  0.0000e+00	  0.0000e+00	  0.0000e+00	  0.0000e+00	  0.0000e+00	  0.0000e+00	
  7.2144e+00	  1.2688e-02	  5.1884e-04	  1.7224e-03	  2.0511e-03	  7.9649e-05	  1.3347e-02	  6.3962e-04	  3.6261e-04	  6.5283e-04	  4.1156e+03	  0.0000e+00	  0.0000e+00	  0.0000e+00	  0.0000e+00	  0.0000e+00	  0.0000e+00	
  7.2144e+00	  1.2688e-02	  5.1888e-04	  1.7227e-03	  2.0514e-03	  7.9646e-05	  1.3348e-02	  6.3995e-04	  3.6264e-04	  6.5367e-04	  4.1161e+03	  0.0000e+00	  0.0000e+00	  0.0000e+00	  0.0000e+00	  0.0000e+00	  0.0000e+00	
  7.2145e+00	  1.2689e-02	  5.1891e-04	  1.7230e-03	  2.0517e-03	  7.9643e-05	  1.3349e-02	  6.4027e-04	  3.6266e-04	  6.5449e-04	  4.1165e+03	  0.0000e+00	  0.0000e+00	  0.0000e+00	  0.0000e+00	  0.0000e+00	  0.0000e+00	
  7.2145e+00	  1.2690e-02	  5.1894e-04	  1.7232e-03	  2.0520e-03	  7.9641e-05	  1.3350e-02	  6.4058e-04	  3.6268e-04	  6.5528e-04	  4.1169e+03	  0.0000e+00	  0.0000e+00	  0.0000e+00	  0.0000e+00	  0.0000e+00	  0.0000e+00	
  7.2146e+00	  1.2691e-02	  5.1897e-04	  1.7235e-03	  2.0523e-03	  7.9638e-05	  1.3351e-02	  6.4088e-04	  3.6270e-04	  6.5604e-04	  4.1174e+03	  0.0000e+00	  0.0000e+00	  0.0000e+00	  0.0000e+00	  0.0000e+00	  0.0000e+00	
  7.2146e+00	  1.2692e-02	  5.1900e-04	  1.7237e-03	  2.0526e-03	  7.9635e-05	  1.3352e-02	  6.4117e-04	  3.6272e-04	  6.5677e-04	  4.1178e+03	  0.0000e+00	  0.0000e+00	  0.0000e+00	  0.0000e+00	  0.0000e+00	  0.0000e+00	
  7.2147e+00	  1.2693e-02	  5.1903e-04	  1.7239e-03	  2.0529e-03	  7.9633e-05	  1.3353e-02	  6.4145e-04	  3.6274e-04	  6.5748e-04	  4.1181e+03	  0.0000e+00	  0.0000e+00	  0.0000e+00	  0.0000e+00	  0.0000e+00	  0.0000e+00	
  7.2147e+00	  1.2694e-02	  5.1906e-04	  1.7241e-03	  2.0531e-03	  7.9631e-05	  1.3354e-02	  6.4171e-04	  3.6276e-04	  6.5817e-04	  4.1185e+03	  0.0000e+00	  0.0000e+00	  0.0000e+00	  0.0000e+00	  0.0000e+00	  0.0000e+00	
  7.2147e+00	  1.2694e-02	  5.1909e-04	  1.7243e-03	  2.0534e-03	  7.9629e-05	  1.3355e-02	  6.4197e-04	  3.6278e-04	  6.5883e-04	  4.1189e+03	  0.0000e+00	  0.0000e+00	  0.0000e+00	  0.0000e+00	  0.0000e+00	  0.0000e+00	
  7.2148e+00	  1.2695e-02	  5.1911e-04	  1.7246e-03	  2.0536e-03	  7.9626e-05	  1.3356e-02	  6.4222e-04	  3.6280e-04	  6.5947e-04	  4.1192e+03	  0.0000e+00	  0.0000e+00	  0.0000e+00	  0.0000e+00	  0.0000e+00	  0.0000e+00	
  7.2148e+00	  1.2696e-02	  5.1914e-04	  1.7247e-03	  2.0539e-03	  7.9624e-05	  1.3357e-02	  6.4247e-04	  3.6281e-04	  6.6009e-04	  4.1196e+03	  0.0000e+00	  0.0000e+00	  0.0000e+00	  0.0000e+00	  0.0000e+00	  0.0000e+00	
  7.2148e+00	  1.2696e-02	  5.1916e-04	  1.7249e-03	  2.0541e-03	  7.9622e-05	  1.3358e-02	  6.4270e-04	  3.6283e-04	  6.6068e-04	  4.1199e+03	  0.0000e+00	  0.0000e+00	  0.0000e+00	  0.0000e+00	  0.0000e+00	  0.0000e+00	
  7.2149e+00	  1.2697e-02	  5.1918e-04	  1.7251e-03	  2.0543e-03	  7.9620e-05	  1.3358e-02	  6.4293e-04	  3.6285e-04	  6.6126e-04	  4.1202e+03	  0.0000e+00	  0.0000e+00	  0.0000e+00	  0.0000e+00	  0.0000e+00	  0.0000e+00	
  7.2149e+00	  1.2698e-02	  5.1921e-04	  1.7253e-03	  2.0545e-03	  7.9619e-05	  1.3359e-02	  6.4314e-04	  3.6286e-04	  6.6181e-04	  4.1205e+03	  0.0000e+00	  0.0000e+00	  0.0000e+00	  0.0000e+00	  0.0000e+00	  0.0000e+00	
  7.2149e+00	  1.2698e-02	  5.1923e-04	  1.7255e-03	  2.0547e-03	  7.9617e-05	  1.3360e-02	  6.4335e-04	  3.6288e-04	  6.6235e-04	  4.1208e+03	  0.0000e+00	  0.0000e+00	  0.0000e+00	  0.0000e+00	  0.0000e+00	  0.0000e+00	
  7.2150e+00	  1.2699e-02	  5.1925e-04	  1.7256e-03	  2.0549e-03	  7.9615e-05	  1.3360e-02	  6.4356e-04	  3.6289e-04	  6.6287e-04	  4.1211e+03	  0.0000e+00	  0.0000e+00	  0.0000e+00	  0.0000e+00	  0.0000e+00	  0.0000e+00	
  7.2150e+00	  1.2699e-02	  5.1927e-04	  1.7258e-03	  2.0551e-03	  7.9613e-05	  1.3361e-02	  6.4375e-04	  3.6291e-04	  6.6337e-04	  4.1213e+03	  0.0000e+00	  0.0000e+00	  0.0000e+00	  0.0000e+00	  0.0000e+00	  0.0000e+00	
  7.2150e+00	  1.2700e-02	  5.1929e-04	  1.7259e-03	  2.0553e-03	  7.9612e-05	  1.3362e-02	  6.4394e-04	  3.6292e-04	  6.6385e-04	  4.1216e+03	  0.0000e+00	  0.0000e+00	  0.0000e+00	  0.0000e+00	  0.0000e+00	  0.0000e+00	
  7.2150e+00	  1.2700e-02	  5.1931e-04	  1.7261e-03	  2.0555e-03	  7.9610e-05	  1.3362e-02	  6.4412e-04	  3.6293e-04	  6.6431e-04	  4.1218e+03	  0.0000e+00	  0.0000e+00	  0.0000e+00	  0.0000e+00	  0.0000e+00	  0.0000e+00	
  7.2151e+00	  1.2701e-02	  5.1933e-04	  1.7262e-03	  2.0556e-03	  7.9609e-05	  1.3363e-02	  6.4430e-04	  3.6295e-04	  6.6476e-04	  4.1221e+03	  0.0000e+00	  0.0000e+00	  0.0000e+00	  0.0000e+00	  0.0000e+00	  0.0000e+00	
  7.2151e+00	  1.2701e-02	  5.1934e-04	  1.7264e-03	  2.0558e-03	  7.9607e-05	  1.3363e-02	  6.4447e-04	  3.6296e-04	  6.6520e-04	  4.1223e+03	  0.0000e+00	  0.0000e+00	  0.0000e+00	  0.0000e+00	  0.0000e+00	  0.0000e+00	
  7.2151e+00	  1.2702e-02	  5.1936e-04	  1.7265e-03	  2.0559e-03	  7.9606e-05	  1.3364e-02	  6.4464e-04	  3.6297e-04	  6.6562e-04	  4.1226e+03	  0.0000e+00	  0.0000e+00	  0.0000e+00	  0.0000e+00	  0.0000e+00	  0.0000e+00	
  7.2151e+00	  1.2702e-02	  5.1938e-04	  1.7266e-03	  2.0561e-03	  7.9604e-05	  1.3365e-02	  6.4479e-04	  3.6298e-04	  6.6602e-04	  4.1228e+03	  0.0000e+00	  0.0000e+00	  0.0000e+00	  0.0000e+00	  0.0000e+00	  0.0000e+00	
  7.2152e+00	  1.2703e-02	  5.1939e-04	  1.7268e-03	  2.0563e-03	  7.9603e-05	  1.3365e-02	  6.4495e-04	  3.6299e-04	  6.6641e-04	  4.1230e+03	  0.0000e+00	  0.0000e+00	  0.0000e+00	  0.0000e+00	  0.0000e+00	  0.0000e+00	
  7.2152e+00	  1.2703e-02	  5.1941e-04	  1.7269e-03	  2.0564e-03	  7.9602e-05	  1.3366e-02	  6.4510e-04	  3.6300e-04	  6.6679e-04	  4.1232e+03	  0.0000e+00	  0.0000e+00	  0.0000e+00	  0.0000e+00	  0.0000e+00	  0.0000e+00	
  7.2152e+00	  1.2704e-02	  5.1942e-04	  1.7270e-03	  2.0565e-03	  7.9601e-05	  1.3366e-02	  6.4524e-04	  3.6301e-04	  6.6716e-04	  4.1234e+03	  0.0000e+00	  0.0000e+00	  0.0000e+00	  0.0000e+00	  0.0000e+00	  0.0000e+00	
  7.2152e+00	  1.2704e-02	  5.1944e-04	  1.7271e-03	  2.0567e-03	  7.9599e-05	  1.3366e-02	  6.4538e-04	  3.6302e-04	  6.6751e-04	  4.1236e+03	  0.0000e+00	  0.0000e+00	  0.0000e+00	  0.0000e+00	  0.0000e+00	  0.0000e+00	
  7.2152e+00	  1.2704e-02	  5.1945e-04	  1.7272e-03	  2.0568e-03	  7.9598e-05	  1.3367e-02	  6.4551e-04	  3.6303e-04	  6.6785e-04	  4.1238e+03	  0.0000e+00	  0.0000e+00	  0.0000e+00	  0.0000e+00	  0.0000e+00	  0.0000e+00	
  7.2153e+00	  1.2705e-02	  5.1946e-04	  1.7273e-03	  2.0569e-03	  7.9597e-05	  1.3367e-02	  6.4564e-04	  3.6304e-04	  6.6818e-04	  4.1239e+03	  0.0000e+00	  0.0000e+00	  0.0000e+00	  0.0000e+00	  0.0000e+00	  0.0000e+00	
  7.2153e+00	  1.2705e-02	  5.1948e-04	  1.7274e-03	  2.0570e-03	  7.9596e-05	  1.3368e-02	  6.4576e-04	  3.6305e-04	  6.6849e-04	  4.1241e+03	  0.0000e+00	  0.0000e+00	  0.0000e+00	  0.0000e+00	  0.0000e+00	  0.0000e+00	
  7.2153e+00	  1.2705e-02	  5.1949e-04	  1.7275e-03	  2.0572e-03	  7.9595e-05	  1.3368e-02	  6.4588e-04	  3.6306e-04	  6.6880e-04	  4.1243e+03	  0.0000e+00	  0.0000e+00	  0.0000e+00	  0.0000e+00	  0.0000e+00	  0.0000e+00	
  7.2153e+00	  1.2706e-02	  5.1950e-04	  1.7276e-03	  2.0573e-03	  7.9594e-05	  1.3369e-02	  6.4600e-04	  3.6307e-04	  6.6910e-04	  4.1244e+03	  0.0000e+00	  0.0000e+00	  0.0000e+00	  0.0000e+00	  0.0000e+00	  0.0000e+00	
  7.2153e+00	  1.2706e-02	  5.1951e-04	  1.7277e-03	  2.0574e-03	  7.9593e-05	  1.3369e-02	  6.4611e-04	  3.6307e-04	  6.6938e-04	  4.1246e+03	  0.0000e+00	  0.0000e+00	  0.0000e+00	  0.0000e+00	  0.0000e+00	  0.0000e+00	
  7.2153e+00	  1.2706e-02	  5.1952e-04	  1.7278e-03	  2.0575e-03	  7.9592e-05	  1.3369e-02	  6.4622e-04	  3.6308e-04	  6.6966e-04	  4.1247e+03	  0.0000e+00	  0.0000e+00	  0.0000e+00	  0.0000e+00	  0.0000e+00	  0.0000e+00	
  7.2154e+00	  1.2707e-02	  5.1953e-04	  1.7279e-03	  2.0576e-03	  7.9591e-05	  1.3370e-02	  6.4632e-04	  3.6309e-04	  6.6992e-04	  4.1249e+03	  0.0000e+00	  0.0000e+00	  0.0000e+00	  0.0000e+00	  0.0000e+00	  0.0000e+00	
  7.2154e+00	  1.2707e-02	  5.1954e-04	  1.7280e-03	  2.0577e-03	  7.9590e-05	  1.3370e-02	  6.4642e-04	  3.6310e-04	  6.7018e-04	  4.1250e+03	  0.0000e+00	  0.0000e+00	  0.0000e+00	  0.0000e+00	  0.0000e+00	  0.0000e+00	
  7.2154e+00	  1.2707e-02	  5.1955e-04	  1.7280e-03	  2.0578e-03	  7.9590e-05	  1.3370e-02	  6.4652e-04	  3.6310e-04	  6.7043e-04	  4.1252e+03	  0.0000e+00	  0.0000e+00	  0.0000e+00	  0.0000e+00	  0.0000e+00	  0.0000e+00	
  7.2154e+00	  1.2708e-02	  5.1956e-04	  1.7281e-03	  2.0579e-03	  7.9589e-05	  1.3371e-02	  6.4661e-04	  3.6311e-04	  6.7067e-04	  4.1253e+03	  0.0000e+00	  0.0000e+00	  0.0000e+00	  0.0000e+00	  0.0000e+00	  0.0000e+00	
  7.2154e+00	  1.2708e-02	  5.1957e-04	  1.7282e-03	  2.0580e-03	  7.9588e-05	  1.3371e-02	  6.4670e-04	  3.6312e-04	  6.7090e-04	  4.1254e+03	  0.0000e+00	  0.0000e+00	  0.0000e+00	  0.0000e+00	  0.0000e+00	  0.0000e+00	
  7.2154e+00	  1.2708e-02	  5.1958e-04	  1.7283e-03	  2.0580e-03	  7.9587e-05	  1.3371e-02	  6.4679e-04	  3.6312e-04	  6.7112e-04	  4.1255e+03	  0.0000e+00	  0.0000e+00	  0.0000e+00	  0.0000e+00	  0.0000e+00	  0.0000e+00	
  7.2154e+00	  1.2708e-02	  5.1959e-04	  1.7283e-03	  2.0581e-03	  7.9586e-05	  1.3371e-02	  6.4688e-04	  3.6313e-04	  6.7134e-04	  4.1257e+03	  0.0000e+00	  0.0000e+00	  0.0000e+00	  0.0000e+00	  0.0000e+00	  0.0000e+00	
  7.2154e+00	  1.2709e-02	  5.1960e-04	  1.7284e-03	  2.0582e-03	  7.9586e-05	  1.3372e-02	  6.4696e-04	  3.6313e-04	  6.7155e-04	  4.1258e+03	  0.0000e+00	  0.0000e+00	  0.0000e+00	  0.0000e+00	  0.0000e+00	  0.0000e+00	
  7.2155e+00	  1.2709e-02	  5.1961e-04	  1.7285e-03	  2.0583e-03	  7.9585e-05	  1.3372e-02	  6.4704e-04	  3.6314e-04	  6.7175e-04	  4.1259e+03	  0.0000e+00	  0.0000e+00	  0.0000e+00	  0.0000e+00	  0.0000e+00	  0.0000e+00	
  7.2155e+00	  1.2709e-02	  5.1962e-04	  1.7285e-03	  2.0583e-03	  7.9584e-05	  1.3372e-02	  6.4711e-04	  3.6315e-04	  6.7194e-04	  4.1260e+03	  0.0000e+00	  0.0000e+00	  0.0000e+00	  0.0000e+00	  0.0000e+00	  0.0000e+00	
  7.2155e+00	  1.2709e-02	  5.1962e-04	  1.7286e-03	  2.0584e-03	  7.9584e-05	  1.3372e-02	  6.4719e-04	  3.6315e-04	  6.7213e-04	  4.1261e+03	  0.0000e+00	  0.0000e+00	  0.0000e+00	  0.0000e+00	  0.0000e+00	  0.0000e+00	
  7.2155e+00	  1.2709e-02	  5.1963e-04	  1.7286e-03	  2.0585e-03	  7.9583e-05	  1.3373e-02	  6.4726e-04	  3.6316e-04	  6.7231e-04	  4.1262e+03	  0.0000e+00	  0.0000e+00	  0.0000e+00	  0.0000e+00	  0.0000e+00	  0.0000e+00	
  7.2155e+00	  1.2710e-02	  5.1964e-04	  1.7287e-03	  2.0586e-03	  7.9583e-05	  1.3373e-02	  6.4733e-04	  3.6316e-04	  6.7248e-04	  4.1263e+03	  0.0000e+00	  0.0000e+00	  0.0000e+00	  0.0000e+00	  0.0000e+00	  0.0000e+00	
  7.2155e+00	  1.2710e-02	  5.1964e-04	  1.7288e-03	  2.0586e-03	  7.9582e-05	  1.3373e-02	  6.4739e-04	  3.6317e-04	  6.7265e-04	  4.1264e+03	  0.0000e+00	  0.0000e+00	  0.0000e+00	  0.0000e+00	  0.0000e+00	  0.0000e+00	
  7.2155e+00	  1.2710e-02	  5.1965e-04	  1.7288e-03	  2.0587e-03	  7.9581e-05	  1.3373e-02	  6.4746e-04	  3.6317e-04	  6.7282e-04	  4.1265e+03	  0.0000e+00	  0.0000e+00	  0.0000e+00	  0.0000e+00	  0.0000e+00	  0.0000e+00	
  7.2155e+00	  1.2710e-02	  5.1966e-04	  1.7289e-03	  2.0587e-03	  7.9581e-05	  1.3374e-02	  6.4752e-04	  3.6317e-04	  6.7297e-04	  4.1265e+03	  0.0000e+00	  0.0000e+00	  0.0000e+00	  0.0000e+00	  0.0000e+00	  0.0000e+00	
  7.2155e+00	  1.2710e-02	  5.1966e-04	  1.7289e-03	  2.0588e-03	  7.9580e-05	  1.3374e-02	  6.4758e-04	  3.6318e-04	  6.7312e-04	  4.1266e+03	  0.0000e+00	  0.0000e+00	  0.0000e+00	  0.0000e+00	  0.0000e+00	  0.0000e+00	
  7.2155e+00	  1.2710e-02	  5.1967e-04	  1.7290e-03	  2.0589e-03	  7.9580e-05	  1.3374e-02	  6.4763e-04	  3.6318e-04	  6.7327e-04	  4.1267e+03	  0.0000e+00	  0.0000e+00	  0.0000e+00	  0.0000e+00	  0.0000e+00	  0.0000e+00	
  7.2156e+00	  1.2711e-02	  5.1967e-04	  1.7290e-03	  2.0589e-03	  7.9579e-05	  1.3374e-02	  6.4769e-04	  3.6319e-04	  6.7341e-04	  4.1268e+03	  0.0000e+00	  0.0000e+00	  0.0000e+00	  0.0000e+00	  0.0000e+00	  0.0000e+00	
  7.2156e+00	  1.2711e-02	  5.1968e-04	  1.7290e-03	  2.0590e-03	  7.9579e-05	  1.3374e-02	  6.4774e-04	  3.6319e-04	  6.7355e-04	  4.1269e+03	  0.0000e+00	  0.0000e+00	  0.0000e+00	  0.0000e+00	  0.0000e+00	  0.0000e+00	
  7.2156e+00	  1.2711e-02	  5.1969e-04	  1.7291e-03	  2.0590e-03	  7.9579e-05	  1.3374e-02	  6.4780e-04	  3.6319e-04	  6.7368e-04	  4.1269e+03	  0.0000e+00	  0.0000e+00	  0.0000e+00	  0.0000e+00	  0.0000e+00	  0.0000e+00	
  7.2156e+00	  1.2711e-02	  5.1969e-04	  1.7291e-03	  2.0591e-03	  7.9578e-05	  1.3375e-02	  6.4785e-04	  3.6320e-04	  6.7381e-04	  4.1270e+03	  0.0000e+00	  0.0000e+00	  0.0000e+00	  0.0000e+00	  0.0000e+00	  0.0000e+00	
  7.2156e+00	  1.2711e-02	  5.1970e-04	  1.7292e-03	  2.0591e-03	  7.9578e-05	  1.3375e-02	  6.4789e-04	  3.6320e-04	  6.7393e-04	  4.1271e+03	  0.0000e+00	  0.0000e+00	  0.0000e+00	  0.0000e+00	  0.0000e+00	  0.0000e+00	
  7.2156e+00	  1.2711e-02	  5.1970e-04	  1.7292e-03	  2.0592e-03	  7.9577e-05	  1.3375e-02	  6.4794e-04	  3.6320e-04	  6.7405e-04	  4.1271e+03	  0.0000e+00	  0.0000e+00	  0.0000e+00	  0.0000e+00	  0.0000e+00	  0.0000e+00	
  7.2156e+00	  1.2711e-02	  5.1971e-04	  1.7292e-03	  2.0592e-03	  7.9577e-05	  1.3375e-02	  6.4798e-04	  3.6321e-04	  6.7417e-04	  4.1272e+03	  0.0000e+00	  0.0000e+00	  0.0000e+00	  0.0000e+00	  0.0000e+00	  0.0000e+00	
  7.2156e+00	  1.2712e-02	  5.1971e-04	  1.7293e-03	  2.0592e-03	  7.9577e-05	  1.3375e-02	  6.4803e-04	  3.6321e-04	  6.7428e-04	  4.1273e+03	  0.0000e+00	  0.0000e+00	  0.0000e+00	  0.0000e+00	  0.0000e+00	  0.0000e+00	
  7.2156e+00	  1.2712e-02	  5.1971e-04	  1.7293e-03	  2.0593e-03	  7.9576e-05	  1.3375e-02	  6.4807e-04	  3.6321e-04	  6.7438e-04	  4.1273e+03	  0.0000e+00	  0.0000e+00	  0.0000e+00	  0.0000e+00	  0.0000e+00	  0.0000e+00	
  7.2156e+00	  1.2712e-02	  5.1972e-04	  1.7293e-03	  2.0593e-03	  7.9576e-05	  1.3376e-02	  6.4811e-04	  3.6322e-04	  6.7449e-04	  4.1274e+03	  0.0000e+00	  0.0000e+00	  0.0000e+00	  0.0000e+00	  0.0000e+00	  0.0000e+00	
  7.2156e+00	  1.2712e-02	  5.1972e-04	  1.7294e-03	  2.0594e-03	  7.9576e-05	  1.3376e-02	  6.4815e-04	  3.6322e-04	  6.7459e-04	  4.1274e+03	  0.0000e+00	  0.0000e+00	  0.0000e+00	  0.0000e+00	  0.0000e+00	  0.0000e+00	
  7.2156e+00	  1.2712e-02	  5.1973e-04	  1.7294e-03	  2.0594e-03	  7.9575e-05	  1.3376e-02	  6.4819e-04	  3.6322e-04	  6.7468e-04	  4.1275e+03	  0.0000e+00	  0.0000e+00	  0.0000e+00	  0.0000e+00	  0.0000e+00	  0.0000e+00	
  7.2156e+00	  1.2712e-02	  5.1973e-04	  1.7294e-03	  2.0594e-03	  7.9575e-05	  1.3376e-02	  6.4822e-04	  3.6322e-04	  6.7478e-04	  4.1275e+03	  0.0000e+00	  0.0000e+00	  0.0000e+00	  0.0000e+00	  0.0000e+00	  0.0000e+00	
  7.2156e+00	  1.2712e-02	  5.1973e-04	  1.7295e-03	  2.0595e-03	  7.9575e-05	  1.3376e-02	  6.4826e-04	  3.6323e-04	  6.7487e-04	  4.1276e+03	  0.0000e+00	  0.0000e+00	  0.0000e+00	  0.0000e+00	  0.0000e+00	  0.0000e+00	
  7.2156e+00	  1.2712e-02	  5.1974e-04	  1.7295e-03	  2.0595e-03	  7.9574e-05	  1.3376e-02	  6.4829e-04	  3.6323e-04	  6.7495e-04	  4.1276e+03	  0.0000e+00	  0.0000e+00	  0.0000e+00	  0.0000e+00	  0.0000e+00	  0.0000e+00	
  7.2156e+00	  1.2712e-02	  5.1974e-04	  1.7295e-03	  2.0595e-03	  7.9574e-05	  1.3376e-02	  6.4833e-04	  3.6323e-04	  6.7504e-04	  4.1277e+03	  0.0000e+00	  0.0000e+00	  0.0000e+00	  0.0000e+00	  0.0000e+00	  0.0000e+00	
  7.2156e+00	  1.2713e-02	  5.1974e-04	  1.7295e-03	  2.0596e-03	  7.9574e-05	  1.3376e-02	  6.4836e-04	  3.6323e-04	  6.7512e-04	  4.1277e+03	  0.0000e+00	  0.0000e+00	  0.0000e+00	  0.0000e+00	  0.0000e+00	  0.0000e+00	
  7.2157e+00	  1.2713e-02	  5.1975e-04	  1.7296e-03	  2.0596e-03	  7.9573e-05	  1.3376e-02	  6.4839e-04	  3.6324e-04	  6.7520e-04	  4.1278e+03	  0.0000e+00	  0.0000e+00	  0.0000e+00	  0.0000e+00	  0.0000e+00	  0.0000e+00	
  7.2157e+00	  1.2713e-02	  5.1975e-04	  1.7296e-03	  2.0596e-03	  7.9573e-05	  1.3377e-02	  6.4842e-04	  3.6324e-04	  6.7527e-04	  4.1278e+03	  0.0000e+00	  0.0000e+00	  0.0000e+00	  0.0000e+00	  0.0000e+00	  0.0000e+00	
  7.2157e+00	  1.2713e-02	  5.1975e-04	  1.7296e-03	  2.0596e-03	  7.9573e-05	  1.3377e-02	  6.4845e-04	  3.6324e-04	  6.7534e-04	  4.1278e+03	  0.0000e+00	  0.0000e+00	  0.0000e+00	  0.0000e+00	  0.0000e+00	  0.0000e+00	
  7.2157e+00	  1.2713e-02	  5.1976e-04	  1.7296e-03	  2.0597e-03	  7.9573e-05	  1.3377e-02	  6.4847e-04	  3.6324e-04	  6.7541e-04	  4.1279e+03	  0.0000e+00	  0.0000e+00	  0.0000e+00	  0.0000e+00	  0.0000e+00	  0.0000e+00	
  7.2157e+00	  1.2713e-02	  5.1976e-04	  1.7297e-03	  2.0597e-03	  7.9572e-05	  1.3377e-02	  6.4850e-04	  3.6324e-04	  6.7548e-04	  4.1279e+03	  0.0000e+00	  0.0000e+00	  0.0000e+00	  0.0000e+00	  0.0000e+00	  0.0000e+00	
  7.2157e+00	  1.2713e-02	  5.1976e-04	  1.7297e-03	  2.0597e-03	  7.9572e-05	  1.3377e-02	  6.4853e-04	  3.6325e-04	  6.7555e-04	  4.1279e+03	  0.0000e+00	  0.0000e+00	  0.0000e+00	  0.0000e+00	  0.0000e+00	  0.0000e+00	
  7.2157e+00	  1.2713e-02	  5.1976e-04	  1.7297e-03	  2.0597e-03	  7.9572e-05	  1.3377e-02	  6.4855e-04	  3.6325e-04	  6.7561e-04	  4.1280e+03	  0.0000e+00	  0.0000e+00	  0.0000e+00	  0.0000e+00	  0.0000e+00	  0.0000e+00	
  7.2157e+00	  1.2713e-02	  5.1977e-04	  1.7297e-03	  2.0598e-03	  7.9572e-05	  1.3377e-02	  6.4857e-04	  3.6325e-04	  6.7567e-04	  4.1280e+03	  0.0000e+00	  0.0000e+00	  0.0000e+00	  0.0000e+00	  0.0000e+00	  0.0000e+00	
  7.2157e+00	  1.2713e-02	  5.1977e-04	  1.7297e-03	  2.0598e-03	  7.9572e-05	  1.3377e-02	  6.4860e-04	  3.6325e-04	  6.7573e-04	  4.1280e+03	  0.0000e+00	  0.0000e+00	  0.0000e+00	  0.0000e+00	  0.0000e+00	  0.0000e+00	
  7.2157e+00	  1.2713e-02	  5.1977e-04	  1.7298e-03	  2.0598e-03	  7.9571e-05	  1.3377e-02	  6.4862e-04	  3.6325e-04	  6.7579e-04	  4.1281e+03	  0.0000e+00	  0.0000e+00	  0.0000e+00	  0.0000e+00	  0.0000e+00	  0.0000e+00	
  7.2157e+00	  1.2713e-02	  5.1977e-04	  1.7298e-03	  2.0598e-03	  7.9571e-05	  1.3377e-02	  6.4864e-04	  3.6325e-04	  6.7584e-04	  4.1281e+03	  0.0000e+00	  0.0000e+00	  0.0000e+00	  0.0000e+00	  0.0000e+00	  0.0000e+00	
  7.2157e+00	  1.2713e-02	  5.1978e-04	  1.7298e-03	  2.0599e-03	  7.9571e-05	  1.3377e-02	  6.4866e-04	  3.6326e-04	  6.7590e-04	  4.1281e+03	  0.0000e+00	  0.0000e+00	  0.0000e+00	  0.0000e+00	  0.0000e+00	  0.0000e+00	
  7.2157e+00	  1.2713e-02	  5.1978e-04	  1.7298e-03	  2.0599e-03	  7.9571e-05	  1.3377e-02	  6.4868e-04	  3.6326e-04	  6.7595e-04	  4.1282e+03	  0.0000e+00	  0.0000e+00	  0.0000e+00	  0.0000e+00	  0.0000e+00	  0.0000e+00	
  7.2157e+00	  1.2714e-02	  5.1978e-04	  1.7298e-03	  2.0599e-03	  7.9571e-05	  1.3378e-02	  6.4870e-04	  3.6326e-04	  6.7600e-04	  4.1282e+03	  0.0000e+00	  0.0000e+00	  0.0000e+00	  0.0000e+00	  0.0000e+00	  0.0000e+00	
  7.2157e+00	  1.2714e-02	  5.1978e-04	  1.7298e-03	  2.0599e-03	  7.9571e-05	  1.3378e-02	  6.4872e-04	  3.6326e-04	  6.7604e-04	  4.1282e+03	  0.0000e+00	  0.0000e+00	  0.0000e+00	  0.0000e+00	  0.0000e+00	  0.0000e+00	
  7.2157e+00	  1.2714e-02	  5.1978e-04	  1.7299e-03	  2.0599e-03	  7.9570e-05	  1.3378e-02	  6.4874e-04	  3.6326e-04	  6.7609e-04	  4.1282e+03	  0.0000e+00	  0.0000e+00	  0.0000e+00	  0.0000e+00	  0.0000e+00	  0.0000e+00	
  7.2157e+00	  1.2714e-02	  5.1978e-04	  1.7299e-03	  2.0599e-03	  7.9570e-05	  1.3378e-02	  6.4876e-04	  3.6326e-04	  6.7614e-04	  4.1283e+03	  0.0000e+00	  0.0000e+00	  0.0000e+00	  0.0000e+00	  0.0000e+00	  0.0000e+00	
  7.2157e+00	  1.2714e-02	  5.1979e-04	  1.7299e-03	  2.0600e-03	  7.9570e-05	  1.3378e-02	  6.4877e-04	  3.6326e-04	  6.7618e-04	  4.1283e+03	  0.0000e+00	  0.0000e+00	  0.0000e+00	  0.0000e+00	  0.0000e+00	  0.0000e+00	
  7.2157e+00	  1.2714e-02	  5.1979e-04	  1.7299e-03	  2.0600e-03	  7.9570e-05	  1.3378e-02	  6.4879e-04	  3.6327e-04	  6.7622e-04	  4.1283e+03	  0.0000e+00	  0.0000e+00	  0.0000e+00	  0.0000e+00	  0.0000e+00	  0.0000e+00	
  7.2157e+00	  1.2714e-02	  5.1979e-04	  1.7299e-03	  2.0600e-03	  7.9570e-05	  1.3378e-02	  6.4880e-04	  3.6327e-04	  6.7626e-04	  4.1283e+03	  0.0000e+00	  0.0000e+00	  0.0000e+00	  0.0000e+00	  0.0000e+00	  0.0000e+00	
  7.2157e+00	  1.2714e-02	  5.1979e-04	  1.7299e-03	  2.0600e-03	  7.9570e-05	  1.3378e-02	  6.4882e-04	  3.6327e-04	  6.7630e-04	  4.1284e+03	  0.0000e+00	  0.0000e+00	  0.0000e+00	  0.0000e+00	  0.0000e+00	  0.0000e+00	
  7.2157e+00	  1.2714e-02	  5.1979e-04	  1.7299e-03	  2.0600e-03	  7.9570e-05	  1.3378e-02	  6.4883e-04	  3.6327e-04	  6.7634e-04	  4.1284e+03	  0.0000e+00	  0.0000e+00	  0.0000e+00	  0.0000e+00	  0.0000e+00	  0.0000e+00	
  7.2157e+00	  1.2714e-02	  5.1979e-04	  1.7299e-03	  2.0600e-03	  7.9569e-05	  1.3378e-02	  6.4885e-04	  3.6327e-04	  6.7637e-04	  4.1284e+03	  0.0000e+00	  0.0000e+00	  0.0000e+00	  0.0000e+00	  0.0000e+00	  0.0000e+00	
  7.2157e+00	  1.2714e-02	  5.1980e-04	  1.7300e-03	  2.0600e-03	  7.9569e-05	  1.3378e-02	  6.4886e-04	  3.6327e-04	  6.7641e-04	  4.1284e+03	  0.0000e+00	  0.0000e+00	  0.0000e+00	  0.0000e+00	  0.0000e+00	  0.0000e+00	
  7.2157e+00	  1.2714e-02	  5.1980e-04	  1.7300e-03	  2.0601e-03	  7.9569e-05	  1.3378e-02	  6.4888e-04	  3.6327e-04	  6.7644e-04	  4.1284e+03	  0.0000e+00	  0.0000e+00	  0.0000e+00	  0.0000e+00	  0.0000e+00	  0.0000e+00	
  7.2157e+00	  1.2714e-02	  5.1980e-04	  1.7300e-03	  2.0601e-03	  7.9569e-05	  1.3378e-02	  6.4889e-04	  3.6327e-04	  6.7647e-04	  4.1284e+03	  0.0000e+00	  0.0000e+00	  0.0000e+00	  0.0000e+00	  0.0000e+00	  0.0000e+00	
  7.2157e+00	  1.2714e-02	  5.1980e-04	  1.7300e-03	  2.0601e-03	  7.9569e-05	  1.3378e-02	  6.4890e-04	  3.6327e-04	  6.7651e-04	  4.1285e+03	  0.0000e+00	  0.0000e+00	  0.0000e+00	  0.0000e+00	  0.0000e+00	  0.0000e+00	
  7.2157e+00	  1.2714e-02	  5.1980e-04	  1.7300e-03	  2.0601e-03	  7.9569e-05	  1.3378e-02	  6.4891e-04	  3.6327e-04	  6.7654e-04	  4.1285e+03	  0.0000e+00	  0.0000e+00	  0.0000e+00	  0.0000e+00	  0.0000e+00	  0.0000e+00	
  7.2157e+00	  1.2714e-02	  5.1980e-04	  1.7300e-03	  2.0601e-03	  7.9569e-05	  1.3378e-02	  6.4892e-04	  3.6327e-04	  6.7656e-04	  4.1285e+03	  0.0000e+00	  0.0000e+00	  0.0000e+00	  0.0000e+00	  0.0000e+00	  0.0000e+00	
  7.2157e+00	  1.2714e-02	  5.1980e-04	  1.7300e-03	  2.0601e-03	  7.9569e-05	  1.3378e-02	  6.4894e-04	  3.6328e-04	  6.7659e-04	  4.1285e+03	  0.0000e+00	  0.0000e+00	  0.0000e+00	  0.0000e+00	  0.0000e+00	  0.0000e+00	
  7.2157e+00	  1.2714e-02	  5.1980e-04	  1.7300e-03	  2.0601e-03	  7.9569e-05	  1.3378e-02	  6.4895e-04	  3.6328e-04	  6.7662e-04	  4.1285e+03	  0.0000e+00	  0.0000e+00	  0.0000e+00	  0.0000e+00	  0.0000e+00	  0.0000e+00	
  7.2157e+00	  1.2714e-02	  5.1981e-04	  1.7300e-03	  2.0601e-03	  7.9569e-05	  1.3378e-02	  6.4896e-04	  3.6328e-04	  6.7665e-04	  4.1285e+03	  0.0000e+00	  0.0000e+00	  0.0000e+00	  0.0000e+00	  0.0000e+00	  0.0000e+00	
  7.2157e+00	  1.2714e-02	  5.1981e-04	  1.7300e-03	  2.0601e-03	  7.9568e-05	  1.3378e-02	  6.4897e-04	  3.6328e-04	  6.7667e-04	  4.1286e+03	  0.0000e+00	  0.0000e+00	  0.0000e+00	  0.0000e+00	  0.0000e+00	  0.0000e+00	
  7.2157e+00	  1.2714e-02	  5.1981e-04	  1.7301e-03	  2.0602e-03	  7.9568e-05	  1.3378e-02	  6.4898e-04	  3.6328e-04	  6.7670e-04	  4.1286e+03	  0.0000e+00	  0.0000e+00	  0.0000e+00	  0.0000e+00	  0.0000e+00	  0.0000e+00	
  7.2157e+00	  1.2714e-02	  5.1981e-04	  1.7301e-03	  2.0602e-03	  7.9568e-05	  1.3378e-02	  6.4899e-04	  3.6328e-04	  6.7672e-04	  4.1286e+03	  0.0000e+00	  0.0000e+00	  0.0000e+00	  0.0000e+00	  0.0000e+00	  0.0000e+00	
  7.2157e+00	  1.2714e-02	  5.1981e-04	  1.7301e-03	  2.0602e-03	  7.9568e-05	  1.3378e-02	  6.4899e-04	  3.6328e-04	  6.7674e-04	  4.1286e+03	  0.0000e+00	  0.0000e+00	  0.0000e+00	  0.0000e+00	  0.0000e+00	  0.0000e+00	
  7.2157e+00	  1.2714e-02	  5.1981e-04	  1.7301e-03	  2.0602e-03	  7.9568e-05	  1.3379e-02	  6.4900e-04	  3.6328e-04	  6.7677e-04	  4.1286e+03	  0.0000e+00	  0.0000e+00	  0.0000e+00	  0.0000e+00	  0.0000e+00	  0.0000e+00	
  7.2157e+00	  1.2714e-02	  5.1981e-04	  1.7301e-03	  2.0602e-03	  7.9568e-05	  1.3379e-02	  6.4901e-04	  3.6328e-04	  6.7679e-04	  4.1286e+03	  0.0000e+00	  0.0000e+00	  0.0000e+00	  0.0000e+00	  0.0000e+00	  0.0000e+00	
