          pH	          Na	           K	          Ca	          Mg	         PO4	          Cl	         SO4	         NH4	        HCO3	          sc	         FeS	      Pyrite	     Calcite	       CaPO4	      Fe3PO4	     CaMgCO3	
  6.9938e+00	  1.9626e-02	  5.8106e-04	  2.0738e-03	  2.4144e-03	  7.9906e-05	  2.2742e-02	  1.1922e-03	  4.2077e-04	  5.1194e-06	  6.2286e+03	  0.0000e+00	  0.0000e+00	  0.0000e+00	  0.0000e+00	  0.0000e+00	  0.0000e+00	
  6.9938e+00	  1.9626e-02	  5.8106e-04	  2.0738e-03	  2.4144e-03	  7.9906e-05	  2.2742e-02	  1.1922e-03	  4.2077e-04	  5.1194e-06	  6.2286e+03	  0.0000e+00	  0.0000e+00	  0.0000e+00	  0.0000e+00	  0.0000e+00	  0.0000e+00	
  6.9804e+00	  1.9810e-02	  5.8619e-04	  2.1141e-03	  2.4612e-03	  7.9538e-05	  2.3045e-02	  1.2292e-03	  4.2423e-04	  2.6885e-05	  6.3083e+03	  0.0000e+00	  0.0000e+00	  0.0000e+00	  0.0000e+00	  0.0000e+00	  0.0000e+00	
  6.9680e+00	  1.9987e-02	  5.9109e-04	  2.1530e-03	  2.5063e-03	  7.9196e-05	  2.3337e-02	  1.2646e-03	  4.2753e-04	  4.7232e-05	  6.3848e+03	  0.0000e+00	  0.0000e+00	  0.0000e+00	  0.0000e+00	  0.0000e+00	  0.0000e+00	
  6.9560e+00	  2.0157e-02	  5.9580e-04	  2.1907e-03	  2.5500e-03	  7.8876e-05	  2.3619e-02	  1.2986e-03	  4.3070e-04	  6.6739e-05	  6.4583e+03	  0.0000e+00	  0.0000e+00	  0.0000e+00	  0.0000e+00	  0.0000e+00	  0.0000e+00	
  6.9445e+00	  2.0320e-02	  6.0032e-04	  2.2271e-03	  2.5923e-03	  7.8575e-05	  2.3891e-02	  1.3312e-03	  4.3373e-04	  8.5448e-05	  6.5291e+03	  0.0000e+00	  0.0000e+00	  0.0000e+00	  0.0000e+00	  0.0000e+00	  0.0000e+00	
  6.9333e+00	  2.0477e-02	  6.0466e-04	  2.2624e-03	  2.6332e-03	  7.8292e-05	  2.4153e-02	  1.3624e-03	  4.3664e-04	  1.0340e-04	  6.5972e+03	  0.0000e+00	  0.0000e+00	  0.0000e+00	  0.0000e+00	  0.0000e+00	  0.0000e+00	
  6.9226e+00	  2.0628e-02	  6.0882e-04	  2.2965e-03	  2.6728e-03	  7.8026e-05	  2.4406e-02	  1.3924e-03	  4.3944e-04	  1.2063e-04	  6.6628e+03	  0.0000e+00	  0.0000e+00	  0.0000e+00	  0.0000e+00	  0.0000e+00	  0.0000e+00	
  6.9123e+00	  2.0773e-02	  6.1283e-04	  2.3296e-03	  2.7110e-03	  7.7775e-05	  2.4650e-02	  1.4212e-03	  4.4212e-04	  1.3717e-04	  6.7259e+03	  0.0000e+00	  0.0000e+00	  0.0000e+00	  0.0000e+00	  0.0000e+00	  0.0000e+00	
  6.9023e+00	  2.0912e-02	  6.1667e-04	  2.3615e-03	  2.7480e-03	  7.7538e-05	  2.4885e-02	  1.4489e-03	  4.4469e-04	  1.5306e-04	  6.7867e+03	  0.0000e+00	  0.0000e+00	  0.0000e+00	  0.0000e+00	  0.0000e+00	  0.0000e+00	
  6.8927e+00	  2.1047e-02	  6.2037e-04	  2.3924e-03	  2.7838e-03	  7.7315e-05	  2.5112e-02	  1.4755e-03	  4.4716e-04	  1.6832e-04	  6.8452e+03	  0.0000e+00	  0.0000e+00	  0.0000e+00	  0.0000e+00	  0.0000e+00	  0.0000e+00	
  6.8835e+00	  2.1176e-02	  6.2392e-04	  2.4223e-03	  2.8184e-03	  7.7104e-05	  2.5330e-02	  1.5011e-03	  4.4953e-04	  1.8299e-04	  6.9015e+03	  0.0000e+00	  0.0000e+00	  0.0000e+00	  0.0000e+00	  0.0000e+00	  0.0000e+00	
  6.8745e+00	  2.1300e-02	  6.2734e-04	  2.4512e-03	  2.8519e-03	  7.6904e-05	  2.5542e-02	  1.5257e-03	  4.5180e-04	  1.9709e-04	  6.9558e+03	  0.0000e+00	  0.0000e+00	  0.0000e+00	  0.0000e+00	  0.0000e+00	  0.0000e+00	
  6.8659e+00	  2.1420e-02	  6.3063e-04	  2.4791e-03	  2.8843e-03	  7.6715e-05	  2.5745e-02	  1.5493e-03	  4.5399e-04	  2.1064e-04	  7.0080e+03	  0.0000e+00	  0.0000e+00	  0.0000e+00	  0.0000e+00	  0.0000e+00	  0.0000e+00	
  6.8576e+00	  2.1536e-02	  6.3379e-04	  2.5061e-03	  2.9155e-03	  7.6536e-05	  2.5942e-02	  1.5720e-03	  4.5609e-04	  2.2367e-04	  7.0584e+03	  0.0000e+00	  0.0000e+00	  0.0000e+00	  0.0000e+00	  0.0000e+00	  0.0000e+00	
  6.8497e+00	  2.1647e-02	  6.3683e-04	  2.5323e-03	  2.9458e-03	  7.6366e-05	  2.6131e-02	  1.5939e-03	  4.5812e-04	  2.3621e-04	  7.1069e+03	  0.0000e+00	  0.0000e+00	  0.0000e+00	  0.0000e+00	  0.0000e+00	  0.0000e+00	
  6.8420e+00	  2.1754e-02	  6.3976e-04	  2.5575e-03	  2.9750e-03	  7.6205e-05	  2.6314e-02	  1.6149e-03	  4.6006e-04	  2.4827e-04	  7.1537e+03	  0.0000e+00	  0.0000e+00	  0.0000e+00	  0.0000e+00	  0.0000e+00	  0.0000e+00	
  6.8345e+00	  2.1857e-02	  6.4257e-04	  2.5819e-03	  3.0033e-03	  7.6052e-05	  2.6491e-02	  1.6352e-03	  4.6193e-04	  2.5987e-04	  7.1987e+03	  0.0000e+00	  0.0000e+00	  0.0000e+00	  0.0000e+00	  0.0000e+00	  0.0000e+00	
  6.8274e+00	  2.1956e-02	  6.4528e-04	  2.6055e-03	  3.0306e-03	  7.5907e-05	  2.6661e-02	  1.6547e-03	  4.6372e-04	  2.7104e-04	  7.2421e+03	  0.0000e+00	  0.0000e+00	  0.0000e+00	  0.0000e+00	  0.0000e+00	  0.0000e+00	
  6.8205e+00	  2.2051e-02	  6.4789e-04	  2.6283e-03	  3.0569e-03	  7.5768e-05	  2.6825e-02	  1.6735e-03	  4.6545e-04	  2.8179e-04	  7.2840e+03	  0.0000e+00	  0.0000e+00	  0.0000e+00	  0.0000e+00	  0.0000e+00	  0.0000e+00	
  6.8138e+00	  2.2143e-02	  6.5040e-04	  2.6504e-03	  3.0825e-03	  7.5637e-05	  2.6984e-02	  1.6916e-03	  4.6711e-04	  2.9213e-04	  7.3243e+03	  0.0000e+00	  0.0000e+00	  0.0000e+00	  0.0000e+00	  0.0000e+00	  0.0000e+00	
  6.8074e+00	  2.2232e-02	  6.5282e-04	  2.6717e-03	  3.1071e-03	  7.5512e-05	  2.7137e-02	  1.7090e-03	  4.6871e-04	  3.0210e-04	  7.3632e+03	  0.0000e+00	  0.0000e+00	  0.0000e+00	  0.0000e+00	  0.0000e+00	  0.0000e+00	
  6.8013e+00	  2.2318e-02	  6.5515e-04	  2.6923e-03	  3.1309e-03	  7.5392e-05	  2.7285e-02	  1.7257e-03	  4.7025e-04	  3.1169e-04	  7.4007e+03	  0.0000e+00	  0.0000e+00	  0.0000e+00	  0.0000e+00	  0.0000e+00	  0.0000e+00	
  6.7953e+00	  2.2400e-02	  6.5739e-04	  2.7122e-03	  3.1539e-03	  7.5279e-05	  2.7427e-02	  1.7419e-03	  4.7173e-04	  3.2093e-04	  7.4368e+03	  0.0000e+00	  0.0000e+00	  0.0000e+00	  0.0000e+00	  0.0000e+00	  0.0000e+00	
  6.7896e+00	  2.2479e-02	  6.5955e-04	  2.7314e-03	  3.1762e-03	  7.5170e-05	  2.7565e-02	  1.7575e-03	  4.7315e-04	  3.2982e-04	  7.4717e+03	  0.0000e+00	  0.0000e+00	  0.0000e+00	  0.0000e+00	  0.0000e+00	  0.0000e+00	
  6.7841e+00	  2.2556e-02	  6.6163e-04	  2.7500e-03	  3.1977e-03	  7.5067e-05	  2.7698e-02	  1.7725e-03	  4.7452e-04	  3.3839e-04	  7.5053e+03	  0.0000e+00	  0.0000e+00	  0.0000e+00	  0.0000e+00	  0.0000e+00	  0.0000e+00	
  6.7788e+00	  2.2630e-02	  6.6364e-04	  2.7680e-03	  3.2184e-03	  7.4968e-05	  2.7826e-02	  1.7869e-03	  4.7584e-04	  3.4665e-04	  7.5377e+03	  0.0000e+00	  0.0000e+00	  0.0000e+00	  0.0000e+00	  0.0000e+00	  0.0000e+00	
  6.7736e+00	  2.2701e-02	  6.6557e-04	  2.7853e-03	  3.2385e-03	  7.4874e-05	  2.7950e-02	  1.8009e-03	  4.7711e-04	  3.5460e-04	  7.5690e+03	  0.0000e+00	  0.0000e+00	  0.0000e+00	  0.0000e+00	  0.0000e+00	  0.0000e+00	
  6.7687e+00	  2.2769e-02	  6.6743e-04	  2.8021e-03	  3.2579e-03	  7.4784e-05	  2.8069e-02	  1.8143e-03	  4.7834e-04	  3.6227e-04	  7.5991e+03	  0.0000e+00	  0.0000e+00	  0.0000e+00	  0.0000e+00	  0.0000e+00	  0.0000e+00	
  6.7639e+00	  2.2836e-02	  6.6922e-04	  2.8183e-03	  3.2766e-03	  7.4698e-05	  2.8184e-02	  1.8272e-03	  4.7952e-04	  3.6966e-04	  7.6282e+03	  0.0000e+00	  0.0000e+00	  0.0000e+00	  0.0000e+00	  0.0000e+00	  0.0000e+00	
  6.7593e+00	  2.2899e-02	  6.7095e-04	  2.8339e-03	  3.2947e-03	  7.4616e-05	  2.8296e-02	  1.8397e-03	  4.8065e-04	  3.7678e-04	  7.6562e+03	  0.0000e+00	  0.0000e+00	  0.0000e+00	  0.0000e+00	  0.0000e+00	  0.0000e+00	
  6.7549e+00	  2.2961e-02	  6.7261e-04	  2.8491e-03	  3.3122e-03	  7.4538e-05	  2.8403e-02	  1.8517e-03	  4.8175e-04	  3.8364e-04	  7.6832e+03	  0.0000e+00	  0.0000e+00	  0.0000e+00	  0.0000e+00	  0.0000e+00	  0.0000e+00	
  6.7507e+00	  2.3020e-02	  6.7422e-04	  2.8637e-03	  3.3291e-03	  7.4462e-05	  2.8507e-02	  1.8633e-03	  4.8280e-04	  3.9025e-04	  7.7093e+03	  0.0000e+00	  0.0000e+00	  0.0000e+00	  0.0000e+00	  0.0000e+00	  0.0000e+00	
  6.7465e+00	  2.3077e-02	  6.7576e-04	  2.8778e-03	  3.3454e-03	  7.4390e-05	  2.8607e-02	  1.8745e-03	  4.8381e-04	  3.9663e-04	  7.7345e+03	  0.0000e+00	  0.0000e+00	  0.0000e+00	  0.0000e+00	  0.0000e+00	  0.0000e+00	
  6.7426e+00	  2.3132e-02	  6.7726e-04	  2.8914e-03	  3.3611e-03	  7.4322e-05	  2.8703e-02	  1.8853e-03	  4.8479e-04	  4.0277e-04	  7.7588e+03	  0.0000e+00	  0.0000e+00	  0.0000e+00	  0.0000e+00	  0.0000e+00	  0.0000e+00	
  6.7388e+00	  2.3185e-02	  6.7869e-04	  2.9046e-03	  3.3764e-03	  7.4256e-05	  2.8797e-02	  1.8957e-03	  4.8573e-04	  4.0870e-04	  7.7822e+03	  0.0000e+00	  0.0000e+00	  0.0000e+00	  0.0000e+00	  0.0000e+00	  0.0000e+00	
  6.7351e+00	  2.3237e-02	  6.8008e-04	  2.9173e-03	  3.3911e-03	  7.4192e-05	  2.8887e-02	  1.9057e-03	  4.8664e-04	  4.1441e-04	  7.8048e+03	  0.0000e+00	  0.0000e+00	  0.0000e+00	  0.0000e+00	  0.0000e+00	  0.0000e+00	
  6.7315e+00	  2.3286e-02	  6.8142e-04	  2.9296e-03	  3.4053e-03	  7.4132e-05	  2.8973e-02	  1.9154e-03	  4.8752e-04	  4.1992e-04	  7.8266e+03	  0.0000e+00	  0.0000e+00	  0.0000e+00	  0.0000e+00	  0.0000e+00	  0.0000e+00	
  6.7281e+00	  2.3334e-02	  6.8270e-04	  2.9415e-03	  3.4190e-03	  7.4074e-05	  2.9057e-02	  1.9247e-03	  4.8836e-04	  4.2523e-04	  7.8476e+03	  0.0000e+00	  0.0000e+00	  0.0000e+00	  0.0000e+00	  0.0000e+00	  0.0000e+00	
  6.7248e+00	  2.3380e-02	  6.8395e-04	  2.9530e-03	  3.4323e-03	  7.4018e-05	  2.9138e-02	  1.9337e-03	  4.8917e-04	  4.3036e-04	  7.8679e+03	  0.0000e+00	  0.0000e+00	  0.0000e+00	  0.0000e+00	  0.0000e+00	  0.0000e+00	
  6.7216e+00	  2.3424e-02	  6.8514e-04	  2.9641e-03	  3.4451e-03	  7.3965e-05	  2.9217e-02	  1.9424e-03	  4.8996e-04	  4.3530e-04	  7.8875e+03	  0.0000e+00	  0.0000e+00	  0.0000e+00	  0.0000e+00	  0.0000e+00	  0.0000e+00	
  6.7186e+00	  2.3467e-02	  6.8630e-04	  2.9748e-03	  3.4574e-03	  7.3914e-05	  2.9292e-02	  1.9508e-03	  4.9071e-04	  4.4006e-04	  7.9064e+03	  0.0000e+00	  0.0000e+00	  0.0000e+00	  0.0000e+00	  0.0000e+00	  0.0000e+00	
  6.7156e+00	  2.3508e-02	  6.8741e-04	  2.9851e-03	  3.4694e-03	  7.3865e-05	  2.9365e-02	  1.9589e-03	  4.9144e-04	  4.4466e-04	  7.9246e+03	  0.0000e+00	  0.0000e+00	  0.0000e+00	  0.0000e+00	  0.0000e+00	  0.0000e+00	
  6.7128e+00	  2.3548e-02	  6.8849e-04	  2.9951e-03	  3.4809e-03	  7.3817e-05	  2.9435e-02	  1.9667e-03	  4.9214e-04	  4.4909e-04	  7.9422e+03	  0.0000e+00	  0.0000e+00	  0.0000e+00	  0.0000e+00	  0.0000e+00	  0.0000e+00	
  6.7100e+00	  2.3587e-02	  6.8953e-04	  3.0047e-03	  3.4921e-03	  7.3772e-05	  2.9503e-02	  1.9742e-03	  4.9282e-04	  4.5336e-04	  7.9591e+03	  0.0000e+00	  0.0000e+00	  0.0000e+00	  0.0000e+00	  0.0000e+00	  0.0000e+00	
  6.7074e+00	  2.3624e-02	  6.9052e-04	  3.0141e-03	  3.5028e-03	  7.3729e-05	  2.9569e-02	  1.9814e-03	  4.9347e-04	  4.5749e-04	  7.9755e+03	  0.0000e+00	  0.0000e+00	  0.0000e+00	  0.0000e+00	  0.0000e+00	  0.0000e+00	
  6.7048e+00	  2.3660e-02	  6.9149e-04	  3.0231e-03	  3.5132e-03	  7.3687e-05	  2.9632e-02	  1.9884e-03	  4.9410e-04	  4.6147e-04	  7.9913e+03	  0.0000e+00	  0.0000e+00	  0.0000e+00	  0.0000e+00	  0.0000e+00	  0.0000e+00	
  6.7024e+00	  2.3694e-02	  6.9242e-04	  3.0318e-03	  3.5233e-03	  7.3647e-05	  2.9693e-02	  1.9952e-03	  4.9471e-04	  4.6531e-04	  8.0066e+03	  0.0000e+00	  0.0000e+00	  0.0000e+00	  0.0000e+00	  0.0000e+00	  0.0000e+00	
  6.7000e+00	  2.3728e-02	  6.9332e-04	  3.0402e-03	  3.5330e-03	  7.3609e-05	  2.9752e-02	  2.0017e-03	  4.9529e-04	  4.6901e-04	  8.0213e+03	  0.0000e+00	  0.0000e+00	  0.0000e+00	  0.0000e+00	  0.0000e+00	  0.0000e+00	
  6.6977e+00	  2.3760e-02	  6.9418e-04	  3.0483e-03	  3.5423e-03	  7.3572e-05	  2.9809e-02	  2.0080e-03	  4.9586e-04	  4.7258e-04	  8.0355e+03	  0.0000e+00	  0.0000e+00	  0.0000e+00	  0.0000e+00	  0.0000e+00	  0.0000e+00	
  6.6955e+00	  2.3791e-02	  6.9502e-04	  3.0561e-03	  3.5514e-03	  7.3536e-05	  2.9864e-02	  2.0140e-03	  4.9640e-04	  4.7603e-04	  8.0492e+03	  0.0000e+00	  0.0000e+00	  0.0000e+00	  0.0000e+00	  0.0000e+00	  0.0000e+00	
  6.6934e+00	  2.3821e-02	  6.9582e-04	  3.0637e-03	  3.5601e-03	  7.3502e-05	  2.9917e-02	  2.0199e-03	  4.9693e-04	  4.7935e-04	  8.0625e+03	  0.0000e+00	  0.0000e+00	  0.0000e+00	  0.0000e+00	  0.0000e+00	  0.0000e+00	
  6.6913e+00	  2.3850e-02	  6.9660e-04	  3.0710e-03	  3.5685e-03	  7.3469e-05	  2.9968e-02	  2.0255e-03	  4.9743e-04	  4.8256e-04	  8.0752e+03	  0.0000e+00	  0.0000e+00	  0.0000e+00	  0.0000e+00	  0.0000e+00	  0.0000e+00	
  6.6893e+00	  2.3878e-02	  6.9735e-04	  3.0780e-03	  3.5767e-03	  7.3438e-05	  3.0018e-02	  2.0310e-03	  4.9792e-04	  4.8566e-04	  8.0876e+03	  0.0000e+00	  0.0000e+00	  0.0000e+00	  0.0000e+00	  0.0000e+00	  0.0000e+00	
  6.6874e+00	  2.3904e-02	  6.9807e-04	  3.0849e-03	  3.5846e-03	  7.3407e-05	  3.0065e-02	  2.0362e-03	  4.9839e-04	  4.8864e-04	  8.0994e+03	  0.0000e+00	  0.0000e+00	  0.0000e+00	  0.0000e+00	  0.0000e+00	  0.0000e+00	
  6.6856e+00	  2.3930e-02	  6.9877e-04	  3.0914e-03	  3.5922e-03	  7.3378e-05	  3.0112e-02	  2.0413e-03	  4.9885e-04	  4.9153e-04	  8.1109e+03	  0.0000e+00	  0.0000e+00	  0.0000e+00	  0.0000e+00	  0.0000e+00	  0.0000e+00	
  6.6838e+00	  2.3955e-02	  6.9944e-04	  3.0978e-03	  3.5995e-03	  7.3350e-05	  3.0156e-02	  2.0462e-03	  4.9929e-04	  4.9431e-04	  8.1220e+03	  0.0000e+00	  0.0000e+00	  0.0000e+00	  0.0000e+00	  0.0000e+00	  0.0000e+00	
  6.6821e+00	  2.3980e-02	  7.0009e-04	  3.1039e-03	  3.6066e-03	  7.3323e-05	  3.0199e-02	  2.0510e-03	  4.9971e-04	  4.9699e-04	  8.1327e+03	  0.0000e+00	  0.0000e+00	  0.0000e+00	  0.0000e+00	  0.0000e+00	  0.0000e+00	
  6.6804e+00	  2.4003e-02	  7.0072e-04	  3.1099e-03	  3.6134e-03	  7.3297e-05	  3.0241e-02	  2.0555e-03	  5.0012e-04	  4.9958e-04	  8.1430e+03	  0.0000e+00	  0.0000e+00	  0.0000e+00	  0.0000e+00	  0.0000e+00	  0.0000e+00	
  6.6788e+00	  2.4026e-02	  7.0133e-04	  3.1156e-03	  3.6201e-03	  7.3272e-05	  3.0281e-02	  2.0599e-03	  5.0051e-04	  5.0208e-04	  8.1530e+03	  0.0000e+00	  0.0000e+00	  0.0000e+00	  0.0000e+00	  0.0000e+00	  0.0000e+00	
  6.6773e+00	  2.4047e-02	  7.0191e-04	  3.1211e-03	  3.6264e-03	  7.3248e-05	  3.0319e-02	  2.0642e-03	  5.0089e-04	  5.0450e-04	  8.1626e+03	  0.0000e+00	  0.0000e+00	  0.0000e+00	  0.0000e+00	  0.0000e+00	  0.0000e+00	
  6.6758e+00	  2.4068e-02	  7.0247e-04	  3.1265e-03	  3.6326e-03	  7.3225e-05	  3.0357e-02	  2.0683e-03	  5.0126e-04	  5.0682e-04	  8.1719e+03	  0.0000e+00	  0.0000e+00	  0.0000e+00	  0.0000e+00	  0.0000e+00	  0.0000e+00	
  6.6744e+00	  2.4089e-02	  7.0302e-04	  3.1316e-03	  3.6386e-03	  7.3202e-05	  3.0393e-02	  2.0722e-03	  5.0161e-04	  5.0907e-04	  8.1809e+03	  0.0000e+00	  0.0000e+00	  0.0000e+00	  0.0000e+00	  0.0000e+00	  0.0000e+00	
  6.6730e+00	  2.4108e-02	  7.0354e-04	  3.1366e-03	  3.6443e-03	  7.3181e-05	  3.0428e-02	  2.0761e-03	  5.0195e-04	  5.1124e-04	  8.1895e+03	  0.0000e+00	  0.0000e+00	  0.0000e+00	  0.0000e+00	  0.0000e+00	  0.0000e+00	
  6.6716e+00	  2.4127e-02	  7.0405e-04	  3.1414e-03	  3.6499e-03	  7.3160e-05	  3.0461e-02	  2.0797e-03	  5.0228e-04	  5.1333e-04	  8.1979e+03	  0.0000e+00	  0.0000e+00	  0.0000e+00	  0.0000e+00	  0.0000e+00	  0.0000e+00	
  6.6704e+00	  2.4145e-02	  7.0454e-04	  3.1461e-03	  3.6552e-03	  7.3140e-05	  3.0494e-02	  2.0833e-03	  5.0260e-04	  5.1535e-04	  8.2059e+03	  0.0000e+00	  0.0000e+00	  0.0000e+00	  0.0000e+00	  0.0000e+00	  0.0000e+00	
  6.6691e+00	  2.4163e-02	  7.0501e-04	  3.1506e-03	  3.6604e-03	  7.3121e-05	  3.0525e-02	  2.0867e-03	  5.0291e-04	  5.1730e-04	  8.2137e+03	  0.0000e+00	  0.0000e+00	  0.0000e+00	  0.0000e+00	  0.0000e+00	  0.0000e+00	
  6.6679e+00	  2.4180e-02	  7.0547e-04	  3.1549e-03	  3.6654e-03	  7.3103e-05	  3.0555e-02	  2.0901e-03	  5.0320e-04	  5.1919e-04	  8.2212e+03	  0.0000e+00	  0.0000e+00	  0.0000e+00	  0.0000e+00	  0.0000e+00	  0.0000e+00	
  6.6668e+00	  2.4196e-02	  7.0591e-04	  3.1591e-03	  3.6703e-03	  7.3085e-05	  3.0585e-02	  2.0933e-03	  5.0349e-04	  5.2100e-04	  8.2285e+03	  0.0000e+00	  0.0000e+00	  0.0000e+00	  0.0000e+00	  0.0000e+00	  0.0000e+00	
  6.6656e+00	  2.4212e-02	  7.0633e-04	  3.1631e-03	  3.6749e-03	  7.3068e-05	  3.0613e-02	  2.0964e-03	  5.0376e-04	  5.2276e-04	  8.2355e+03	  0.0000e+00	  0.0000e+00	  0.0000e+00	  0.0000e+00	  0.0000e+00	  0.0000e+00	
  6.6646e+00	  2.4227e-02	  7.0674e-04	  3.1670e-03	  3.6794e-03	  7.3051e-05	  3.0640e-02	  2.0993e-03	  5.0403e-04	  5.2445e-04	  8.2423e+03	  0.0000e+00	  0.0000e+00	  0.0000e+00	  0.0000e+00	  0.0000e+00	  0.0000e+00	
  6.6635e+00	  2.4242e-02	  7.0713e-04	  3.1708e-03	  3.6838e-03	  7.3035e-05	  3.0666e-02	  2.1022e-03	  5.0428e-04	  5.2608e-04	  8.2488e+03	  0.0000e+00	  0.0000e+00	  0.0000e+00	  0.0000e+00	  0.0000e+00	  0.0000e+00	
  6.6625e+00	  2.4256e-02	  7.0752e-04	  3.1745e-03	  3.6880e-03	  7.3020e-05	  3.0692e-02	  2.1050e-03	  5.0453e-04	  5.2766e-04	  8.2551e+03	  0.0000e+00	  0.0000e+00	  0.0000e+00	  0.0000e+00	  0.0000e+00	  0.0000e+00	
  6.6616e+00	  2.4270e-02	  7.0788e-04	  3.1780e-03	  3.6920e-03	  7.3005e-05	  3.0716e-02	  2.1077e-03	  5.0477e-04	  5.2918e-04	  8.2612e+03	  0.0000e+00	  0.0000e+00	  0.0000e+00	  0.0000e+00	  0.0000e+00	  0.0000e+00	
  6.6606e+00	  2.4283e-02	  7.0824e-04	  3.1814e-03	  3.6960e-03	  7.2991e-05	  3.0740e-02	  2.1103e-03	  5.0500e-04	  5.3065e-04	  8.2670e+03	  0.0000e+00	  0.0000e+00	  0.0000e+00	  0.0000e+00	  0.0000e+00	  0.0000e+00	
  6.6597e+00	  2.4296e-02	  7.0858e-04	  3.1847e-03	  3.6997e-03	  7.2977e-05	  3.0763e-02	  2.1128e-03	  5.0522e-04	  5.3207e-04	  8.2727e+03	  0.0000e+00	  0.0000e+00	  0.0000e+00	  0.0000e+00	  0.0000e+00	  0.0000e+00	
  6.6588e+00	  2.4308e-02	  7.0891e-04	  3.1878e-03	  3.7034e-03	  7.2964e-05	  3.0785e-02	  2.1152e-03	  5.0544e-04	  5.3344e-04	  8.2782e+03	  0.0000e+00	  0.0000e+00	  0.0000e+00	  0.0000e+00	  0.0000e+00	  0.0000e+00	
  6.6580e+00	  2.4320e-02	  7.0923e-04	  3.1909e-03	  3.7069e-03	  7.2951e-05	  3.0806e-02	  2.1175e-03	  5.0565e-04	  5.3476e-04	  8.2835e+03	  0.0000e+00	  0.0000e+00	  0.0000e+00	  0.0000e+00	  0.0000e+00	  0.0000e+00	
  6.6572e+00	  2.4332e-02	  7.0954e-04	  3.1938e-03	  3.7103e-03	  7.2939e-05	  3.0827e-02	  2.1198e-03	  5.0585e-04	  5.3603e-04	  8.2886e+03	  0.0000e+00	  0.0000e+00	  0.0000e+00	  0.0000e+00	  0.0000e+00	  0.0000e+00	
  6.6564e+00	  2.4343e-02	  7.0984e-04	  3.1967e-03	  3.7136e-03	  7.2927e-05	  3.0847e-02	  2.1219e-03	  5.0604e-04	  5.3727e-04	  8.2935e+03	  0.0000e+00	  0.0000e+00	  0.0000e+00	  0.0000e+00	  0.0000e+00	  0.0000e+00	
  6.6557e+00	  2.4354e-02	  7.1013e-04	  3.1994e-03	  3.7168e-03	  7.2916e-05	  3.0866e-02	  2.1240e-03	  5.0623e-04	  5.3846e-04	  8.2983e+03	  0.0000e+00	  0.0000e+00	  0.0000e+00	  0.0000e+00	  0.0000e+00	  0.0000e+00	
  6.6549e+00	  2.4364e-02	  7.1040e-04	  3.2021e-03	  3.7199e-03	  7.2905e-05	  3.0884e-02	  2.1261e-03	  5.0641e-04	  5.3960e-04	  8.3028e+03	  0.0000e+00	  0.0000e+00	  0.0000e+00	  0.0000e+00	  0.0000e+00	  0.0000e+00	
  6.6542e+00	  2.4374e-02	  7.1067e-04	  3.2047e-03	  3.7228e-03	  7.2894e-05	  3.0902e-02	  2.1280e-03	  5.0658e-04	  5.4071e-04	  8.3073e+03	  0.0000e+00	  0.0000e+00	  0.0000e+00	  0.0000e+00	  0.0000e+00	  0.0000e+00	
  6.6536e+00	  2.4384e-02	  7.1093e-04	  3.2071e-03	  3.7257e-03	  7.2884e-05	  3.0920e-02	  2.1299e-03	  5.0675e-04	  5.4178e-04	  8.3116e+03	  0.0000e+00	  0.0000e+00	  0.0000e+00	  0.0000e+00	  0.0000e+00	  0.0000e+00	
  6.6529e+00	  2.4393e-02	  7.1118e-04	  3.2095e-03	  3.7285e-03	  7.2874e-05	  3.0936e-02	  2.1317e-03	  5.0691e-04	  5.4281e-04	  8.3157e+03	  0.0000e+00	  0.0000e+00	  0.0000e+00	  0.0000e+00	  0.0000e+00	  0.0000e+00	
  6.6523e+00	  2.4402e-02	  7.1142e-04	  3.2119e-03	  3.7311e-03	  7.2864e-05	  3.0952e-02	  2.1335e-03	  5.0707e-04	  5.4381e-04	  8.3197e+03	  0.0000e+00	  0.0000e+00	  0.0000e+00	  0.0000e+00	  0.0000e+00	  0.0000e+00	
  6.6517e+00	  2.4411e-02	  7.1165e-04	  3.2141e-03	  3.7337e-03	  7.2855e-05	  3.0968e-02	  2.1352e-03	  5.0722e-04	  5.4477e-04	  8.3235e+03	  0.0000e+00	  0.0000e+00	  0.0000e+00	  0.0000e+00	  0.0000e+00	  0.0000e+00	
  6.6511e+00	  2.4419e-02	  7.1188e-04	  3.2162e-03	  3.7362e-03	  7.2846e-05	  3.0983e-02	  2.1368e-03	  5.0736e-04	  5.4570e-04	  8.3272e+03	  0.0000e+00	  0.0000e+00	  0.0000e+00	  0.0000e+00	  0.0000e+00	  0.0000e+00	
  6.6505e+00	  2.4427e-02	  7.1209e-04	  3.2183e-03	  3.7386e-03	  7.2838e-05	  3.0997e-02	  2.1384e-03	  5.0750e-04	  5.4660e-04	  8.3308e+03	  0.0000e+00	  0.0000e+00	  0.0000e+00	  0.0000e+00	  0.0000e+00	  0.0000e+00	
  6.6499e+00	  2.4435e-02	  7.1230e-04	  3.2203e-03	  3.7409e-03	  7.2830e-05	  3.1011e-02	  2.1399e-03	  5.0764e-04	  5.4746e-04	  8.3343e+03	  0.0000e+00	  0.0000e+00	  0.0000e+00	  0.0000e+00	  0.0000e+00	  0.0000e+00	
  6.6494e+00	  2.4443e-02	  7.1251e-04	  3.2223e-03	  3.7432e-03	  7.2822e-05	  3.1025e-02	  2.1414e-03	  5.0777e-04	  5.4830e-04	  8.3376e+03	  0.0000e+00	  0.0000e+00	  0.0000e+00	  0.0000e+00	  0.0000e+00	  0.0000e+00	
  6.6489e+00	  2.4450e-02	  7.1270e-04	  3.2242e-03	  3.7453e-03	  7.2814e-05	  3.1038e-02	  2.1428e-03	  5.0790e-04	  5.4911e-04	  8.3409e+03	  0.0000e+00	  0.0000e+00	  0.0000e+00	  0.0000e+00	  0.0000e+00	  0.0000e+00	
  6.6484e+00	  2.4457e-02	  7.1289e-04	  3.2260e-03	  3.7474e-03	  7.2807e-05	  3.1051e-02	  2.1442e-03	  5.0802e-04	  5.4989e-04	  8.3440e+03	  0.0000e+00	  0.0000e+00	  0.0000e+00	  0.0000e+00	  0.0000e+00	  0.0000e+00	
  6.6479e+00	  2.4464e-02	  7.1307e-04	  3.2277e-03	  3.7494e-03	  7.2800e-05	  3.1063e-02	  2.1455e-03	  5.0813e-04	  5.5064e-04	  8.3470e+03	  0.0000e+00	  0.0000e+00	  0.0000e+00	  0.0000e+00	  0.0000e+00	  0.0000e+00	
  6.6475e+00	  2.4470e-02	  7.1325e-04	  3.2294e-03	  3.7514e-03	  7.2793e-05	  3.1074e-02	  2.1468e-03	  5.0825e-04	  5.5137e-04	  8.3499e+03	  0.0000e+00	  0.0000e+00	  0.0000e+00	  0.0000e+00	  0.0000e+00	  0.0000e+00	
  6.6470e+00	  2.4477e-02	  7.1342e-04	  3.2310e-03	  3.7533e-03	  7.2786e-05	  3.1086e-02	  2.1481e-03	  5.0836e-04	  5.5207e-04	  8.3527e+03	  0.0000e+00	  0.0000e+00	  0.0000e+00	  0.0000e+00	  0.0000e+00	  0.0000e+00	
  6.6466e+00	  2.4483e-02	  7.1358e-04	  3.2326e-03	  3.7551e-03	  7.2780e-05	  3.1097e-02	  2.1493e-03	  5.0846e-04	  5.5274e-04	  8.3554e+03	  0.0000e+00	  0.0000e+00	  0.0000e+00	  0.0000e+00	  0.0000e+00	  0.0000e+00	
  6.6462e+00	  2.4489e-02	  7.1374e-04	  3.2341e-03	  3.7568e-03	  7.2773e-05	  3.1107e-02	  2.1504e-03	  5.0857e-04	  5.5340e-04	  8.3580e+03	  0.0000e+00	  0.0000e+00	  0.0000e+00	  0.0000e+00	  0.0000e+00	  0.0000e+00	
  6.6458e+00	  2.4494e-02	  7.1389e-04	  3.2356e-03	  3.7585e-03	  7.2768e-05	  3.1118e-02	  2.1515e-03	  5.0867e-04	  5.5403e-04	  8.3606e+03	  0.0000e+00	  0.0000e+00	  0.0000e+00	  0.0000e+00	  0.0000e+00	  0.0000e+00	
  6.6454e+00	  2.4500e-02	  7.1404e-04	  3.2370e-03	  3.7602e-03	  7.2762e-05	  3.1127e-02	  2.1526e-03	  5.0876e-04	  5.5464e-04	  8.3630e+03	  0.0000e+00	  0.0000e+00	  0.0000e+00	  0.0000e+00	  0.0000e+00	  0.0000e+00	
  6.6450e+00	  2.4505e-02	  7.1418e-04	  3.2384e-03	  3.7617e-03	  7.2756e-05	  3.1137e-02	  2.1536e-03	  5.0885e-04	  5.5523e-04	  8.3654e+03	  0.0000e+00	  0.0000e+00	  0.0000e+00	  0.0000e+00	  0.0000e+00	  0.0000e+00	
  6.6447e+00	  2.4510e-02	  7.1432e-04	  3.2397e-03	  3.7633e-03	  7.2751e-05	  3.1146e-02	  2.1546e-03	  5.0894e-04	  5.5579e-04	  8.3676e+03	  0.0000e+00	  0.0000e+00	  0.0000e+00	  0.0000e+00	  0.0000e+00	  0.0000e+00	
  6.6443e+00	  2.4515e-02	  7.1445e-04	  3.2410e-03	  3.7647e-03	  7.2746e-05	  3.1155e-02	  2.1556e-03	  5.0903e-04	  5.5634e-04	  8.3698e+03	  0.0000e+00	  0.0000e+00	  0.0000e+00	  0.0000e+00	  0.0000e+00	  0.0000e+00	
  6.6440e+00	  2.4520e-02	  7.1458e-04	  3.2422e-03	  3.7662e-03	  7.2741e-05	  3.1164e-02	  2.1565e-03	  5.0911e-04	  5.5687e-04	  8.3719e+03	  0.0000e+00	  0.0000e+00	  0.0000e+00	  0.0000e+00	  0.0000e+00	  0.0000e+00	
  6.6437e+00	  2.4525e-02	  7.1470e-04	  3.2434e-03	  3.7675e-03	  7.2736e-05	  3.1172e-02	  2.1574e-03	  5.0919e-04	  5.5738e-04	  8.3740e+03	  0.0000e+00	  0.0000e+00	  0.0000e+00	  0.0000e+00	  0.0000e+00	  0.0000e+00	
  6.6434e+00	  2.4529e-02	  7.1482e-04	  3.2446e-03	  3.7689e-03	  7.2731e-05	  3.1180e-02	  2.1583e-03	  5.0927e-04	  5.5788e-04	  8.3760e+03	  0.0000e+00	  0.0000e+00	  0.0000e+00	  0.0000e+00	  0.0000e+00	  0.0000e+00	
  6.6431e+00	  2.4533e-02	  7.1494e-04	  3.2457e-03	  3.7701e-03	  7.2727e-05	  3.1188e-02	  2.1592e-03	  5.0934e-04	  5.5835e-04	  8.3779e+03	  0.0000e+00	  0.0000e+00	  0.0000e+00	  0.0000e+00	  0.0000e+00	  0.0000e+00	
  6.6428e+00	  2.4538e-02	  7.1505e-04	  3.2467e-03	  3.7714e-03	  7.2723e-05	  3.1195e-02	  2.1600e-03	  5.0941e-04	  5.5881e-04	  8.3797e+03	  0.0000e+00	  0.0000e+00	  0.0000e+00	  0.0000e+00	  0.0000e+00	  0.0000e+00	
  6.6425e+00	  2.4542e-02	  7.1515e-04	  3.2478e-03	  3.7726e-03	  7.2718e-05	  3.1202e-02	  2.1608e-03	  5.0948e-04	  5.5926e-04	  8.3815e+03	  0.0000e+00	  0.0000e+00	  0.0000e+00	  0.0000e+00	  0.0000e+00	  0.0000e+00	
  6.6422e+00	  2.4545e-02	  7.1526e-04	  3.2488e-03	  3.7737e-03	  7.2714e-05	  3.1209e-02	  2.1615e-03	  5.0955e-04	  5.5969e-04	  8.3832e+03	  0.0000e+00	  0.0000e+00	  0.0000e+00	  0.0000e+00	  0.0000e+00	  0.0000e+00	
  6.6420e+00	  2.4549e-02	  7.1536e-04	  3.2497e-03	  3.7748e-03	  7.2710e-05	  3.1216e-02	  2.1622e-03	  5.0962e-04	  5.6010e-04	  8.3849e+03	  0.0000e+00	  0.0000e+00	  0.0000e+00	  0.0000e+00	  0.0000e+00	  0.0000e+00	
  6.6417e+00	  2.4553e-02	  7.1545e-04	  3.2507e-03	  3.7759e-03	  7.2707e-05	  3.1222e-02	  2.1629e-03	  5.0968e-04	  5.6050e-04	  8.3865e+03	  0.0000e+00	  0.0000e+00	  0.0000e+00	  0.0000e+00	  0.0000e+00	  0.0000e+00	
  6.6415e+00	  2.4556e-02	  7.1555e-04	  3.2516e-03	  3.7769e-03	  7.2703e-05	  3.1229e-02	  2.1636e-03	  5.0974e-04	  5.6089e-04	  8.3880e+03	  0.0000e+00	  0.0000e+00	  0.0000e+00	  0.0000e+00	  0.0000e+00	  0.0000e+00	
  6.6412e+00	  2.4560e-02	  7.1564e-04	  3.2524e-03	  3.7780e-03	  7.2700e-05	  3.1235e-02	  2.1643e-03	  5.0980e-04	  5.6126e-04	  8.3895e+03	  0.0000e+00	  0.0000e+00	  0.0000e+00	  0.0000e+00	  0.0000e+00	  0.0000e+00	
  6.6410e+00	  2.4563e-02	  7.1572e-04	  3.2533e-03	  3.7789e-03	  7.2696e-05	  3.1240e-02	  2.1649e-03	  5.0985e-04	  5.6162e-04	  8.3910e+03	  0.0000e+00	  0.0000e+00	  0.0000e+00	  0.0000e+00	  0.0000e+00	  0.0000e+00	
  6.6408e+00	  2.4566e-02	  7.1581e-04	  3.2541e-03	  3.7799e-03	  7.2693e-05	  3.1246e-02	  2.1655e-03	  5.0991e-04	  5.6197e-04	  8.3924e+03	  0.0000e+00	  0.0000e+00	  0.0000e+00	  0.0000e+00	  0.0000e+00	  0.0000e+00	
  6.6406e+00	  2.4569e-02	  7.1589e-04	  3.2549e-03	  3.7808e-03	  7.2690e-05	  3.1251e-02	  2.1661e-03	  5.0996e-04	  5.6230e-04	  8.3937e+03	  0.0000e+00	  0.0000e+00	  0.0000e+00	  0.0000e+00	  0.0000e+00	  0.0000e+00	
  6.6404e+00	  2.4572e-02	  7.1597e-04	  3.2556e-03	  3.7816e-03	  7.2687e-05	  3.1257e-02	  2.1667e-03	  5.1001e-04	  5.6262e-04	  8.3950e+03	  0.0000e+00	  0.0000e+00	  0.0000e+00	  0.0000e+00	  0.0000e+00	  0.0000e+00	
  6.6402e+00	  2.4575e-02	  7.1604e-04	  3.2564e-03	  3.7825e-03	  7.2684e-05	  3.1262e-02	  2.1673e-03	  5.1006e-04	  5.6294e-04	  8.3962e+03	  0.0000e+00	  0.0000e+00	  0.0000e+00	  0.0000e+00	  0.0000e+00	  0.0000e+00	
  6.6400e+00	  2.4578e-02	  7.1612e-04	  3.2571e-03	  3.7833e-03	  7.2681e-05	  3.1267e-02	  2.1678e-03	  5.1011e-04	  5.6324e-04	  8.3975e+03	  0.0000e+00	  0.0000e+00	  0.0000e+00	  0.0000e+00	  0.0000e+00	  0.0000e+00	
  6.6398e+00	  2.4580e-02	  7.1619e-04	  3.2577e-03	  3.7841e-03	  7.2678e-05	  3.1271e-02	  2.1683e-03	  5.1015e-04	  5.6353e-04	  8.3986e+03	  0.0000e+00	  0.0000e+00	  0.0000e+00	  0.0000e+00	  0.0000e+00	  0.0000e+00	
  6.6396e+00	  2.4583e-02	  7.1625e-04	  3.2584e-03	  3.7848e-03	  7.2676e-05	  3.1276e-02	  2.1688e-03	  5.1020e-04	  5.6381e-04	  8.3998e+03	  0.0000e+00	  0.0000e+00	  0.0000e+00	  0.0000e+00	  0.0000e+00	  0.0000e+00	
  6.6394e+00	  2.4585e-02	  7.1632e-04	  3.2590e-03	  3.7856e-03	  7.2673e-05	  3.1280e-02	  2.1693e-03	  5.1024e-04	  5.6408e-04	  8.4008e+03	  0.0000e+00	  0.0000e+00	  0.0000e+00	  0.0000e+00	  0.0000e+00	  0.0000e+00	
  6.6393e+00	  2.4588e-02	  7.1638e-04	  3.2596e-03	  3.7863e-03	  7.2671e-05	  3.1285e-02	  2.1697e-03	  5.1028e-04	  5.6435e-04	  8.4019e+03	  0.0000e+00	  0.0000e+00	  0.0000e+00	  0.0000e+00	  0.0000e+00	  0.0000e+00	
  6.6391e+00	  2.4590e-02	  7.1644e-04	  3.2602e-03	  3.7869e-03	  7.2668e-05	  3.1289e-02	  2.1702e-03	  5.1032e-04	  5.6460e-04	  8.4029e+03	  0.0000e+00	  0.0000e+00	  0.0000e+00	  0.0000e+00	  0.0000e+00	  0.0000e+00	
  6.6390e+00	  2.4592e-02	  7.1650e-04	  3.2608e-03	  3.7876e-03	  7.2666e-05	  3.1293e-02	  2.1706e-03	  5.1036e-04	  5.6484e-04	  8.4039e+03	  0.0000e+00	  0.0000e+00	  0.0000e+00	  0.0000e+00	  0.0000e+00	  0.0000e+00	
  6.6388e+00	  2.4594e-02	  7.1656e-04	  3.2614e-03	  3.7882e-03	  7.2664e-05	  3.1297e-02	  2.1710e-03	  5.1039e-04	  5.6508e-04	  8.4048e+03	  0.0000e+00	  0.0000e+00	  0.0000e+00	  0.0000e+00	  0.0000e+00	  0.0000e+00	
  6.6387e+00	  2.4596e-02	  7.1662e-04	  3.2619e-03	  3.7889e-03	  7.2662e-05	  3.1300e-02	  2.1714e-03	  5.1043e-04	  5.6531e-04	  8.4057e+03	  0.0000e+00	  0.0000e+00	  0.0000e+00	  0.0000e+00	  0.0000e+00	  0.0000e+00	
  6.6385e+00	  2.4598e-02	  7.1667e-04	  3.2624e-03	  3.7894e-03	  7.2660e-05	  3.1304e-02	  2.1718e-03	  5.1046e-04	  5.6553e-04	  8.4066e+03	  0.0000e+00	  0.0000e+00	  0.0000e+00	  0.0000e+00	  0.0000e+00	  0.0000e+00	
  6.6384e+00	  2.4600e-02	  7.1672e-04	  3.2629e-03	  3.7900e-03	  7.2658e-05	  3.1307e-02	  2.1722e-03	  5.1050e-04	  5.6574e-04	  8.4075e+03	  0.0000e+00	  0.0000e+00	  0.0000e+00	  0.0000e+00	  0.0000e+00	  0.0000e+00	
  6.6383e+00	  2.4602e-02	  7.1677e-04	  3.2634e-03	  3.7906e-03	  7.2656e-05	  3.1311e-02	  2.1726e-03	  5.1053e-04	  5.6595e-04	  8.4083e+03	  0.0000e+00	  0.0000e+00	  0.0000e+00	  0.0000e+00	  0.0000e+00	  0.0000e+00	
  6.6381e+00	  2.4604e-02	  7.1682e-04	  3.2638e-03	  3.7911e-03	  7.2654e-05	  3.1314e-02	  2.1729e-03	  5.1056e-04	  5.6615e-04	  8.4091e+03	  0.0000e+00	  0.0000e+00	  0.0000e+00	  0.0000e+00	  0.0000e+00	  0.0000e+00	
  6.6380e+00	  2.4606e-02	  7.1686e-04	  3.2643e-03	  3.7916e-03	  7.2652e-05	  3.1317e-02	  2.1733e-03	  5.1059e-04	  5.6634e-04	  8.4099e+03	  0.0000e+00	  0.0000e+00	  0.0000e+00	  0.0000e+00	  0.0000e+00	  0.0000e+00	
  6.6379e+00	  2.4607e-02	  7.1691e-04	  3.2647e-03	  3.7921e-03	  7.2651e-05	  3.1320e-02	  2.1736e-03	  5.1062e-04	  5.6652e-04	  8.4106e+03	  0.0000e+00	  0.0000e+00	  0.0000e+00	  0.0000e+00	  0.0000e+00	  0.0000e+00	
  6.6378e+00	  2.4609e-02	  7.1695e-04	  3.2651e-03	  3.7926e-03	  7.2649e-05	  3.1323e-02	  2.1739e-03	  5.1065e-04	  5.6670e-04	  8.4113e+03	  0.0000e+00	  0.0000e+00	  0.0000e+00	  0.0000e+00	  0.0000e+00	  0.0000e+00	
  6.6377e+00	  2.4610e-02	  7.1699e-04	  3.2655e-03	  3.7931e-03	  7.2647e-05	  3.1326e-02	  2.1742e-03	  5.1067e-04	  5.6687e-04	  8.4120e+03	  0.0000e+00	  0.0000e+00	  0.0000e+00	  0.0000e+00	  0.0000e+00	  0.0000e+00	
  6.6376e+00	  2.4612e-02	  7.1703e-04	  3.2659e-03	  3.7935e-03	  7.2646e-05	  3.1328e-02	  2.1745e-03	  5.1070e-04	  5.6704e-04	  8.4127e+03	  0.0000e+00	  0.0000e+00	  0.0000e+00	  0.0000e+00	  0.0000e+00	  0.0000e+00	
  6.6375e+00	  2.4613e-02	  7.1707e-04	  3.2663e-03	  3.7939e-03	  7.2644e-05	  3.1331e-02	  2.1748e-03	  5.1073e-04	  5.6720e-04	  8.4133e+03	  0.0000e+00	  0.0000e+00	  0.0000e+00	  0.0000e+00	  0.0000e+00	  0.0000e+00	
  6.6374e+00	  2.4615e-02	  7.1711e-04	  3.2667e-03	  3.7944e-03	  7.2643e-05	  3.1333e-02	  2.1751e-03	  5.1075e-04	  5.6735e-04	  8.4139e+03	  0.0000e+00	  0.0000e+00	  0.0000e+00	  0.0000e+00	  0.0000e+00	  0.0000e+00	
  6.6373e+00	  2.4616e-02	  7.1715e-04	  3.2670e-03	  3.7948e-03	  7.2641e-05	  3.1336e-02	  2.1753e-03	  5.1077e-04	  5.6750e-04	  8.4145e+03	  0.0000e+00	  0.0000e+00	  0.0000e+00	  0.0000e+00	  0.0000e+00	  0.0000e+00	
  6.6372e+00	  2.4617e-02	  7.1718e-04	  3.2674e-03	  3.7952e-03	  7.2640e-05	  3.1338e-02	  2.1756e-03	  5.1080e-04	  5.6765e-04	  8.4151e+03	  0.0000e+00	  0.0000e+00	  0.0000e+00	  0.0000e+00	  0.0000e+00	  0.0000e+00	
  6.6371e+00	  2.4619e-02	  7.1721e-04	  3.2677e-03	  3.7955e-03	  7.2639e-05	  3.1340e-02	  2.1758e-03	  5.1082e-04	  5.6779e-04	  8.4157e+03	  0.0000e+00	  0.0000e+00	  0.0000e+00	  0.0000e+00	  0.0000e+00	  0.0000e+00	
  6.6370e+00	  2.4620e-02	  7.1725e-04	  3.2680e-03	  3.7959e-03	  7.2637e-05	  3.1343e-02	  2.1761e-03	  5.1084e-04	  5.6792e-04	  8.4162e+03	  0.0000e+00	  0.0000e+00	  0.0000e+00	  0.0000e+00	  0.0000e+00	  0.0000e+00	
  6.6369e+00	  2.4621e-02	  7.1728e-04	  3.2683e-03	  3.7962e-03	  7.2636e-05	  3.1345e-02	  2.1763e-03	  5.1086e-04	  5.6805e-04	  8.4167e+03	  0.0000e+00	  0.0000e+00	  0.0000e+00	  0.0000e+00	  0.0000e+00	  0.0000e+00	
  6.6369e+00	  2.4622e-02	  7.1731e-04	  3.2686e-03	  3.7966e-03	  7.2635e-05	  3.1347e-02	  2.1765e-03	  5.1088e-04	  5.6818e-04	  8.4173e+03	  0.0000e+00	  0.0000e+00	  0.0000e+00	  0.0000e+00	  0.0000e+00	  0.0000e+00	
  6.6368e+00	  2.4623e-02	  7.1734e-04	  3.2689e-03	  3.7969e-03	  7.2634e-05	  3.1349e-02	  2.1767e-03	  5.1090e-04	  5.6830e-04	  8.4177e+03	  0.0000e+00	  0.0000e+00	  0.0000e+00	  0.0000e+00	  0.0000e+00	  0.0000e+00	
  6.6367e+00	  2.4624e-02	  7.1737e-04	  3.2691e-03	  3.7972e-03	  7.2633e-05	  3.1351e-02	  2.1769e-03	  5.1092e-04	  5.6842e-04	  8.4182e+03	  0.0000e+00	  0.0000e+00	  0.0000e+00	  0.0000e+00	  0.0000e+00	  0.0000e+00	
  6.6366e+00	  2.4625e-02	  7.1739e-04	  3.2694e-03	  3.7975e-03	  7.2632e-05	  3.1352e-02	  2.1771e-03	  5.1093e-04	  5.6853e-04	  8.4187e+03	  0.0000e+00	  0.0000e+00	  0.0000e+00	  0.0000e+00	  0.0000e+00	  0.0000e+00	
  6.6366e+00	  2.4626e-02	  7.1742e-04	  3.2697e-03	  3.7978e-03	  7.2631e-05	  3.1354e-02	  2.1773e-03	  5.1095e-04	  5.6864e-04	  8.4191e+03	  0.0000e+00	  0.0000e+00	  0.0000e+00	  0.0000e+00	  0.0000e+00	  0.0000e+00	
  6.6365e+00	  2.4627e-02	  7.1745e-04	  3.2699e-03	  3.7981e-03	  7.2630e-05	  3.1356e-02	  2.1775e-03	  5.1097e-04	  5.6875e-04	  8.4195e+03	  0.0000e+00	  0.0000e+00	  0.0000e+00	  0.0000e+00	  0.0000e+00	  0.0000e+00	
  6.6364e+00	  2.4628e-02	  7.1747e-04	  3.2702e-03	  3.7984e-03	  7.2629e-05	  3.1358e-02	  2.1777e-03	  5.1098e-04	  5.6885e-04	  8.4199e+03	  0.0000e+00	  0.0000e+00	  0.0000e+00	  0.0000e+00	  0.0000e+00	  0.0000e+00	
  6.6364e+00	  2.4629e-02	  7.1749e-04	  3.2704e-03	  3.7987e-03	  7.2628e-05	  3.1359e-02	  2.1779e-03	  5.1100e-04	  5.6895e-04	  8.4203e+03	  0.0000e+00	  0.0000e+00	  0.0000e+00	  0.0000e+00	  0.0000e+00	  0.0000e+00	
  6.6363e+00	  2.4630e-02	  7.1752e-04	  3.2706e-03	  3.7989e-03	  7.2627e-05	  3.1361e-02	  2.1780e-03	  5.1101e-04	  5.6904e-04	  8.4207e+03	  0.0000e+00	  0.0000e+00	  0.0000e+00	  0.0000e+00	  0.0000e+00	  0.0000e+00	
  6.6363e+00	  2.4631e-02	  7.1754e-04	  3.2708e-03	  3.7992e-03	  7.2626e-05	  3.1362e-02	  2.1782e-03	  5.1103e-04	  5.6913e-04	  8.4211e+03	  0.0000e+00	  0.0000e+00	  0.0000e+00	  0.0000e+00	  0.0000e+00	  0.0000e+00	
  6.6362e+00	  2.4632e-02	  7.1756e-04	  3.2710e-03	  3.7994e-03	  7.2625e-05	  3.1364e-02	  2.1783e-03	  5.1104e-04	  5.6922e-04	  8.4214e+03	  0.0000e+00	  0.0000e+00	  0.0000e+00	  0.0000e+00	  0.0000e+00	  0.0000e+00	
  6.6361e+00	  2.4632e-02	  7.1758e-04	  3.2712e-03	  3.7996e-03	  7.2625e-05	  3.1365e-02	  2.1785e-03	  5.1105e-04	  5.6931e-04	  8.4218e+03	  0.0000e+00	  0.0000e+00	  0.0000e+00	  0.0000e+00	  0.0000e+00	  0.0000e+00	
  6.6361e+00	  2.4633e-02	  7.1760e-04	  3.2714e-03	  3.7998e-03	  7.2624e-05	  3.1366e-02	  2.1786e-03	  5.1107e-04	  5.6939e-04	  8.4221e+03	  0.0000e+00	  0.0000e+00	  0.0000e+00	  0.0000e+00	  0.0000e+00	  0.0000e+00	
  6.6360e+00	  2.4634e-02	  7.1762e-04	  3.2716e-03	  3.8001e-03	  7.2623e-05	  3.1368e-02	  2.1788e-03	  5.1108e-04	  5.6947e-04	  8.4224e+03	  0.0000e+00	  0.0000e+00	  0.0000e+00	  0.0000e+00	  0.0000e+00	  0.0000e+00	
  6.6360e+00	  2.4635e-02	  7.1764e-04	  3.2718e-03	  3.8003e-03	  7.2622e-05	  3.1369e-02	  2.1789e-03	  5.1109e-04	  5.6955e-04	  8.4227e+03	  0.0000e+00	  0.0000e+00	  0.0000e+00	  0.0000e+00	  0.0000e+00	  0.0000e+00	
  6.6359e+00	  2.4635e-02	  7.1766e-04	  3.2720e-03	  3.8005e-03	  7.2622e-05	  3.1370e-02	  2.1791e-03	  5.1110e-04	  5.6962e-04	  8.4230e+03	  0.0000e+00	  0.0000e+00	  0.0000e+00	  0.0000e+00	  0.0000e+00	  0.0000e+00	
  6.6359e+00	  2.4636e-02	  7.1767e-04	  3.2721e-03	  3.8007e-03	  7.2621e-05	  3.1371e-02	  2.1792e-03	  5.1111e-04	  5.6969e-04	  8.4233e+03	  0.0000e+00	  0.0000e+00	  0.0000e+00	  0.0000e+00	  0.0000e+00	  0.0000e+00	
  6.6359e+00	  2.4636e-02	  7.1769e-04	  3.2723e-03	  3.8009e-03	  7.2620e-05	  3.1372e-02	  2.1793e-03	  5.1113e-04	  5.6976e-04	  8.4236e+03	  0.0000e+00	  0.0000e+00	  0.0000e+00	  0.0000e+00	  0.0000e+00	  0.0000e+00	
  6.6358e+00	  2.4637e-02	  7.1771e-04	  3.2724e-03	  3.8010e-03	  7.2620e-05	  3.1374e-02	  2.1794e-03	  5.1114e-04	  5.6983e-04	  8.4239e+03	  0.0000e+00	  0.0000e+00	  0.0000e+00	  0.0000e+00	  0.0000e+00	  0.0000e+00	
  6.6358e+00	  2.4638e-02	  7.1772e-04	  3.2726e-03	  3.8012e-03	  7.2619e-05	  3.1375e-02	  2.1795e-03	  5.1115e-04	  5.6989e-04	  8.4241e+03	  0.0000e+00	  0.0000e+00	  0.0000e+00	  0.0000e+00	  0.0000e+00	  0.0000e+00	
  6.6357e+00	  2.4638e-02	  7.1774e-04	  3.2727e-03	  3.8014e-03	  7.2619e-05	  3.1376e-02	  2.1796e-03	  5.1116e-04	  5.6996e-04	  8.4244e+03	  0.0000e+00	  0.0000e+00	  0.0000e+00	  0.0000e+00	  0.0000e+00	  0.0000e+00	
  6.6357e+00	  2.4639e-02	  7.1775e-04	  3.2729e-03	  3.8015e-03	  7.2618e-05	  3.1377e-02	  2.1797e-03	  5.1117e-04	  5.7002e-04	  8.4246e+03	  0.0000e+00	  0.0000e+00	  0.0000e+00	  0.0000e+00	  0.0000e+00	  0.0000e+00	
  6.6357e+00	  2.4639e-02	  7.1777e-04	  3.2730e-03	  3.8017e-03	  7.2618e-05	  3.1378e-02	  2.1799e-03	  5.1117e-04	  5.7007e-04	  8.4248e+03	  0.0000e+00	  0.0000e+00	  0.0000e+00	  0.0000e+00	  0.0000e+00	  0.0000e+00	
  6.6356e+00	  2.4640e-02	  7.1778e-04	  3.2732e-03	  3.8018e-03	  7.2617e-05	  3.1378e-02	  2.1800e-03	  5.1118e-04	  5.7013e-04	  8.4251e+03	  0.0000e+00	  0.0000e+00	  0.0000e+00	  0.0000e+00	  0.0000e+00	  0.0000e+00	
  6.6356e+00	  2.4640e-02	  7.1779e-04	  3.2733e-03	  3.8020e-03	  7.2617e-05	  3.1379e-02	  2.1800e-03	  5.1119e-04	  5.7018e-04	  8.4253e+03	  0.0000e+00	  0.0000e+00	  0.0000e+00	  0.0000e+00	  0.0000e+00	  0.0000e+00	
  6.6356e+00	  2.4641e-02	  7.1781e-04	  3.2734e-03	  3.8021e-03	  7.2616e-05	  3.1380e-02	  2.1801e-03	  5.1120e-04	  5.7024e-04	  8.4255e+03	  0.0000e+00	  0.0000e+00	  0.0000e+00	  0.0000e+00	  0.0000e+00	  0.0000e+00	
  6.6355e+00	  2.4641e-02	  7.1782e-04	  3.2735e-03	  3.8023e-03	  7.2616e-05	  3.1381e-02	  2.1802e-03	  5.1121e-04	  5.7029e-04	  8.4257e+03	  0.0000e+00	  0.0000e+00	  0.0000e+00	  0.0000e+00	  0.0000e+00	  0.0000e+00	
  6.6355e+00	  2.4642e-02	  7.1783e-04	  3.2736e-03	  3.8024e-03	  7.2615e-05	  3.1382e-02	  2.1803e-03	  5.1122e-04	  5.7034e-04	  8.4259e+03	  0.0000e+00	  0.0000e+00	  0.0000e+00	  0.0000e+00	  0.0000e+00	  0.0000e+00	
  6.6355e+00	  2.4642e-02	  7.1784e-04	  3.2737e-03	  3.8025e-03	  7.2615e-05	  3.1383e-02	  2.1804e-03	  5.1122e-04	  5.7038e-04	  8.4261e+03	  0.0000e+00	  0.0000e+00	  0.0000e+00	  0.0000e+00	  0.0000e+00	  0.0000e+00	
  6.6354e+00	  2.4642e-02	  7.1785e-04	  3.2738e-03	  3.8027e-03	  7.2614e-05	  3.1383e-02	  2.1805e-03	  5.1123e-04	  5.7043e-04	  8.4263e+03	  0.0000e+00	  0.0000e+00	  0.0000e+00	  0.0000e+00	  0.0000e+00	  0.0000e+00	
  6.6354e+00	  2.4643e-02	  7.1786e-04	  3.2740e-03	  3.8028e-03	  7.2614e-05	  3.1384e-02	  2.1806e-03	  5.1124e-04	  5.7047e-04	  8.4264e+03	  0.0000e+00	  0.0000e+00	  0.0000e+00	  0.0000e+00	  0.0000e+00	  0.0000e+00	
  6.6354e+00	  2.4643e-02	  7.1787e-04	  3.2741e-03	  3.8029e-03	  7.2613e-05	  3.1385e-02	  2.1806e-03	  5.1124e-04	  5.7051e-04	  8.4266e+03	  0.0000e+00	  0.0000e+00	  0.0000e+00	  0.0000e+00	  0.0000e+00	  0.0000e+00	
  6.6354e+00	  2.4644e-02	  7.1788e-04	  3.2741e-03	  3.8030e-03	  7.2613e-05	  3.1385e-02	  2.1807e-03	  5.1125e-04	  5.7056e-04	  8.4268e+03	  0.0000e+00	  0.0000e+00	  0.0000e+00	  0.0000e+00	  0.0000e+00	  0.0000e+00	
  6.6353e+00	  2.4644e-02	  7.1789e-04	  3.2742e-03	  3.8031e-03	  7.2613e-05	  3.1386e-02	  2.1808e-03	  5.1126e-04	  5.7060e-04	  8.4269e+03	  0.0000e+00	  0.0000e+00	  0.0000e+00	  0.0000e+00	  0.0000e+00	  0.0000e+00	
  6.6353e+00	  2.4644e-02	  7.1790e-04	  3.2743e-03	  3.8032e-03	  7.2612e-05	  3.1387e-02	  2.1808e-03	  5.1126e-04	  5.7063e-04	  8.4271e+03	  0.0000e+00	  0.0000e+00	  0.0000e+00	  0.0000e+00	  0.0000e+00	  0.0000e+00	
  6.6353e+00	  2.4645e-02	  7.1791e-04	  3.2744e-03	  3.8033e-03	  7.2612e-05	  3.1387e-02	  2.1809e-03	  5.1127e-04	  5.7067e-04	  8.4272e+03	  0.0000e+00	  0.0000e+00	  0.0000e+00	  0.0000e+00	  0.0000e+00	  0.0000e+00	
  6.6353e+00	  2.4645e-02	  7.1792e-04	  3.2745e-03	  3.8034e-03	  7.2612e-05	  3.1388e-02	  2.1810e-03	  5.1127e-04	  5.7071e-04	  8.4274e+03	  0.0000e+00	  0.0000e+00	  0.0000e+00	  0.0000e+00	  0.0000e+00	  0.0000e+00	
  6.6352e+00	  2.4645e-02	  7.1793e-04	  3.2746e-03	  3.8035e-03	  7.2611e-05	  3.1388e-02	  2.1810e-03	  5.1128e-04	  5.7074e-04	  8.4275e+03	  0.0000e+00	  0.0000e+00	  0.0000e+00	  0.0000e+00	  0.0000e+00	  0.0000e+00	
  6.6352e+00	  2.4646e-02	  7.1794e-04	  3.2747e-03	  3.8036e-03	  7.2611e-05	  3.1389e-02	  2.1811e-03	  5.1128e-04	  5.7077e-04	  8.4276e+03	  0.0000e+00	  0.0000e+00	  0.0000e+00	  0.0000e+00	  0.0000e+00	  0.0000e+00	
  6.6352e+00	  2.4646e-02	  7.1794e-04	  3.2747e-03	  3.8037e-03	  7.2611e-05	  3.1389e-02	  2.1811e-03	  5.1129e-04	  5.7081e-04	  8.4278e+03	  0.0000e+00	  0.0000e+00	  0.0000e+00	  0.0000e+00	  0.0000e+00	  0.0000e+00	
  6.6352e+00	  2.4646e-02	  7.1795e-04	  3.2748e-03	  3.8038e-03	  7.2610e-05	  3.1390e-02	  2.1812e-03	  5.1129e-04	  5.7084e-04	  8.4279e+03	  0.0000e+00	  0.0000e+00	  0.0000e+00	  0.0000e+00	  0.0000e+00	  0.0000e+00	
  6.6352e+00	  2.4646e-02	  7.1796e-04	  3.2749e-03	  3.8038e-03	  7.2610e-05	  3.1390e-02	  2.1813e-03	  5.1130e-04	  5.7087e-04	  8.4280e+03	  0.0000e+00	  0.0000e+00	  0.0000e+00	  0.0000e+00	  0.0000e+00	  0.0000e+00	
  6.6351e+00	  2.4647e-02	  7.1796e-04	  3.2749e-03	  3.8039e-03	  7.2610e-05	  3.1391e-02	  2.1813e-03	  5.1130e-04	  5.7090e-04	  8.4281e+03	  0.0000e+00	  0.0000e+00	  0.0000e+00	  0.0000e+00	  0.0000e+00	  0.0000e+00	
  6.6351e+00	  2.4647e-02	  7.1797e-04	  3.2750e-03	  3.8040e-03	  7.2610e-05	  3.1391e-02	  2.1814e-03	  5.1131e-04	  5.7092e-04	  8.4282e+03	  0.0000e+00	  0.0000e+00	  0.0000e+00	  0.0000e+00	  0.0000e+00	  0.0000e+00	
  6.6351e+00	  2.4647e-02	  7.1798e-04	  3.2751e-03	  3.8041e-03	  7.2609e-05	  3.1392e-02	  2.1814e-03	  5.1131e-04	  5.7095e-04	  8.4284e+03	  0.0000e+00	  0.0000e+00	  0.0000e+00	  0.0000e+00	  0.0000e+00	  0.0000e+00	
  6.6351e+00	  2.4647e-02	  7.1798e-04	  3.2751e-03	  3.8041e-03	  7.2609e-05	  3.1392e-02	  2.1814e-03	  5.1132e-04	  5.7098e-04	  8.4285e+03	  0.0000e+00	  0.0000e+00	  0.0000e+00	  0.0000e+00	  0.0000e+00	  0.0000e+00	
  6.6351e+00	  2.4648e-02	  7.1799e-04	  3.2752e-03	  3.8042e-03	  7.2609e-05	  3.1393e-02	  2.1815e-03	  5.1132e-04	  5.7100e-04	  8.4286e+03	  0.0000e+00	  0.0000e+00	  0.0000e+00	  0.0000e+00	  0.0000e+00	  0.0000e+00	
  6.6351e+00	  2.4648e-02	  7.1800e-04	  3.2752e-03	  3.8043e-03	  7.2609e-05	  3.1393e-02	  2.1815e-03	  5.1132e-04	  5.7103e-04	  8.4287e+03	  0.0000e+00	  0.0000e+00	  0.0000e+00	  0.0000e+00	  0.0000e+00	  0.0000e+00	
  6.6350e+00	  2.4648e-02	  7.1800e-04	  3.2753e-03	  3.8043e-03	  7.2608e-05	  3.1393e-02	  2.1816e-03	  5.1133e-04	  5.7105e-04	  8.4288e+03	  0.0000e+00	  0.0000e+00	  0.0000e+00	  0.0000e+00	  0.0000e+00	  0.0000e+00	
  6.6350e+00	  2.4648e-02	  7.1801e-04	  3.2754e-03	  3.8044e-03	  7.2608e-05	  3.1394e-02	  2.1816e-03	  5.1133e-04	  5.7107e-04	  8.4288e+03	  0.0000e+00	  0.0000e+00	  0.0000e+00	  0.0000e+00	  0.0000e+00	  0.0000e+00	
  6.6350e+00	  2.4649e-02	  7.1801e-04	  3.2754e-03	  3.8044e-03	  7.2608e-05	  3.1394e-02	  2.1817e-03	  5.1133e-04	  5.7109e-04	  8.4289e+03	  0.0000e+00	  0.0000e+00	  0.0000e+00	  0.0000e+00	  0.0000e+00	  0.0000e+00	
  6.6350e+00	  2.4649e-02	  7.1802e-04	  3.2755e-03	  3.8045e-03	  7.2608e-05	  3.1394e-02	  2.1817e-03	  5.1134e-04	  5.7111e-04	  8.4290e+03	  0.0000e+00	  0.0000e+00	  0.0000e+00	  0.0000e+00	  0.0000e+00	  0.0000e+00	
  6.6350e+00	  2.4649e-02	  7.1802e-04	  3.2755e-03	  3.8046e-03	  7.2608e-05	  3.1395e-02	  2.1817e-03	  5.1134e-04	  5.7113e-04	  8.4291e+03	  0.0000e+00	  0.0000e+00	  0.0000e+00	  0.0000e+00	  0.0000e+00	  0.0000e+00	
  6.6350e+00	  2.4649e-02	  7.1803e-04	  3.2755e-03	  3.8046e-03	  7.2608e-05	  3.1395e-02	  2.1818e-03	  5.1134e-04	  5.7115e-04	  8.4292e+03	  0.0000e+00	  0.0000e+00	  0.0000e+00	  0.0000e+00	  0.0000e+00	  0.0000e+00	
  6.6350e+00	  2.4649e-02	  7.1803e-04	  3.2756e-03	  3.8047e-03	  7.2607e-05	  3.1395e-02	  2.1818e-03	  5.1135e-04	  5.7117e-04	  8.4293e+03	  0.0000e+00	  0.0000e+00	  0.0000e+00	  0.0000e+00	  0.0000e+00	  0.0000e+00	
  6.6350e+00	  2.4649e-02	  7.1804e-04	  3.2756e-03	  3.8047e-03	  7.2607e-05	  3.1396e-02	  2.1818e-03	  5.1135e-04	  5.7119e-04	  8.4293e+03	  0.0000e+00	  0.0000e+00	  0.0000e+00	  0.0000e+00	  0.0000e+00	  0.0000e+00	
  6.6349e+00	  2.4650e-02	  7.1804e-04	  3.2757e-03	  3.8048e-03	  7.2607e-05	  3.1396e-02	  2.1819e-03	  5.1135e-04	  5.7121e-04	  8.4294e+03	  0.0000e+00	  0.0000e+00	  0.0000e+00	  0.0000e+00	  0.0000e+00	  0.0000e+00	
  6.6349e+00	  2.4650e-02	  7.1805e-04	  3.2757e-03	  3.8048e-03	  7.2607e-05	  3.1396e-02	  2.1819e-03	  5.1135e-04	  5.7123e-04	  8.4295e+03	  0.0000e+00	  0.0000e+00	  0.0000e+00	  0.0000e+00	  0.0000e+00	  0.0000e+00	
