          pH	          Na	           K	          Ca	          Mg	         PO4	          Cl	         SO4	         NH4	        HCO3	          sc	         FeS	      Pyrite	     Calcite	       CaPO4	      Fe3PO4	     CaMgCO3	
  6.9938e+00	  1.9626e-02	  5.8106e-04	  2.0738e-03	  2.4144e-03	  7.9906e-05	  2.2742e-02	  1.1922e-03	  4.2077e-04	  5.1194e-06	  6.2286e+03	  0.0000e+00	  0.0000e+00	  0.0000e+00	  0.0000e+00	  0.0000e+00	  0.0000e+00	
  6.9938e+00	  1.9626e-02	  5.8106e-04	  2.0738e-03	  2.4144e-03	  7.9906e-05	  2.2742e-02	  1.1922e-03	  4.2077e-04	  5.1194e-06	  6.2286e+03	  0.0000e+00	  0.0000e+00	  0.0000e+00	  0.0000e+00	  0.0000e+00	  0.0000e+00	
  6.9800e+00	  2.0002e-02	  5.9155e-04	  2.1569e-03	  2.5108e-03	  7.9095e-05	  2.3362e-02	  1.2717e-03	  4.2791e-04	  4.9746e-05	  6.3922e+03	  0.0000e+00	  0.0000e+00	  0.0000e+00	  0.0000e+00	  0.0000e+00	  0.0000e+00	
  6.9671e+00	  2.0360e-02	  6.0151e-04	  2.2373e-03	  2.6040e-03	  7.8360e-05	  2.3958e-02	  1.3471e-03	  4.3468e-04	  9.1118e-05	  6.5485e+03	  0.0000e+00	  0.0000e+00	  0.0000e+00	  0.0000e+00	  0.0000e+00	  0.0000e+00	
  6.9549e+00	  2.0702e-02	  6.1099e-04	  2.3152e-03	  2.6943e-03	  7.7687e-05	  2.4532e-02	  1.4187e-03	  4.4110e-04	  1.3050e-04	  6.6979e+03	  0.0000e+00	  0.0000e+00	  0.0000e+00	  0.0000e+00	  0.0000e+00	  0.0000e+00	
  6.9432e+00	  2.1029e-02	  6.2003e-04	  2.3906e-03	  2.7816e-03	  7.7071e-05	  2.5083e-02	  1.4867e-03	  4.4720e-04	  1.6803e-04	  6.8410e+03	  0.0000e+00	  0.0000e+00	  0.0000e+00	  0.0000e+00	  0.0000e+00	  0.0000e+00	
  6.9321e+00	  2.1341e-02	  6.2866e-04	  2.4637e-03	  2.8661e-03	  7.6504e-05	  2.5612e-02	  1.5514e-03	  4.5301e-04	  2.0384e-04	  6.9781e+03	  0.0000e+00	  0.0000e+00	  0.0000e+00	  0.0000e+00	  0.0000e+00	  0.0000e+00	
  6.9214e+00	  2.1640e-02	  6.3689e-04	  2.5344e-03	  2.9479e-03	  7.5982e-05	  2.6122e-02	  1.6131e-03	  4.5854e-04	  2.3804e-04	  7.1095e+03	  0.0000e+00	  0.0000e+00	  0.0000e+00	  0.0000e+00	  0.0000e+00	  0.0000e+00	
  6.9113e+00	  2.1927e-02	  6.4476e-04	  2.6028e-03	  3.0270e-03	  7.5499e-05	  2.6613e-02	  1.6720e-03	  4.6380e-04	  2.7072e-04	  7.2355e+03	  0.0000e+00	  0.0000e+00	  0.0000e+00	  0.0000e+00	  0.0000e+00	  0.0000e+00	
  6.9015e+00	  2.2201e-02	  6.5228e-04	  2.6691e-03	  3.1036e-03	  7.5051e-05	  2.7085e-02	  1.7282e-03	  4.6883e-04	  3.0199e-04	  7.3564e+03	  0.0000e+00	  0.0000e+00	  0.0000e+00	  0.0000e+00	  0.0000e+00	  0.0000e+00	
  6.8922e+00	  2.2465e-02	  6.5948e-04	  2.7332e-03	  3.1776e-03	  7.4635e-05	  2.7540e-02	  1.7820e-03	  4.7362e-04	  3.3193e-04	  7.4724e+03	  0.0000e+00	  0.0000e+00	  0.0000e+00	  0.0000e+00	  0.0000e+00	  0.0000e+00	
  6.8833e+00	  2.2717e-02	  6.6636e-04	  2.7952e-03	  3.2492e-03	  7.4247e-05	  2.7978e-02	  1.8334e-03	  4.7819e-04	  3.6060e-04	  7.5839e+03	  0.0000e+00	  0.0000e+00	  0.0000e+00	  0.0000e+00	  0.0000e+00	  0.0000e+00	
  6.8747e+00	  2.2959e-02	  6.7296e-04	  2.8552e-03	  3.3184e-03	  7.3886e-05	  2.8400e-02	  1.8826e-03	  4.8256e-04	  3.8807e-04	  7.6909e+03	  0.0000e+00	  0.0000e+00	  0.0000e+00	  0.0000e+00	  0.0000e+00	  0.0000e+00	
  6.8665e+00	  2.3192e-02	  6.7928e-04	  2.9132e-03	  3.3854e-03	  7.3549e-05	  2.8807e-02	  1.9298e-03	  4.8674e-04	  4.1442e-04	  7.7938e+03	  0.0000e+00	  0.0000e+00	  0.0000e+00	  0.0000e+00	  0.0000e+00	  0.0000e+00	
  6.8587e+00	  2.3415e-02	  6.8533e-04	  2.9693e-03	  3.4501e-03	  7.3233e-05	  2.9198e-02	  1.9750e-03	  4.9074e-04	  4.3970e-04	  7.8927e+03	  0.0000e+00	  0.0000e+00	  0.0000e+00	  0.0000e+00	  0.0000e+00	  0.0000e+00	
  6.8511e+00	  2.3630e-02	  6.9114e-04	  3.0236e-03	  3.5126e-03	  7.2937e-05	  2.9576e-02	  2.0184e-03	  4.9456e-04	  4.6396e-04	  7.9877e+03	  0.0000e+00	  0.0000e+00	  0.0000e+00	  0.0000e+00	  0.0000e+00	  0.0000e+00	
  6.8439e+00	  2.3836e-02	  6.9671e-04	  3.0761e-03	  3.5731e-03	  7.2659e-05	  2.9939e-02	  2.0600e-03	  4.9822e-04	  4.8725e-04	  8.0791e+03	  0.0000e+00	  0.0000e+00	  0.0000e+00	  0.0000e+00	  0.0000e+00	  0.0000e+00	
  6.8369e+00	  2.4034e-02	  7.0206e-04	  3.1268e-03	  3.6316e-03	  7.2398e-05	  3.0290e-02	  2.0999e-03	  5.0173e-04	  5.0962e-04	  8.1671e+03	  0.0000e+00	  0.0000e+00	  0.0000e+00	  0.0000e+00	  0.0000e+00	  0.0000e+00	
  6.8302e+00	  2.4224e-02	  7.0719e-04	  3.1759e-03	  3.6881e-03	  7.2152e-05	  3.0628e-02	  2.1383e-03	  5.0509e-04	  5.3111e-04	  8.2517e+03	  0.0000e+00	  0.0000e+00	  0.0000e+00	  0.0000e+00	  0.0000e+00	  0.0000e+00	
  6.8238e+00	  2.4407e-02	  7.1211e-04	  3.2233e-03	  3.7427e-03	  7.1921e-05	  3.0954e-02	  2.1751e-03	  5.0830e-04	  5.5177e-04	  8.3331e+03	  0.0000e+00	  0.0000e+00	  0.0000e+00	  0.0000e+00	  0.0000e+00	  0.0000e+00	
  6.8176e+00	  2.4583e-02	  7.1684e-04	  3.2691e-03	  3.7954e-03	  7.1702e-05	  3.1268e-02	  2.2105e-03	  5.1139e-04	  5.7163e-04	  8.4114e+03	  0.0000e+00	  0.0000e+00	  0.0000e+00	  0.0000e+00	  0.0000e+00	  0.0000e+00	
  6.8117e+00	  2.4752e-02	  7.2139e-04	  3.3135e-03	  3.8464e-03	  7.1496e-05	  3.1571e-02	  2.2445e-03	  5.1435e-04	  5.9073e-04	  8.4869e+03	  0.0000e+00	  0.0000e+00	  0.0000e+00	  0.0000e+00	  0.0000e+00	  0.0000e+00	
  6.8060e+00	  2.4915e-02	  7.2575e-04	  3.3563e-03	  3.8957e-03	  7.1301e-05	  3.1863e-02	  2.2772e-03	  5.1718e-04	  6.0909e-04	  8.5595e+03	  0.0000e+00	  0.0000e+00	  0.0000e+00	  0.0000e+00	  0.0000e+00	  0.0000e+00	
  6.8005e+00	  2.5072e-02	  7.2995e-04	  3.3977e-03	  3.9433e-03	  7.1117e-05	  3.2145e-02	  2.3087e-03	  5.1991e-04	  6.2676e-04	  8.6294e+03	  0.0000e+00	  0.0000e+00	  0.0000e+00	  0.0000e+00	  0.0000e+00	  0.0000e+00	
  6.7953e+00	  2.5223e-02	  7.3398e-04	  3.4377e-03	  3.9893e-03	  7.0942e-05	  3.2416e-02	  2.3390e-03	  5.2252e-04	  6.4376e-04	  8.6967e+03	  0.0000e+00	  0.0000e+00	  0.0000e+00	  0.0000e+00	  0.0000e+00	  0.0000e+00	
  6.7902e+00	  2.5368e-02	  7.3786e-04	  3.4764e-03	  4.0337e-03	  7.0777e-05	  3.2679e-02	  2.3681e-03	  5.2503e-04	  6.6013e-04	  8.7616e+03	  0.0000e+00	  0.0000e+00	  0.0000e+00	  0.0000e+00	  0.0000e+00	  0.0000e+00	
  6.7853e+00	  2.5508e-02	  7.4159e-04	  3.5138e-03	  4.0767e-03	  7.0620e-05	  3.2931e-02	  2.3961e-03	  5.2744e-04	  6.7588e-04	  8.8241e+03	  0.0000e+00	  0.0000e+00	  0.0000e+00	  0.0000e+00	  0.0000e+00	  0.0000e+00	
  6.7806e+00	  2.5643e-02	  7.4518e-04	  3.5499e-03	  4.1182e-03	  7.0471e-05	  3.3175e-02	  2.4231e-03	  5.2976e-04	  6.9104e-04	  8.8843e+03	  0.0000e+00	  0.0000e+00	  0.0000e+00	  0.0000e+00	  0.0000e+00	  0.0000e+00	
  6.7761e+00	  2.5773e-02	  7.4863e-04	  3.5848e-03	  4.1583e-03	  7.0329e-05	  3.3411e-02	  2.4491e-03	  5.3198e-04	  7.0564e-04	  8.9423e+03	  0.0000e+00	  0.0000e+00	  0.0000e+00	  0.0000e+00	  0.0000e+00	  0.0000e+00	
  6.7718e+00	  2.5897e-02	  7.5196e-04	  3.6185e-03	  4.1970e-03	  7.0194e-05	  3.3637e-02	  2.4741e-03	  5.3412e-04	  7.1970e-04	  8.9982e+03	  0.0000e+00	  0.0000e+00	  0.0000e+00	  0.0000e+00	  0.0000e+00	  0.0000e+00	
  6.7676e+00	  2.6018e-02	  7.5515e-04	  3.6511e-03	  4.2344e-03	  7.0066e-05	  3.3856e-02	  2.4982e-03	  5.3617e-04	  7.3324e-04	  9.0520e+03	  0.0000e+00	  0.0000e+00	  0.0000e+00	  0.0000e+00	  0.0000e+00	  0.0000e+00	
  6.7636e+00	  2.6134e-02	  7.5823e-04	  3.6825e-03	  4.2705e-03	  6.9944e-05	  3.4068e-02	  2.5214e-03	  5.3815e-04	  7.4629e-04	  9.1039e+03	  0.0000e+00	  0.0000e+00	  0.0000e+00	  0.0000e+00	  0.0000e+00	  0.0000e+00	
  6.7597e+00	  2.6245e-02	  7.6119e-04	  3.7129e-03	  4.3054e-03	  6.9828e-05	  3.4272e-02	  2.5437e-03	  5.4005e-04	  7.5886e-04	  9.1540e+03	  0.0000e+00	  0.0000e+00	  0.0000e+00	  0.0000e+00	  0.0000e+00	  0.0000e+00	
  6.7559e+00	  2.6353e-02	  7.6404e-04	  3.7423e-03	  4.3391e-03	  6.9718e-05	  3.4468e-02	  2.5653e-03	  5.4187e-04	  7.7097e-04	  9.2022e+03	  0.0000e+00	  0.0000e+00	  0.0000e+00	  0.0000e+00	  0.0000e+00	  0.0000e+00	
  6.7523e+00	  2.6457e-02	  7.6679e-04	  3.7707e-03	  4.3717e-03	  6.9612e-05	  3.4658e-02	  2.5860e-03	  5.4363e-04	  7.8263e-04	  9.2487e+03	  0.0000e+00	  0.0000e+00	  0.0000e+00	  0.0000e+00	  0.0000e+00	  0.0000e+00	
  6.7489e+00	  2.6557e-02	  7.6943e-04	  3.7981e-03	  4.4032e-03	  6.9512e-05	  3.4841e-02	  2.6060e-03	  5.4532e-04	  7.9388e-04	  9.2935e+03	  0.0000e+00	  0.0000e+00	  0.0000e+00	  0.0000e+00	  0.0000e+00	  0.0000e+00	
  6.7455e+00	  2.6653e-02	  7.7198e-04	  3.8246e-03	  4.4336e-03	  6.9416e-05	  3.5018e-02	  2.6252e-03	  5.4695e-04	  8.0472e-04	  9.3367e+03	  0.0000e+00	  0.0000e+00	  0.0000e+00	  0.0000e+00	  0.0000e+00	  0.0000e+00	
  6.7423e+00	  2.6746e-02	  7.7443e-04	  3.8502e-03	  4.4629e-03	  6.9324e-05	  3.5188e-02	  2.6438e-03	  5.4851e-04	  8.1516e-04	  9.3784e+03	  0.0000e+00	  0.0000e+00	  0.0000e+00	  0.0000e+00	  0.0000e+00	  0.0000e+00	
  6.7392e+00	  2.6836e-02	  7.7680e-04	  3.8750e-03	  4.4913e-03	  6.9236e-05	  3.5353e-02	  2.6617e-03	  5.5002e-04	  8.2523e-04	  9.4186e+03	  0.0000e+00	  0.0000e+00	  0.0000e+00	  0.0000e+00	  0.0000e+00	  0.0000e+00	
  6.7362e+00	  2.6922e-02	  7.7907e-04	  3.8988e-03	  4.5186e-03	  6.9153e-05	  3.5512e-02	  2.6790e-03	  5.5146e-04	  8.3494e-04	  9.4573e+03	  0.0000e+00	  0.0000e+00	  0.0000e+00	  0.0000e+00	  0.0000e+00	  0.0000e+00	
  6.7334e+00	  2.7005e-02	  7.8127e-04	  3.9219e-03	  4.5451e-03	  6.9073e-05	  3.5665e-02	  2.6956e-03	  5.5286e-04	  8.4430e-04	  9.4947e+03	  0.0000e+00	  0.0000e+00	  0.0000e+00	  0.0000e+00	  0.0000e+00	  0.0000e+00	
  6.7306e+00	  2.7085e-02	  7.8338e-04	  3.9442e-03	  4.5706e-03	  6.8996e-05	  3.5813e-02	  2.7116e-03	  5.5420e-04	  8.5332e-04	  9.5307e+03	  0.0000e+00	  0.0000e+00	  0.0000e+00	  0.0000e+00	  0.0000e+00	  0.0000e+00	
  6.7279e+00	  2.7163e-02	  7.8542e-04	  3.9657e-03	  4.5953e-03	  6.8923e-05	  3.5956e-02	  2.7271e-03	  5.5550e-04	  8.6202e-04	  9.5655e+03	  0.0000e+00	  0.0000e+00	  0.0000e+00	  0.0000e+00	  0.0000e+00	  0.0000e+00	
  6.7253e+00	  2.7237e-02	  7.8738e-04	  3.9865e-03	  4.6191e-03	  6.8853e-05	  3.6094e-02	  2.7420e-03	  5.5674e-04	  8.7041e-04	  9.5990e+03	  0.0000e+00	  0.0000e+00	  0.0000e+00	  0.0000e+00	  0.0000e+00	  0.0000e+00	
  6.7229e+00	  2.7309e-02	  7.8927e-04	  4.0066e-03	  4.6421e-03	  6.8786e-05	  3.6227e-02	  2.7564e-03	  5.5794e-04	  8.7850e-04	  9.6314e+03	  0.0000e+00	  0.0000e+00	  0.0000e+00	  0.0000e+00	  0.0000e+00	  0.0000e+00	
  6.7205e+00	  2.7379e-02	  7.9110e-04	  4.0260e-03	  4.6644e-03	  6.8721e-05	  3.6355e-02	  2.7702e-03	  5.5910e-04	  8.8631e-04	  9.6625e+03	  0.0000e+00	  0.0000e+00	  0.0000e+00	  0.0000e+00	  0.0000e+00	  0.0000e+00	
  6.7182e+00	  2.7446e-02	  7.9285e-04	  4.0447e-03	  4.6858e-03	  6.8660e-05	  3.6479e-02	  2.7836e-03	  5.6021e-04	  8.9383e-04	  9.6926e+03	  0.0000e+00	  0.0000e+00	  0.0000e+00	  0.0000e+00	  0.0000e+00	  0.0000e+00	
  6.7159e+00	  2.7510e-02	  7.9455e-04	  4.0628e-03	  4.7066e-03	  6.8601e-05	  3.6598e-02	  2.7965e-03	  5.6128e-04	  9.0109e-04	  9.7217e+03	  0.0000e+00	  0.0000e+00	  0.0000e+00	  0.0000e+00	  0.0000e+00	  0.0000e+00	
  6.7138e+00	  2.7573e-02	  7.9618e-04	  4.0803e-03	  4.7266e-03	  6.8544e-05	  3.6714e-02	  2.8090e-03	  5.6231e-04	  9.0809e-04	  9.7497e+03	  0.0000e+00	  0.0000e+00	  0.0000e+00	  0.0000e+00	  0.0000e+00	  0.0000e+00	
  6.7117e+00	  2.7633e-02	  7.9776e-04	  4.0972e-03	  4.7459e-03	  6.8490e-05	  3.6825e-02	  2.8210e-03	  5.6331e-04	  9.1484e-04	  9.7767e+03	  0.0000e+00	  0.0000e+00	  0.0000e+00	  0.0000e+00	  0.0000e+00	  0.0000e+00	
  6.7097e+00	  2.7691e-02	  7.9928e-04	  4.1135e-03	  4.7646e-03	  6.8438e-05	  3.6933e-02	  2.8325e-03	  5.6427e-04	  9.2136e-04	  9.8027e+03	  0.0000e+00	  0.0000e+00	  0.0000e+00	  0.0000e+00	  0.0000e+00	  0.0000e+00	
  6.7078e+00	  2.7746e-02	  8.0074e-04	  4.1292e-03	  4.7826e-03	  6.8388e-05	  3.7037e-02	  2.8437e-03	  5.6519e-04	  9.2764e-04	  9.8279e+03	  0.0000e+00	  0.0000e+00	  0.0000e+00	  0.0000e+00	  0.0000e+00	  0.0000e+00	
  6.7060e+00	  2.7800e-02	  8.0215e-04	  4.1445e-03	  4.8000e-03	  6.8340e-05	  3.7137e-02	  2.8545e-03	  5.6608e-04	  9.3371e-04	  9.8521e+03	  0.0000e+00	  0.0000e+00	  0.0000e+00	  0.0000e+00	  0.0000e+00	  0.0000e+00	
  6.7042e+00	  2.7852e-02	  8.0351e-04	  4.1591e-03	  4.8169e-03	  6.8294e-05	  3.7234e-02	  2.8649e-03	  5.6694e-04	  9.3955e-04	  9.8756e+03	  0.0000e+00	  0.0000e+00	  0.0000e+00	  0.0000e+00	  0.0000e+00	  0.0000e+00	
  6.7025e+00	  2.7903e-02	  8.0483e-04	  4.1733e-03	  4.8331e-03	  6.8250e-05	  3.7327e-02	  2.8749e-03	  5.6777e-04	  9.4520e-04	  9.8981e+03	  0.0000e+00	  0.0000e+00	  0.0000e+00	  0.0000e+00	  0.0000e+00	  0.0000e+00	
  6.7008e+00	  2.7951e-02	  8.0609e-04	  4.1870e-03	  4.8488e-03	  6.8208e-05	  3.7417e-02	  2.8846e-03	  5.6857e-04	  9.5064e-04	  9.9199e+03	  0.0000e+00	  0.0000e+00	  0.0000e+00	  0.0000e+00	  0.0000e+00	  0.0000e+00	
  6.6992e+00	  2.7998e-02	  8.0732e-04	  4.2003e-03	  4.8639e-03	  6.8167e-05	  3.7504e-02	  2.8939e-03	  5.6933e-04	  9.5589e-04	  9.9410e+03	  0.0000e+00	  0.0000e+00	  0.0000e+00	  0.0000e+00	  0.0000e+00	  0.0000e+00	
  6.6977e+00	  2.8043e-02	  8.0849e-04	  4.2131e-03	  4.8786e-03	  6.8128e-05	  3.7588e-02	  2.9029e-03	  5.7008e-04	  9.6096e-04	  9.9613e+03	  0.0000e+00	  0.0000e+00	  0.0000e+00	  0.0000e+00	  0.0000e+00	  0.0000e+00	
  6.6962e+00	  2.8086e-02	  8.0963e-04	  4.2254e-03	  4.8927e-03	  6.8090e-05	  3.7669e-02	  2.9116e-03	  5.7079e-04	  9.6585e-04	  9.9809e+03	  0.0000e+00	  0.0000e+00	  0.0000e+00	  0.0000e+00	  0.0000e+00	  0.0000e+00	
  6.6947e+00	  2.8128e-02	  8.1073e-04	  4.2373e-03	  4.9063e-03	  6.8054e-05	  3.7748e-02	  2.9200e-03	  5.7148e-04	  9.7057e-04	  9.9998e+03	  0.0000e+00	  0.0000e+00	  0.0000e+00	  0.0000e+00	  0.0000e+00	  0.0000e+00	
  6.6933e+00	  2.8169e-02	  8.1178e-04	  4.2488e-03	  4.9195e-03	  6.8020e-05	  3.7823e-02	  2.9281e-03	  5.7214e-04	  9.7513e-04	  1.0018e+04	  0.0000e+00	  0.0000e+00	  0.0000e+00	  0.0000e+00	  0.0000e+00	  0.0000e+00	
  6.6920e+00	  2.8208e-02	  8.1281e-04	  4.2600e-03	  4.9322e-03	  6.7986e-05	  3.7896e-02	  2.9359e-03	  5.7278e-04	  9.7952e-04	  1.0036e+04	  0.0000e+00	  0.0000e+00	  0.0000e+00	  0.0000e+00	  0.0000e+00	  0.0000e+00	
  6.6907e+00	  2.8246e-02	  8.1379e-04	  4.2707e-03	  4.9445e-03	  6.7954e-05	  3.7967e-02	  2.9434e-03	  5.7340e-04	  9.8376e-04	  1.0053e+04	  0.0000e+00	  0.0000e+00	  0.0000e+00	  0.0000e+00	  0.0000e+00	  0.0000e+00	
  6.6895e+00	  2.8282e-02	  8.1474e-04	  4.2811e-03	  4.9564e-03	  6.7923e-05	  3.8035e-02	  2.9507e-03	  5.7400e-04	  9.8785e-04	  1.0069e+04	  0.0000e+00	  0.0000e+00	  0.0000e+00	  0.0000e+00	  0.0000e+00	  0.0000e+00	
  6.6883e+00	  2.8317e-02	  8.1566e-04	  4.2911e-03	  4.9678e-03	  6.7894e-05	  3.8100e-02	  2.9577e-03	  5.7457e-04	  9.9180e-04	  1.0085e+04	  0.0000e+00	  0.0000e+00	  0.0000e+00	  0.0000e+00	  0.0000e+00	  0.0000e+00	
  6.6871e+00	  2.8351e-02	  8.1654e-04	  4.3008e-03	  4.9789e-03	  6.7865e-05	  3.8164e-02	  2.9645e-03	  5.7513e-04	  9.9562e-04	  1.0100e+04	  0.0000e+00	  0.0000e+00	  0.0000e+00	  0.0000e+00	  0.0000e+00	  0.0000e+00	
  6.6860e+00	  2.8384e-02	  8.1739e-04	  4.3101e-03	  4.9896e-03	  6.7838e-05	  3.8225e-02	  2.9710e-03	  5.7566e-04	  9.9929e-04	  1.0115e+04	  0.0000e+00	  0.0000e+00	  0.0000e+00	  0.0000e+00	  0.0000e+00	  0.0000e+00	
  6.6849e+00	  2.8415e-02	  8.1821e-04	  4.3191e-03	  4.9999e-03	  6.7811e-05	  3.8284e-02	  2.9773e-03	  5.7618e-04	  1.0028e-03	  1.0129e+04	  0.0000e+00	  0.0000e+00	  0.0000e+00	  0.0000e+00	  0.0000e+00	  0.0000e+00	
  6.6839e+00	  2.8446e-02	  8.1901e-04	  4.3278e-03	  5.0099e-03	  6.7786e-05	  3.8341e-02	  2.9834e-03	  5.7667e-04	  1.0063e-03	  1.0143e+04	  0.0000e+00	  0.0000e+00	  0.0000e+00	  0.0000e+00	  0.0000e+00	  0.0000e+00	
  6.6829e+00	  2.8475e-02	  8.1978e-04	  4.3362e-03	  5.0195e-03	  6.7761e-05	  3.8396e-02	  2.9893e-03	  5.7715e-04	  1.0096e-03	  1.0156e+04	  0.0000e+00	  0.0000e+00	  0.0000e+00	  0.0000e+00	  0.0000e+00	  0.0000e+00	
  6.6819e+00	  2.8503e-02	  8.2051e-04	  4.3444e-03	  5.0288e-03	  6.7738e-05	  3.8449e-02	  2.9950e-03	  5.7762e-04	  1.0128e-03	  1.0169e+04	  0.0000e+00	  0.0000e+00	  0.0000e+00	  0.0000e+00	  0.0000e+00	  0.0000e+00	
  6.6810e+00	  2.8531e-02	  8.2123e-04	  4.3522e-03	  5.0377e-03	  6.7715e-05	  3.8501e-02	  3.0004e-03	  5.7806e-04	  1.0159e-03	  1.0181e+04	  0.0000e+00	  0.0000e+00	  0.0000e+00	  0.0000e+00	  0.0000e+00	  0.0000e+00	
  6.6801e+00	  2.8557e-02	  8.2192e-04	  4.3598e-03	  5.0464e-03	  6.7693e-05	  3.8550e-02	  3.0057e-03	  5.7849e-04	  1.0188e-03	  1.0193e+04	  0.0000e+00	  0.0000e+00	  0.0000e+00	  0.0000e+00	  0.0000e+00	  0.0000e+00	
  6.6792e+00	  2.8583e-02	  8.2258e-04	  4.3671e-03	  5.0548e-03	  6.7672e-05	  3.8598e-02	  3.0108e-03	  5.7891e-04	  1.0217e-03	  1.0205e+04	  0.0000e+00	  0.0000e+00	  0.0000e+00	  0.0000e+00	  0.0000e+00	  0.0000e+00	
  6.6784e+00	  2.8607e-02	  8.2322e-04	  4.3742e-03	  5.0629e-03	  6.7652e-05	  3.8644e-02	  3.0157e-03	  5.7931e-04	  1.0245e-03	  1.0216e+04	  0.0000e+00	  0.0000e+00	  0.0000e+00	  0.0000e+00	  0.0000e+00	  0.0000e+00	
  6.6775e+00	  2.8631e-02	  8.2384e-04	  4.3810e-03	  5.0707e-03	  6.7633e-05	  3.8689e-02	  3.0205e-03	  5.7970e-04	  1.0271e-03	  1.0226e+04	  0.0000e+00	  0.0000e+00	  0.0000e+00	  0.0000e+00	  0.0000e+00	  0.0000e+00	
  6.6768e+00	  2.8654e-02	  8.2444e-04	  4.3876e-03	  5.0782e-03	  6.7614e-05	  3.8732e-02	  3.0251e-03	  5.8007e-04	  1.0297e-03	  1.0237e+04	  0.0000e+00	  0.0000e+00	  0.0000e+00	  0.0000e+00	  0.0000e+00	  0.0000e+00	
  6.6760e+00	  2.8676e-02	  8.2501e-04	  4.3939e-03	  5.0855e-03	  6.7596e-05	  3.8773e-02	  3.0295e-03	  5.8043e-04	  1.0322e-03	  1.0247e+04	  0.0000e+00	  0.0000e+00	  0.0000e+00	  0.0000e+00	  0.0000e+00	  0.0000e+00	
  6.6753e+00	  2.8698e-02	  8.2557e-04	  4.4001e-03	  5.0925e-03	  6.7578e-05	  3.8814e-02	  3.0338e-03	  5.8078e-04	  1.0346e-03	  1.0256e+04	  0.0000e+00	  0.0000e+00	  0.0000e+00	  0.0000e+00	  0.0000e+00	  0.0000e+00	
  6.6746e+00	  2.8718e-02	  8.2611e-04	  4.4060e-03	  5.0993e-03	  6.7562e-05	  3.8852e-02	  3.0379e-03	  5.8111e-04	  1.0369e-03	  1.0266e+04	  0.0000e+00	  0.0000e+00	  0.0000e+00	  0.0000e+00	  0.0000e+00	  0.0000e+00	
  6.6739e+00	  2.8738e-02	  8.2663e-04	  4.4118e-03	  5.1058e-03	  6.7545e-05	  3.8890e-02	  3.0419e-03	  5.8144e-04	  1.0392e-03	  1.0275e+04	  0.0000e+00	  0.0000e+00	  0.0000e+00	  0.0000e+00	  0.0000e+00	  0.0000e+00	
  6.6732e+00	  2.8758e-02	  8.2713e-04	  4.4173e-03	  5.1122e-03	  6.7530e-05	  3.8926e-02	  3.0457e-03	  5.8175e-04	  1.0413e-03	  1.0283e+04	  0.0000e+00	  0.0000e+00	  0.0000e+00	  0.0000e+00	  0.0000e+00	  0.0000e+00	
  6.6726e+00	  2.8776e-02	  8.2761e-04	  4.4226e-03	  5.1183e-03	  6.7515e-05	  3.8961e-02	  3.0494e-03	  5.8205e-04	  1.0434e-03	  1.0292e+04	  0.0000e+00	  0.0000e+00	  0.0000e+00	  0.0000e+00	  0.0000e+00	  0.0000e+00	
  6.6720e+00	  2.8794e-02	  8.2807e-04	  4.4278e-03	  5.1242e-03	  6.7500e-05	  3.8994e-02	  3.0530e-03	  5.8234e-04	  1.0455e-03	  1.0300e+04	  0.0000e+00	  0.0000e+00	  0.0000e+00	  0.0000e+00	  0.0000e+00	  0.0000e+00	
  6.6714e+00	  2.8811e-02	  8.2852e-04	  4.4328e-03	  5.1299e-03	  6.7486e-05	  3.9027e-02	  3.0565e-03	  5.8262e-04	  1.0474e-03	  1.0308e+04	  0.0000e+00	  0.0000e+00	  0.0000e+00	  0.0000e+00	  0.0000e+00	  0.0000e+00	
  6.6708e+00	  2.8828e-02	  8.2896e-04	  4.4376e-03	  5.1354e-03	  6.7473e-05	  3.9058e-02	  3.0598e-03	  5.8289e-04	  1.0493e-03	  1.0315e+04	  0.0000e+00	  0.0000e+00	  0.0000e+00	  0.0000e+00	  0.0000e+00	  0.0000e+00	
  6.6703e+00	  2.8844e-02	  8.2938e-04	  4.4422e-03	  5.1407e-03	  6.7460e-05	  3.9089e-02	  3.0630e-03	  5.8315e-04	  1.0511e-03	  1.0322e+04	  0.0000e+00	  0.0000e+00	  0.0000e+00	  0.0000e+00	  0.0000e+00	  0.0000e+00	
  6.6698e+00	  2.8860e-02	  8.2978e-04	  4.4467e-03	  5.1458e-03	  6.7448e-05	  3.9118e-02	  3.0661e-03	  5.8340e-04	  1.0528e-03	  1.0330e+04	  0.0000e+00	  0.0000e+00	  0.0000e+00	  0.0000e+00	  0.0000e+00	  0.0000e+00	
  6.6692e+00	  2.8875e-02	  8.3017e-04	  4.4510e-03	  5.1508e-03	  6.7435e-05	  3.9146e-02	  3.0692e-03	  5.8365e-04	  1.0545e-03	  1.0336e+04	  0.0000e+00	  0.0000e+00	  0.0000e+00	  0.0000e+00	  0.0000e+00	  0.0000e+00	
  6.6688e+00	  2.8889e-02	  8.3055e-04	  4.4552e-03	  5.1555e-03	  6.7424e-05	  3.9173e-02	  3.0721e-03	  5.8388e-04	  1.0562e-03	  1.0343e+04	  0.0000e+00	  0.0000e+00	  0.0000e+00	  0.0000e+00	  0.0000e+00	  0.0000e+00	
  6.6683e+00	  2.8903e-02	  8.3091e-04	  4.4593e-03	  5.1602e-03	  6.7413e-05	  3.9200e-02	  3.0749e-03	  5.8411e-04	  1.0577e-03	  1.0349e+04	  0.0000e+00	  0.0000e+00	  0.0000e+00	  0.0000e+00	  0.0000e+00	  0.0000e+00	
  6.6678e+00	  2.8917e-02	  8.3126e-04	  4.4632e-03	  5.1646e-03	  6.7402e-05	  3.9225e-02	  3.0776e-03	  5.8433e-04	  1.0593e-03	  1.0355e+04	  0.0000e+00	  0.0000e+00	  0.0000e+00	  0.0000e+00	  0.0000e+00	  0.0000e+00	
  6.6674e+00	  2.8930e-02	  8.3160e-04	  4.4669e-03	  5.1689e-03	  6.7392e-05	  3.9250e-02	  3.0802e-03	  5.8454e-04	  1.0607e-03	  1.0361e+04	  0.0000e+00	  0.0000e+00	  0.0000e+00	  0.0000e+00	  0.0000e+00	  0.0000e+00	
  6.6669e+00	  2.8942e-02	  8.3193e-04	  4.4706e-03	  5.1731e-03	  6.7381e-05	  3.9273e-02	  3.0827e-03	  5.8474e-04	  1.0621e-03	  1.0367e+04	  0.0000e+00	  0.0000e+00	  0.0000e+00	  0.0000e+00	  0.0000e+00	  0.0000e+00	
  6.6665e+00	  2.8955e-02	  8.3224e-04	  4.4741e-03	  5.1771e-03	  6.7372e-05	  3.9296e-02	  3.0851e-03	  5.8494e-04	  1.0635e-03	  1.0372e+04	  0.0000e+00	  0.0000e+00	  0.0000e+00	  0.0000e+00	  0.0000e+00	  0.0000e+00	
  6.6661e+00	  2.8966e-02	  8.3255e-04	  4.4775e-03	  5.1810e-03	  6.7363e-05	  3.9318e-02	  3.0875e-03	  5.8513e-04	  1.0648e-03	  1.0378e+04	  0.0000e+00	  0.0000e+00	  0.0000e+00	  0.0000e+00	  0.0000e+00	  0.0000e+00	
  6.6657e+00	  2.8978e-02	  8.3284e-04	  4.4808e-03	  5.1847e-03	  6.7354e-05	  3.9340e-02	  3.0897e-03	  5.8531e-04	  1.0661e-03	  1.0383e+04	  0.0000e+00	  0.0000e+00	  0.0000e+00	  0.0000e+00	  0.0000e+00	  0.0000e+00	
  6.6654e+00	  2.8989e-02	  8.3313e-04	  4.4839e-03	  5.1883e-03	  6.7345e-05	  3.9360e-02	  3.0919e-03	  5.8549e-04	  1.0673e-03	  1.0388e+04	  0.0000e+00	  0.0000e+00	  0.0000e+00	  0.0000e+00	  0.0000e+00	  0.0000e+00	
  6.6650e+00	  2.8999e-02	  8.3340e-04	  4.4870e-03	  5.1918e-03	  6.7336e-05	  3.9380e-02	  3.0940e-03	  5.8566e-04	  1.0685e-03	  1.0392e+04	  0.0000e+00	  0.0000e+00	  0.0000e+00	  0.0000e+00	  0.0000e+00	  0.0000e+00	
  6.6647e+00	  2.9009e-02	  8.3367e-04	  4.4899e-03	  5.1952e-03	  6.7328e-05	  3.9400e-02	  3.0961e-03	  5.8583e-04	  1.0697e-03	  1.0397e+04	  0.0000e+00	  0.0000e+00	  0.0000e+00	  0.0000e+00	  0.0000e+00	  0.0000e+00	
  6.6643e+00	  2.9019e-02	  8.3392e-04	  4.4928e-03	  5.1984e-03	  6.7321e-05	  3.9418e-02	  3.0980e-03	  5.8598e-04	  1.0708e-03	  1.0402e+04	  0.0000e+00	  0.0000e+00	  0.0000e+00	  0.0000e+00	  0.0000e+00	  0.0000e+00	
  6.6640e+00	  2.9029e-02	  8.3417e-04	  4.4955e-03	  5.2016e-03	  6.7313e-05	  3.9436e-02	  3.0999e-03	  5.8614e-04	  1.0719e-03	  1.0406e+04	  0.0000e+00	  0.0000e+00	  0.0000e+00	  0.0000e+00	  0.0000e+00	  0.0000e+00	
  6.6637e+00	  2.9038e-02	  8.3441e-04	  4.4982e-03	  5.2046e-03	  6.7306e-05	  3.9453e-02	  3.1018e-03	  5.8629e-04	  1.0729e-03	  1.0410e+04	  0.0000e+00	  0.0000e+00	  0.0000e+00	  0.0000e+00	  0.0000e+00	  0.0000e+00	
  6.6634e+00	  2.9047e-02	  8.3464e-04	  4.5007e-03	  5.2075e-03	  6.7299e-05	  3.9470e-02	  3.1035e-03	  5.8643e-04	  1.0739e-03	  1.0414e+04	  0.0000e+00	  0.0000e+00	  0.0000e+00	  0.0000e+00	  0.0000e+00	  0.0000e+00	
  6.6631e+00	  2.9055e-02	  8.3486e-04	  4.5032e-03	  5.2104e-03	  6.7292e-05	  3.9486e-02	  3.1053e-03	  5.8657e-04	  1.0749e-03	  1.0418e+04	  0.0000e+00	  0.0000e+00	  0.0000e+00	  0.0000e+00	  0.0000e+00	  0.0000e+00	
  6.6628e+00	  2.9064e-02	  8.3507e-04	  4.5056e-03	  5.2131e-03	  6.7286e-05	  3.9502e-02	  3.1069e-03	  5.8670e-04	  1.0758e-03	  1.0422e+04	  0.0000e+00	  0.0000e+00	  0.0000e+00	  0.0000e+00	  0.0000e+00	  0.0000e+00	
  6.6626e+00	  2.9072e-02	  8.3528e-04	  4.5079e-03	  5.2157e-03	  6.7279e-05	  3.9517e-02	  3.1085e-03	  5.8683e-04	  1.0767e-03	  1.0425e+04	  0.0000e+00	  0.0000e+00	  0.0000e+00	  0.0000e+00	  0.0000e+00	  0.0000e+00	
  6.6623e+00	  2.9079e-02	  8.3548e-04	  4.5101e-03	  5.2183e-03	  6.7273e-05	  3.9531e-02	  3.1100e-03	  5.8695e-04	  1.0775e-03	  1.0429e+04	  0.0000e+00	  0.0000e+00	  0.0000e+00	  0.0000e+00	  0.0000e+00	  0.0000e+00	
  6.6620e+00	  2.9087e-02	  8.3567e-04	  4.5123e-03	  5.2208e-03	  6.7268e-05	  3.9545e-02	  3.1115e-03	  5.8707e-04	  1.0784e-03	  1.0432e+04	  0.0000e+00	  0.0000e+00	  0.0000e+00	  0.0000e+00	  0.0000e+00	  0.0000e+00	
  6.6618e+00	  2.9094e-02	  8.3586e-04	  4.5144e-03	  5.2231e-03	  6.7262e-05	  3.9559e-02	  3.1130e-03	  5.8719e-04	  1.0792e-03	  1.0435e+04	  0.0000e+00	  0.0000e+00	  0.0000e+00	  0.0000e+00	  0.0000e+00	  0.0000e+00	
  6.6616e+00	  2.9101e-02	  8.3604e-04	  4.5164e-03	  5.2254e-03	  6.7256e-05	  3.9572e-02	  3.1144e-03	  5.8730e-04	  1.0800e-03	  1.0438e+04	  0.0000e+00	  0.0000e+00	  0.0000e+00	  0.0000e+00	  0.0000e+00	  0.0000e+00	
  6.6613e+00	  2.9108e-02	  8.3621e-04	  4.5183e-03	  5.2276e-03	  6.7251e-05	  3.9584e-02	  3.1157e-03	  5.8741e-04	  1.0807e-03	  1.0441e+04	  0.0000e+00	  0.0000e+00	  0.0000e+00	  0.0000e+00	  0.0000e+00	  0.0000e+00	
  6.6611e+00	  2.9114e-02	  8.3638e-04	  4.5202e-03	  5.2298e-03	  6.7246e-05	  3.9597e-02	  3.1170e-03	  5.8751e-04	  1.0814e-03	  1.0444e+04	  0.0000e+00	  0.0000e+00	  0.0000e+00	  0.0000e+00	  0.0000e+00	  0.0000e+00	
  6.6609e+00	  2.9120e-02	  8.3654e-04	  4.5220e-03	  5.2318e-03	  6.7241e-05	  3.9608e-02	  3.1182e-03	  5.8761e-04	  1.0822e-03	  1.0447e+04	  0.0000e+00	  0.0000e+00	  0.0000e+00	  0.0000e+00	  0.0000e+00	  0.0000e+00	
  6.6607e+00	  2.9126e-02	  8.3670e-04	  4.5238e-03	  5.2338e-03	  6.7237e-05	  3.9620e-02	  3.1194e-03	  5.8771e-04	  1.0828e-03	  1.0450e+04	  0.0000e+00	  0.0000e+00	  0.0000e+00	  0.0000e+00	  0.0000e+00	  0.0000e+00	
  6.6605e+00	  2.9132e-02	  8.3685e-04	  4.5254e-03	  5.2358e-03	  6.7232e-05	  3.9631e-02	  3.1206e-03	  5.8780e-04	  1.0835e-03	  1.0452e+04	  0.0000e+00	  0.0000e+00	  0.0000e+00	  0.0000e+00	  0.0000e+00	  0.0000e+00	
  6.6603e+00	  2.9138e-02	  8.3699e-04	  4.5271e-03	  5.2376e-03	  6.7228e-05	  3.9641e-02	  3.1217e-03	  5.8790e-04	  1.0841e-03	  1.0455e+04	  0.0000e+00	  0.0000e+00	  0.0000e+00	  0.0000e+00	  0.0000e+00	  0.0000e+00	
  6.6601e+00	  2.9143e-02	  8.3714e-04	  4.5286e-03	  5.2394e-03	  6.7223e-05	  3.9652e-02	  3.1228e-03	  5.8798e-04	  1.0847e-03	  1.0457e+04	  0.0000e+00	  0.0000e+00	  0.0000e+00	  0.0000e+00	  0.0000e+00	  0.0000e+00	
  6.6599e+00	  2.9148e-02	  8.3727e-04	  4.5302e-03	  5.2412e-03	  6.7219e-05	  3.9661e-02	  3.1239e-03	  5.8807e-04	  1.0853e-03	  1.0460e+04	  0.0000e+00	  0.0000e+00	  0.0000e+00	  0.0000e+00	  0.0000e+00	  0.0000e+00	
  6.6598e+00	  2.9153e-02	  8.3740e-04	  4.5316e-03	  5.2428e-03	  6.7215e-05	  3.9671e-02	  3.1249e-03	  5.8815e-04	  1.0859e-03	  1.0462e+04	  0.0000e+00	  0.0000e+00	  0.0000e+00	  0.0000e+00	  0.0000e+00	  0.0000e+00	
  6.6596e+00	  2.9158e-02	  8.3753e-04	  4.5330e-03	  5.2444e-03	  6.7212e-05	  3.9680e-02	  3.1258e-03	  5.8823e-04	  1.0864e-03	  1.0464e+04	  0.0000e+00	  0.0000e+00	  0.0000e+00	  0.0000e+00	  0.0000e+00	  0.0000e+00	
  6.6595e+00	  2.9163e-02	  8.3765e-04	  4.5344e-03	  5.2460e-03	  6.7208e-05	  3.9689e-02	  3.1268e-03	  5.8830e-04	  1.0870e-03	  1.0466e+04	  0.0000e+00	  0.0000e+00	  0.0000e+00	  0.0000e+00	  0.0000e+00	  0.0000e+00	
  6.6593e+00	  2.9168e-02	  8.3777e-04	  4.5357e-03	  5.2475e-03	  6.7204e-05	  3.9698e-02	  3.1277e-03	  5.8838e-04	  1.0875e-03	  1.0468e+04	  0.0000e+00	  0.0000e+00	  0.0000e+00	  0.0000e+00	  0.0000e+00	  0.0000e+00	
  6.6591e+00	  2.9172e-02	  8.3788e-04	  4.5370e-03	  5.2490e-03	  6.7201e-05	  3.9706e-02	  3.1286e-03	  5.8845e-04	  1.0880e-03	  1.0470e+04	  0.0000e+00	  0.0000e+00	  0.0000e+00	  0.0000e+00	  0.0000e+00	  0.0000e+00	
  6.6590e+00	  2.9176e-02	  8.3799e-04	  4.5382e-03	  5.2504e-03	  6.7198e-05	  3.9714e-02	  3.1294e-03	  5.8852e-04	  1.0884e-03	  1.0472e+04	  0.0000e+00	  0.0000e+00	  0.0000e+00	  0.0000e+00	  0.0000e+00	  0.0000e+00	
  6.6589e+00	  2.9180e-02	  8.3810e-04	  4.5394e-03	  5.2517e-03	  6.7194e-05	  3.9722e-02	  3.1302e-03	  5.8858e-04	  1.0889e-03	  1.0474e+04	  0.0000e+00	  0.0000e+00	  0.0000e+00	  0.0000e+00	  0.0000e+00	  0.0000e+00	
  6.6587e+00	  2.9184e-02	  8.3820e-04	  4.5406e-03	  5.2530e-03	  6.7191e-05	  3.9729e-02	  3.1310e-03	  5.8864e-04	  1.0894e-03	  1.0476e+04	  0.0000e+00	  0.0000e+00	  0.0000e+00	  0.0000e+00	  0.0000e+00	  0.0000e+00	
  6.6586e+00	  2.9188e-02	  8.3830e-04	  4.5417e-03	  5.2543e-03	  6.7188e-05	  3.9736e-02	  3.1318e-03	  5.8871e-04	  1.0898e-03	  1.0478e+04	  0.0000e+00	  0.0000e+00	  0.0000e+00	  0.0000e+00	  0.0000e+00	  0.0000e+00	
  6.6585e+00	  2.9192e-02	  8.3840e-04	  4.5427e-03	  5.2555e-03	  6.7186e-05	  3.9743e-02	  3.1325e-03	  5.8877e-04	  1.0902e-03	  1.0479e+04	  0.0000e+00	  0.0000e+00	  0.0000e+00	  0.0000e+00	  0.0000e+00	  0.0000e+00	
  6.6584e+00	  2.9195e-02	  8.3849e-04	  4.5438e-03	  5.2567e-03	  6.7183e-05	  3.9750e-02	  3.1332e-03	  5.8882e-04	  1.0906e-03	  1.0481e+04	  0.0000e+00	  0.0000e+00	  0.0000e+00	  0.0000e+00	  0.0000e+00	  0.0000e+00	
  6.6582e+00	  2.9199e-02	  8.3858e-04	  4.5448e-03	  5.2578e-03	  6.7180e-05	  3.9756e-02	  3.1339e-03	  5.8888e-04	  1.0910e-03	  1.0483e+04	  0.0000e+00	  0.0000e+00	  0.0000e+00	  0.0000e+00	  0.0000e+00	  0.0000e+00	
  6.6581e+00	  2.9202e-02	  8.3866e-04	  4.5457e-03	  5.2589e-03	  6.7178e-05	  3.9763e-02	  3.1346e-03	  5.8893e-04	  1.0914e-03	  1.0484e+04	  0.0000e+00	  0.0000e+00	  0.0000e+00	  0.0000e+00	  0.0000e+00	  0.0000e+00	
  6.6580e+00	  2.9205e-02	  8.3875e-04	  4.5467e-03	  5.2600e-03	  6.7175e-05	  3.9769e-02	  3.1352e-03	  5.8898e-04	  1.0917e-03	  1.0485e+04	  0.0000e+00	  0.0000e+00	  0.0000e+00	  0.0000e+00	  0.0000e+00	  0.0000e+00	
  6.6579e+00	  2.9208e-02	  8.3883e-04	  4.5476e-03	  5.2610e-03	  6.7173e-05	  3.9775e-02	  3.1359e-03	  5.8903e-04	  1.0921e-03	  1.0487e+04	  0.0000e+00	  0.0000e+00	  0.0000e+00	  0.0000e+00	  0.0000e+00	  0.0000e+00	
  6.6578e+00	  2.9211e-02	  8.3890e-04	  4.5484e-03	  5.2620e-03	  6.7170e-05	  3.9780e-02	  3.1365e-03	  5.8908e-04	  1.0924e-03	  1.0488e+04	  0.0000e+00	  0.0000e+00	  0.0000e+00	  0.0000e+00	  0.0000e+00	  0.0000e+00	
  6.6577e+00	  2.9214e-02	  8.3898e-04	  4.5493e-03	  5.2630e-03	  6.7168e-05	  3.9786e-02	  3.1370e-03	  5.8913e-04	  1.0927e-03	  1.0490e+04	  0.0000e+00	  0.0000e+00	  0.0000e+00	  0.0000e+00	  0.0000e+00	  0.0000e+00	
  6.6576e+00	  2.9217e-02	  8.3905e-04	  4.5501e-03	  5.2639e-03	  6.7166e-05	  3.9791e-02	  3.1376e-03	  5.8917e-04	  1.0930e-03	  1.0491e+04	  0.0000e+00	  0.0000e+00	  0.0000e+00	  0.0000e+00	  0.0000e+00	  0.0000e+00	
  6.6575e+00	  2.9220e-02	  8.3912e-04	  4.5508e-03	  5.2648e-03	  6.7164e-05	  3.9796e-02	  3.1381e-03	  5.8922e-04	  1.0933e-03	  1.0492e+04	  0.0000e+00	  0.0000e+00	  0.0000e+00	  0.0000e+00	  0.0000e+00	  0.0000e+00	
  6.6574e+00	  2.9222e-02	  8.3919e-04	  4.5516e-03	  5.2657e-03	  6.7162e-05	  3.9801e-02	  3.1386e-03	  5.8926e-04	  1.0936e-03	  1.0493e+04	  0.0000e+00	  0.0000e+00	  0.0000e+00	  0.0000e+00	  0.0000e+00	  0.0000e+00	
  6.6574e+00	  2.9225e-02	  8.3925e-04	  4.5523e-03	  5.2665e-03	  6.7160e-05	  3.9806e-02	  3.1391e-03	  5.8930e-04	  1.0939e-03	  1.0494e+04	  0.0000e+00	  0.0000e+00	  0.0000e+00	  0.0000e+00	  0.0000e+00	  0.0000e+00	
  6.6573e+00	  2.9227e-02	  8.3931e-04	  4.5530e-03	  5.2673e-03	  6.7158e-05	  3.9810e-02	  3.1396e-03	  5.8934e-04	  1.0942e-03	  1.0495e+04	  0.0000e+00	  0.0000e+00	  0.0000e+00	  0.0000e+00	  0.0000e+00	  0.0000e+00	
  6.6572e+00	  2.9230e-02	  8.3937e-04	  4.5537e-03	  5.2681e-03	  6.7156e-05	  3.9815e-02	  3.1401e-03	  5.8937e-04	  1.0945e-03	  1.0496e+04	  0.0000e+00	  0.0000e+00	  0.0000e+00	  0.0000e+00	  0.0000e+00	  0.0000e+00	
  6.6571e+00	  2.9232e-02	  8.3943e-04	  4.5544e-03	  5.2688e-03	  6.7154e-05	  3.9819e-02	  3.1405e-03	  5.8941e-04	  1.0947e-03	  1.0497e+04	  0.0000e+00	  0.0000e+00	  0.0000e+00	  0.0000e+00	  0.0000e+00	  0.0000e+00	
  6.6570e+00	  2.9234e-02	  8.3949e-04	  4.5550e-03	  5.2695e-03	  6.7153e-05	  3.9823e-02	  3.1410e-03	  5.8945e-04	  1.0950e-03	  1.0498e+04	  0.0000e+00	  0.0000e+00	  0.0000e+00	  0.0000e+00	  0.0000e+00	  0.0000e+00	
  6.6570e+00	  2.9236e-02	  8.3954e-04	  4.5556e-03	  5.2702e-03	  6.7151e-05	  3.9827e-02	  3.1414e-03	  5.8948e-04	  1.0952e-03	  1.0499e+04	  0.0000e+00	  0.0000e+00	  0.0000e+00	  0.0000e+00	  0.0000e+00	  0.0000e+00	
  6.6569e+00	  2.9238e-02	  8.3960e-04	  4.5562e-03	  5.2709e-03	  6.7150e-05	  3.9831e-02	  3.1418e-03	  5.8951e-04	  1.0954e-03	  1.0500e+04	  0.0000e+00	  0.0000e+00	  0.0000e+00	  0.0000e+00	  0.0000e+00	  0.0000e+00	
  6.6568e+00	  2.9240e-02	  8.3965e-04	  4.5568e-03	  5.2716e-03	  6.7148e-05	  3.9835e-02	  3.1422e-03	  5.8954e-04	  1.0956e-03	  1.0501e+04	  0.0000e+00	  0.0000e+00	  0.0000e+00	  0.0000e+00	  0.0000e+00	  0.0000e+00	
  6.6568e+00	  2.9242e-02	  8.3970e-04	  4.5573e-03	  5.2722e-03	  6.7147e-05	  3.9838e-02	  3.1426e-03	  5.8957e-04	  1.0959e-03	  1.0502e+04	  0.0000e+00	  0.0000e+00	  0.0000e+00	  0.0000e+00	  0.0000e+00	  0.0000e+00	
  6.6567e+00	  2.9244e-02	  8.3974e-04	  4.5578e-03	  5.2728e-03	  6.7145e-05	  3.9842e-02	  3.1429e-03	  5.8960e-04	  1.0961e-03	  1.0503e+04	  0.0000e+00	  0.0000e+00	  0.0000e+00	  0.0000e+00	  0.0000e+00	  0.0000e+00	
  6.6567e+00	  2.9246e-02	  8.3979e-04	  4.5584e-03	  5.2734e-03	  6.7144e-05	  3.9845e-02	  3.1433e-03	  5.8963e-04	  1.0963e-03	  1.0504e+04	  0.0000e+00	  0.0000e+00	  0.0000e+00	  0.0000e+00	  0.0000e+00	  0.0000e+00	
  6.6566e+00	  2.9247e-02	  8.3983e-04	  4.5589e-03	  5.2739e-03	  6.7143e-05	  3.9848e-02	  3.1436e-03	  5.8966e-04	  1.0964e-03	  1.0504e+04	  0.0000e+00	  0.0000e+00	  0.0000e+00	  0.0000e+00	  0.0000e+00	  0.0000e+00	
  6.6565e+00	  2.9249e-02	  8.3988e-04	  4.5593e-03	  5.2745e-03	  6.7141e-05	  3.9851e-02	  3.1440e-03	  5.8969e-04	  1.0966e-03	  1.0505e+04	  0.0000e+00	  0.0000e+00	  0.0000e+00	  0.0000e+00	  0.0000e+00	  0.0000e+00	
  6.6565e+00	  2.9251e-02	  8.3992e-04	  4.5598e-03	  5.2750e-03	  6.7140e-05	  3.9854e-02	  3.1443e-03	  5.8971e-04	  1.0968e-03	  1.0506e+04	  0.0000e+00	  0.0000e+00	  0.0000e+00	  0.0000e+00	  0.0000e+00	  0.0000e+00	
  6.6564e+00	  2.9252e-02	  8.3996e-04	  4.5602e-03	  5.2755e-03	  6.7139e-05	  3.9857e-02	  3.1446e-03	  5.8974e-04	  1.0970e-03	  1.0507e+04	  0.0000e+00	  0.0000e+00	  0.0000e+00	  0.0000e+00	  0.0000e+00	  0.0000e+00	
  6.6564e+00	  2.9254e-02	  8.4000e-04	  4.5607e-03	  5.2760e-03	  6.7138e-05	  3.9860e-02	  3.1449e-03	  5.8976e-04	  1.0972e-03	  1.0507e+04	  0.0000e+00	  0.0000e+00	  0.0000e+00	  0.0000e+00	  0.0000e+00	  0.0000e+00	
  6.6563e+00	  2.9255e-02	  8.4003e-04	  4.5611e-03	  5.2765e-03	  6.7137e-05	  3.9863e-02	  3.1452e-03	  5.8978e-04	  1.0973e-03	  1.0508e+04	  0.0000e+00	  0.0000e+00	  0.0000e+00	  0.0000e+00	  0.0000e+00	  0.0000e+00	
  6.6563e+00	  2.9256e-02	  8.4007e-04	  4.5615e-03	  5.2769e-03	  6.7136e-05	  3.9865e-02	  3.1455e-03	  5.8980e-04	  1.0975e-03	  1.0509e+04	  0.0000e+00	  0.0000e+00	  0.0000e+00	  0.0000e+00	  0.0000e+00	  0.0000e+00	
  6.6562e+00	  2.9258e-02	  8.4010e-04	  4.5619e-03	  5.2774e-03	  6.7134e-05	  3.9868e-02	  3.1457e-03	  5.8983e-04	  1.0976e-03	  1.0509e+04	  0.0000e+00	  0.0000e+00	  0.0000e+00	  0.0000e+00	  0.0000e+00	  0.0000e+00	
  6.6562e+00	  2.9259e-02	  8.4014e-04	  4.5622e-03	  5.2778e-03	  6.7133e-05	  3.9870e-02	  3.1460e-03	  5.8985e-04	  1.0978e-03	  1.0510e+04	  0.0000e+00	  0.0000e+00	  0.0000e+00	  0.0000e+00	  0.0000e+00	  0.0000e+00	
  6.6562e+00	  2.9260e-02	  8.4017e-04	  4.5626e-03	  5.2782e-03	  6.7133e-05	  3.9873e-02	  3.1462e-03	  5.8987e-04	  1.0979e-03	  1.0510e+04	  0.0000e+00	  0.0000e+00	  0.0000e+00	  0.0000e+00	  0.0000e+00	  0.0000e+00	
  6.6561e+00	  2.9262e-02	  8.4020e-04	  4.5630e-03	  5.2786e-03	  6.7132e-05	  3.9875e-02	  3.1465e-03	  5.8989e-04	  1.0980e-03	  1.0511e+04	  0.0000e+00	  0.0000e+00	  0.0000e+00	  0.0000e+00	  0.0000e+00	  0.0000e+00	
  6.6561e+00	  2.9263e-02	  8.4023e-04	  4.5633e-03	  5.2790e-03	  6.7131e-05	  3.9877e-02	  3.1467e-03	  5.8990e-04	  1.0982e-03	  1.0511e+04	  0.0000e+00	  0.0000e+00	  0.0000e+00	  0.0000e+00	  0.0000e+00	  0.0000e+00	
  6.6560e+00	  2.9264e-02	  8.4026e-04	  4.5636e-03	  5.2794e-03	  6.7130e-05	  3.9879e-02	  3.1469e-03	  5.8992e-04	  1.0983e-03	  1.0512e+04	  0.0000e+00	  0.0000e+00	  0.0000e+00	  0.0000e+00	  0.0000e+00	  0.0000e+00	
  6.6560e+00	  2.9265e-02	  8.4029e-04	  4.5639e-03	  5.2797e-03	  6.7129e-05	  3.9881e-02	  3.1471e-03	  5.8994e-04	  1.0984e-03	  1.0512e+04	  0.0000e+00	  0.0000e+00	  0.0000e+00	  0.0000e+00	  0.0000e+00	  0.0000e+00	
  6.6560e+00	  2.9266e-02	  8.4031e-04	  4.5642e-03	  5.2801e-03	  6.7128e-05	  3.9883e-02	  3.1473e-03	  5.8996e-04	  1.0985e-03	  1.0513e+04	  0.0000e+00	  0.0000e+00	  0.0000e+00	  0.0000e+00	  0.0000e+00	  0.0000e+00	
  6.6559e+00	  2.9267e-02	  8.4034e-04	  4.5645e-03	  5.2804e-03	  6.7127e-05	  3.9885e-02	  3.1475e-03	  5.8997e-04	  1.0986e-03	  1.0513e+04	  0.0000e+00	  0.0000e+00	  0.0000e+00	  0.0000e+00	  0.0000e+00	  0.0000e+00	
  6.6559e+00	  2.9268e-02	  8.4037e-04	  4.5648e-03	  5.2807e-03	  6.7127e-05	  3.9887e-02	  3.1477e-03	  5.8999e-04	  1.0988e-03	  1.0514e+04	  0.0000e+00	  0.0000e+00	  0.0000e+00	  0.0000e+00	  0.0000e+00	  0.0000e+00	
  6.6559e+00	  2.9269e-02	  8.4039e-04	  4.5651e-03	  5.2811e-03	  6.7126e-05	  3.9889e-02	  3.1479e-03	  5.9000e-04	  1.0989e-03	  1.0514e+04	  0.0000e+00	  0.0000e+00	  0.0000e+00	  0.0000e+00	  0.0000e+00	  0.0000e+00	
  6.6558e+00	  2.9270e-02	  8.4041e-04	  4.5653e-03	  5.2814e-03	  6.7125e-05	  3.9890e-02	  3.1481e-03	  5.9002e-04	  1.0990e-03	  1.0515e+04	  0.0000e+00	  0.0000e+00	  0.0000e+00	  0.0000e+00	  0.0000e+00	  0.0000e+00	
  6.6558e+00	  2.9271e-02	  8.4044e-04	  4.5656e-03	  5.2817e-03	  6.7125e-05	  3.9892e-02	  3.1483e-03	  5.9003e-04	  1.0991e-03	  1.0515e+04	  0.0000e+00	  0.0000e+00	  0.0000e+00	  0.0000e+00	  0.0000e+00	  0.0000e+00	
  6.6558e+00	  2.9271e-02	  8.4046e-04	  4.5658e-03	  5.2819e-03	  6.7124e-05	  3.9894e-02	  3.1485e-03	  5.9005e-04	  1.0992e-03	  1.0515e+04	  0.0000e+00	  0.0000e+00	  0.0000e+00	  0.0000e+00	  0.0000e+00	  0.0000e+00	
  6.6557e+00	  2.9272e-02	  8.4048e-04	  4.5661e-03	  5.2822e-03	  6.7123e-05	  3.9895e-02	  3.1486e-03	  5.9006e-04	  1.0992e-03	  1.0516e+04	  0.0000e+00	  0.0000e+00	  0.0000e+00	  0.0000e+00	  0.0000e+00	  0.0000e+00	
  6.6557e+00	  2.9273e-02	  8.4050e-04	  4.5663e-03	  5.2825e-03	  6.7123e-05	  3.9897e-02	  3.1488e-03	  5.9007e-04	  1.0993e-03	  1.0516e+04	  0.0000e+00	  0.0000e+00	  0.0000e+00	  0.0000e+00	  0.0000e+00	  0.0000e+00	
  6.6557e+00	  2.9274e-02	  8.4052e-04	  4.5665e-03	  5.2827e-03	  6.7122e-05	  3.9898e-02	  3.1489e-03	  5.9008e-04	  1.0994e-03	  1.0516e+04	  0.0000e+00	  0.0000e+00	  0.0000e+00	  0.0000e+00	  0.0000e+00	  0.0000e+00	
  6.6557e+00	  2.9275e-02	  8.4054e-04	  4.5667e-03	  5.2830e-03	  6.7122e-05	  3.9899e-02	  3.1491e-03	  5.9010e-04	  1.0995e-03	  1.0517e+04	  0.0000e+00	  0.0000e+00	  0.0000e+00	  0.0000e+00	  0.0000e+00	  0.0000e+00	
  6.6556e+00	  2.9275e-02	  8.4056e-04	  4.5670e-03	  5.2832e-03	  6.7121e-05	  3.9901e-02	  3.1492e-03	  5.9011e-04	  1.0996e-03	  1.0517e+04	  0.0000e+00	  0.0000e+00	  0.0000e+00	  0.0000e+00	  0.0000e+00	  0.0000e+00	
  6.6556e+00	  2.9276e-02	  8.4057e-04	  4.5672e-03	  5.2834e-03	  6.7120e-05	  3.9902e-02	  3.1494e-03	  5.9012e-04	  1.0997e-03	  1.0517e+04	  0.0000e+00	  0.0000e+00	  0.0000e+00	  0.0000e+00	  0.0000e+00	  0.0000e+00	
  6.6556e+00	  2.9277e-02	  8.4059e-04	  4.5673e-03	  5.2836e-03	  6.7120e-05	  3.9903e-02	  3.1495e-03	  5.9013e-04	  1.0997e-03	  1.0518e+04	  0.0000e+00	  0.0000e+00	  0.0000e+00	  0.0000e+00	  0.0000e+00	  0.0000e+00	
  6.6556e+00	  2.9277e-02	  8.4061e-04	  4.5675e-03	  5.2839e-03	  6.7119e-05	  3.9905e-02	  3.1496e-03	  5.9014e-04	  1.0998e-03	  1.0518e+04	  0.0000e+00	  0.0000e+00	  0.0000e+00	  0.0000e+00	  0.0000e+00	  0.0000e+00	
  6.6556e+00	  2.9278e-02	  8.4062e-04	  4.5677e-03	  5.2841e-03	  6.7119e-05	  3.9906e-02	  3.1497e-03	  5.9015e-04	  1.0999e-03	  1.0518e+04	  0.0000e+00	  0.0000e+00	  0.0000e+00	  0.0000e+00	  0.0000e+00	  0.0000e+00	
  6.6555e+00	  2.9278e-02	  8.4064e-04	  4.5679e-03	  5.2843e-03	  6.7119e-05	  3.9907e-02	  3.1499e-03	  5.9016e-04	  1.0999e-03	  1.0519e+04	  0.0000e+00	  0.0000e+00	  0.0000e+00	  0.0000e+00	  0.0000e+00	  0.0000e+00	
  6.6555e+00	  2.9279e-02	  8.4065e-04	  4.5681e-03	  5.2845e-03	  6.7118e-05	  3.9908e-02	  3.1500e-03	  5.9017e-04	  1.1000e-03	  1.0519e+04	  0.0000e+00	  0.0000e+00	  0.0000e+00	  0.0000e+00	  0.0000e+00	  0.0000e+00	
  6.6555e+00	  2.9280e-02	  8.4067e-04	  4.5682e-03	  5.2846e-03	  6.7118e-05	  3.9909e-02	  3.1501e-03	  5.9018e-04	  1.1001e-03	  1.0519e+04	  0.0000e+00	  0.0000e+00	  0.0000e+00	  0.0000e+00	  0.0000e+00	  0.0000e+00	
  6.6555e+00	  2.9280e-02	  8.4068e-04	  4.5684e-03	  5.2848e-03	  6.7117e-05	  3.9910e-02	  3.1502e-03	  5.9019e-04	  1.1001e-03	  1.0519e+04	  0.0000e+00	  0.0000e+00	  0.0000e+00	  0.0000e+00	  0.0000e+00	  0.0000e+00	
  6.6555e+00	  2.9281e-02	  8.4070e-04	  4.5685e-03	  5.2850e-03	  6.7117e-05	  3.9911e-02	  3.1503e-03	  5.9019e-04	  1.1002e-03	  1.0519e+04	  0.0000e+00	  0.0000e+00	  0.0000e+00	  0.0000e+00	  0.0000e+00	  0.0000e+00	
  6.6554e+00	  2.9281e-02	  8.4071e-04	  4.5687e-03	  5.2852e-03	  6.7116e-05	  3.9912e-02	  3.1504e-03	  5.9020e-04	  1.1002e-03	  1.0520e+04	  0.0000e+00	  0.0000e+00	  0.0000e+00	  0.0000e+00	  0.0000e+00	  0.0000e+00	
  6.6554e+00	  2.9282e-02	  8.4072e-04	  4.5688e-03	  5.2853e-03	  6.7116e-05	  3.9913e-02	  3.1505e-03	  5.9021e-04	  1.1003e-03	  1.0520e+04	  0.0000e+00	  0.0000e+00	  0.0000e+00	  0.0000e+00	  0.0000e+00	  0.0000e+00	
  6.6554e+00	  2.9282e-02	  8.4073e-04	  4.5689e-03	  5.2855e-03	  6.7116e-05	  3.9914e-02	  3.1506e-03	  5.9022e-04	  1.1004e-03	  1.0520e+04	  0.0000e+00	  0.0000e+00	  0.0000e+00	  0.0000e+00	  0.0000e+00	  0.0000e+00	
  6.6554e+00	  2.9283e-02	  8.4075e-04	  4.5691e-03	  5.2856e-03	  6.7115e-05	  3.9915e-02	  3.1507e-03	  5.9022e-04	  1.1004e-03	  1.0520e+04	  0.0000e+00	  0.0000e+00	  0.0000e+00	  0.0000e+00	  0.0000e+00	  0.0000e+00	
  6.6554e+00	  2.9283e-02	  8.4076e-04	  4.5692e-03	  5.2858e-03	  6.7115e-05	  3.9915e-02	  3.1508e-03	  5.9023e-04	  1.1005e-03	  1.0521e+04	  0.0000e+00	  0.0000e+00	  0.0000e+00	  0.0000e+00	  0.0000e+00	  0.0000e+00	
  6.6554e+00	  2.9283e-02	  8.4077e-04	  4.5693e-03	  5.2859e-03	  6.7115e-05	  3.9916e-02	  3.1508e-03	  5.9024e-04	  1.1005e-03	  1.0521e+04	  0.0000e+00	  0.0000e+00	  0.0000e+00	  0.0000e+00	  0.0000e+00	  0.0000e+00	
  6.6554e+00	  2.9284e-02	  8.4078e-04	  4.5694e-03	  5.2860e-03	  6.7114e-05	  3.9917e-02	  3.1509e-03	  5.9024e-04	  1.1005e-03	  1.0521e+04	  0.0000e+00	  0.0000e+00	  0.0000e+00	  0.0000e+00	  0.0000e+00	  0.0000e+00	
  6.6553e+00	  2.9284e-02	  8.4079e-04	  4.5696e-03	  5.2862e-03	  6.7114e-05	  3.9918e-02	  3.1510e-03	  5.9025e-04	  1.1006e-03	  1.0521e+04	  0.0000e+00	  0.0000e+00	  0.0000e+00	  0.0000e+00	  0.0000e+00	  0.0000e+00	
  6.6553e+00	  2.9285e-02	  8.4080e-04	  4.5697e-03	  5.2863e-03	  6.7114e-05	  3.9918e-02	  3.1511e-03	  5.9026e-04	  1.1006e-03	  1.0521e+04	  0.0000e+00	  0.0000e+00	  0.0000e+00	  0.0000e+00	  0.0000e+00	  0.0000e+00	
  6.6553e+00	  2.9285e-02	  8.4081e-04	  4.5698e-03	  5.2864e-03	  6.7114e-05	  3.9919e-02	  3.1512e-03	  5.9026e-04	  1.1007e-03	  1.0521e+04	  0.0000e+00	  0.0000e+00	  0.0000e+00	  0.0000e+00	  0.0000e+00	  0.0000e+00	
  6.6553e+00	  2.9285e-02	  8.4082e-04	  4.5699e-03	  5.2865e-03	  6.7113e-05	  3.9920e-02	  3.1512e-03	  5.9027e-04	  1.1007e-03	  1.0522e+04	  0.0000e+00	  0.0000e+00	  0.0000e+00	  0.0000e+00	  0.0000e+00	  0.0000e+00	
  6.6553e+00	  2.9286e-02	  8.4082e-04	  4.5700e-03	  5.2866e-03	  6.7113e-05	  3.9920e-02	  3.1513e-03	  5.9027e-04	  1.1008e-03	  1.0522e+04	  0.0000e+00	  0.0000e+00	  0.0000e+00	  0.0000e+00	  0.0000e+00	  0.0000e+00	
  6.6553e+00	  2.9286e-02	  8.4083e-04	  4.5701e-03	  5.2867e-03	  6.7113e-05	  3.9921e-02	  3.1514e-03	  5.9028e-04	  1.1008e-03	  1.0522e+04	  0.0000e+00	  0.0000e+00	  0.0000e+00	  0.0000e+00	  0.0000e+00	  0.0000e+00	
  6.6553e+00	  2.9286e-02	  8.4084e-04	  4.5702e-03	  5.2869e-03	  6.7112e-05	  3.9922e-02	  3.1514e-03	  5.9028e-04	  1.1008e-03	  1.0522e+04	  0.0000e+00	  0.0000e+00	  0.0000e+00	  0.0000e+00	  0.0000e+00	  0.0000e+00	
  6.6553e+00	  2.9287e-02	  8.4085e-04	  4.5702e-03	  5.2870e-03	  6.7112e-05	  3.9922e-02	  3.1515e-03	  5.9029e-04	  1.1009e-03	  1.0522e+04	  0.0000e+00	  0.0000e+00	  0.0000e+00	  0.0000e+00	  0.0000e+00	  0.0000e+00	
  6.6553e+00	  2.9287e-02	  8.4086e-04	  4.5703e-03	  5.2871e-03	  6.7112e-05	  3.9923e-02	  3.1515e-03	  5.9029e-04	  1.1009e-03	  1.0522e+04	  0.0000e+00	  0.0000e+00	  0.0000e+00	  0.0000e+00	  0.0000e+00	  0.0000e+00	
  6.6552e+00	  2.9287e-02	  8.4086e-04	  4.5704e-03	  5.2871e-03	  6.7112e-05	  3.9923e-02	  3.1516e-03	  5.9030e-04	  1.1009e-03	  1.0522e+04	  0.0000e+00	  0.0000e+00	  0.0000e+00	  0.0000e+00	  0.0000e+00	  0.0000e+00	
