        Time	          pH	       Ozero	          HS	         CH4	        CO2g	         CO2	          SC	        fsl1	        fsl2	        fsl3	        fsl4	         POM	         MOM	         QOM	         DOM	          BA	          EP	          EM	          IC	       Total	     OrgAcid	        Aero	        SulR	        Meth	       Caero	       Csulr	       Cmeth	          Na	           K	          Ca	          Mg	         PO4	          Cl	         SO4	         NH4	        HCO3	         FeS	      Pyrite	
  0.0000e+00	  6.9509e+00	  2.5557e-04	  1.0001e-07	  0.0000e+00	  0.0000e+00	  9.0006e-06	  1.0504e+02	  7.6982e-01	  9.7338e-01	  9.9060e-01	  9.9999e-01	  0.0000e+00	  0.0000e+00	  0.0000e+00	  0.0000e+00	  0.0000e+00	  0.0000e+00	  0.0000e+00	  0.0000e+00	  0.0000e+00	  0.0000e+00	  0.0000e+00	  0.0000e+00	  0.0000e+00	  0.0000e+00	  0.0000e+00	  0.0000e+00	  1.1401e-04	  2.8002e-05	  1.8275e-04	  7.9006e-05	  5.0003e-06	  1.3301e-04	  4.0003e-06	  3.8003e-05	  9.0006e-06	  0.0000e+00	  0.0000e+00	
  0.0000e+00	  6.9509e+00	  2.5557e-04	  1.0001e-07	  0.0000e+00	  0.0000e+00	  9.0006e-06	  1.0504e+02	  7.6982e-01	  9.7338e-01	  9.9060e-01	  9.9999e-01	  0.0000e+00	  0.0000e+00	  0.0000e+00	  0.0000e+00	  0.0000e+00	  0.0000e+00	  0.0000e+00	  0.0000e+00	  0.0000e+00	  0.0000e+00	  0.0000e+00	  0.0000e+00	  0.0000e+00	  0.0000e+00	  0.0000e+00	  0.0000e+00	  1.1401e-04	  2.8002e-05	  1.8275e-04	  7.9006e-05	  5.0003e-06	  1.3301e-04	  4.0003e-06	  3.8003e-05	  9.0006e-06	  0.0000e+00	  0.0000e+00	
  1.0000e+00	  6.5893e+00	  1.2096e-08	  6.6226e-06	  1.4320e-05	  3.4749e-04	  9.3015e-04	  8.4406e+02	  4.2236e-01	  8.2286e-01	  9.3336e-01	  9.9943e-01	  4.5659e+00	  1.5974e+01	  1.7583e+00	  2.1288e-01	  6.4159e-01	  5.2531e-02	  5.2531e-02	  3.6881e-01	  2.3115e+01	  4.5873e-02	  1.0106e+00	  1.0000e+00	  1.0000e+00	  2.5868e-02	  8.6830e-05	  0.0000e+00	  3.3655e-04	  6.7240e-05	  1.0891e-03	  4.8507e-04	  1.1528e-04	  1.9035e-03	  1.7990e-04	  8.8560e-05	  9.3015e-04	  0.0000e+00	  1.4179e-03	
  2.0000e+00	  6.5337e+00	  3.0024e-10	  1.0109e-05	  1.4325e-05	  4.0287e-04	  1.0056e-03	  1.2804e+03	  3.5043e-01	  7.5459e-01	  9.0343e-01	  9.9882e-01	  4.4254e+00	  1.6047e+01	  1.7529e+00	  6.9202e-02	  7.0610e-01	  5.3157e-02	  5.3157e-02	  4.9178e-01	  2.2992e+01	  7.4326e-02	  1.0106e+00	  1.0000e+00	  1.0000e+00	  2.5874e-02	  4.6940e-04	  0.0000e+00	  4.8938e-04	  8.3160e-05	  1.6243e-03	  7.2493e-04	  9.0223e-05	  3.2706e-03	  2.8440e-04	  1.0652e-04	  1.0056e-03	  0.0000e+00	  1.4498e-03	
  3.0000e+00	  6.5043e+00	  1.4875e-10	  1.3504e-05	  1.4329e-05	  4.5945e-04	  1.1095e-03	  1.6603e+03	  3.0859e-01	  7.0390e-01	  8.7914e-01	  9.9814e-01	  4.2877e+00	  1.6119e+01	  1.7487e+00	  3.7267e-02	  7.3047e-01	  5.3823e-02	  5.3823e-02	  5.5893e-01	  2.2925e+01	  8.7001e-02	  1.0106e+00	  1.0001e+00	  1.0000e+00	  2.5876e-02	  1.1222e-03	  0.0000e+00	  6.4422e-04	  9.6077e-05	  2.1005e-03	  9.3906e-04	  7.5911e-05	  4.4767e-03	  3.6402e-04	  1.1980e-04	  1.1095e-03	  0.0000e+00	  1.5468e-03	
  4.0000e+00	  6.4872e+00	  1.0029e-10	  1.8039e-05	  1.4333e-05	  5.1646e-04	  1.2266e-03	  2.0069e+03	  2.7988e-01	  6.6335e-01	  8.5823e-01	  9.9741e-01	  4.1525e+00	  1.6190e+01	  1.7447e+00	  3.2090e-02	  7.4445e-01	  5.4507e-02	  5.4507e-02	  6.1333e-01	  2.2870e+01	  9.6626e-02	  1.0106e+00	  1.0002e+00	  1.0000e+00	  2.5877e-02	  1.9829e-03	  0.0000e+00	  8.0295e-04	  1.0746e-04	  2.5396e-03	  1.1370e-03	  6.5902e-05	  5.5896e-03	  4.3052e-04	  1.3056e-04	  1.2266e-03	  0.0000e+00	  1.6750e-03	
  5.0000e+00	  6.4777e+00	  7.6188e-11	  2.5461e-05	  1.4336e-05	  5.7345e-04	  1.3523e-03	  2.3306e+03	  2.5843e-01	  6.2952e-01	  8.3968e-01	  9.9664e-01	  4.0200e+00	  1.6259e+01	  1.7407e+00	  3.0635e-02	  7.5647e-01	  5.5203e-02	  5.5203e-02	  6.6725e-01	  2.2816e+01	  1.0558e-01	  1.0106e+00	  1.0003e+00	  1.0000e+00	  2.5878e-02	  3.0335e-03	  0.0000e+00	  9.6573e-04	  1.1792e-04	  2.9523e-03	  1.3234e-03	  5.8131e-05	  6.6389e-03	  4.8790e-04	  1.3972e-04	  1.3523e-03	  0.0000e+00	  1.8060e-03	
  6.0000e+00	  6.4736e+00	  6.1598e-11	  3.8275e-05	  1.4340e-05	  6.2985e-04	  1.4851e-03	  2.6374e+03	  2.4152e-01	  6.0054e-01	  8.2290e-01	  9.9583e-01	  3.8899e+00	  1.6327e+01	  1.7368e+00	  2.9661e-02	  7.6774e-01	  5.5909e-02	  5.5909e-02	  7.2237e-01	  2.2761e+01	  1.1418e-01	  1.0106e+00	  1.0004e+00	  1.0000e+00	  2.5878e-02	  4.2676e-03	  0.0000e+00	  1.1323e-03	  1.2776e-04	  3.3449e-03	  1.5011e-03	  5.1654e-05	  7.6407e-03	  5.3808e-04	  1.4775e-04	  1.4851e-03	  0.0000e+00	  1.9025e-03	
  7.0000e+00	  6.4736e+00	  5.1744e-11	  5.7247e-05	  1.4343e-05	  6.8528e-04	  1.6241e-03	  2.9308e+03	  2.2770e-01	  5.7524e-01	  8.0751e-01	  9.9499e-01	  3.7625e+00	  1.6394e+01	  1.7329e+00	  2.8781e-02	  7.7840e-01	  5.6626e-02	  5.6626e-02	  7.7885e-01	  2.2704e+01	  1.2247e-01	  1.0106e+00	  1.0006e+00	  1.0000e+00	  2.5879e-02	  5.6808e-03	  0.0000e+00	  1.3024e-03	  1.3716e-04	  3.7218e-03	  1.6719e-03	  4.6069e-05	  8.6048e-03	  5.8220e-04	  1.5494e-04	  1.6241e-03	  0.0000e+00	  1.9521e-03	
  8.0000e+00	  6.4764e+00	  4.4618e-11	  8.0859e-05	  1.4346e-05	  7.3976e-04	  1.7685e-03	  3.2134e+03	  2.1611e-01	  5.5283e-01	  7.9327e-01	  9.9412e-01	  3.6376e+00	  1.6460e+01	  1.7290e+00	  2.7949e-02	  7.8848e-01	  5.7353e-02	  5.7353e-02	  8.3665e-01	  2.2646e+01	  1.3047e-01	  1.0106e+00	  1.0007e+00	  1.0000e+00	  2.5879e-02	  7.2679e-03	  0.0000e+00	  1.4755e-03	  1.4623e-04	  4.0853e-03	  1.8368e-03	  4.1248e-05	  9.5378e-03	  6.2103e-04	  1.6148e-04	  1.7685e-03	  0.0000e+00	  1.9742e-03	
  9.0000e+00	  6.4811e+00	  3.9206e-11	  1.0788e-04	  1.4349e-05	  7.9339e-04	  1.9177e-03	  3.4866e+03	  2.0619e-01	  5.3278e-01	  7.8001e-01	  9.9322e-01	  3.5153e+00	  1.6524e+01	  1.7252e+00	  2.7156e-02	  7.9796e-01	  5.8088e-02	  5.8088e-02	  8.9569e-01	  2.2587e+01	  1.3818e-01	  1.0106e+00	  1.0009e+00	  1.0000e+00	  2.5880e-02	  9.0238e-03	  0.0000e+00	  1.6513e-03	  1.5504e-04	  4.4375e-03	  1.9968e-03	  3.7092e-05	  1.0445e-02	  6.5514e-04	  1.6749e-04	  1.9177e-03	  0.0000e+00	  1.9847e-03	
  1.0000e+01	  6.4871e+00	  3.4950e-11	  1.3775e-04	  1.4352e-05	  8.4623e-04	  2.0714e-03	  3.7518e+03	  1.9757e-01	  5.1468e-01	  7.6759e-01	  9.9230e-01	  3.3956e+00	  1.6587e+01	  1.7213e+00	  2.6398e-02	  8.0688e-01	  5.8832e-02	  5.8832e-02	  9.5591e-01	  2.2526e+01	  1.4563e-01	  1.0106e+00	  1.0011e+00	  1.0000e+00	  2.5880e-02	  1.0942e-02	  0.0000e+00	  1.8296e-03	  1.6363e-04	  4.7797e-03	  2.1524e-03	  3.3504e-05	  1.1329e-02	  6.8499e-04	  1.7306e-04	  2.0714e-03	  0.0000e+00	  1.9901e-03	
  1.1000e+01	  6.4940e+00	  3.1816e-11	  1.6692e-04	  7.8463e-05	  8.9318e-04	  2.2171e-03	  4.0099e+03	  1.8999e-01	  4.9821e-01	  7.5590e-01	  9.9136e-01	  3.2785e+00	  1.6649e+01	  1.7175e+00	  2.5721e-02	  8.1522e-01	  5.9584e-02	  5.9584e-02	  1.0134e+00	  2.2469e+01	  1.5273e-01	  1.0106e+00	  1.0013e+00	  1.0000e+00	  2.5881e-02	  1.3019e-02	  1.1446e-03	  2.0099e-03	  1.7205e-04	  5.1126e-03	  2.3043e-03	  3.0380e-05	  1.2193e-02	  7.1539e-04	  1.7826e-04	  2.2171e-03	  0.0000e+00	  1.9930e-03	
  1.2000e+01	  6.5020e+00	  2.9596e-11	  1.9337e-04	  2.4471e-04	  9.3150e-04	  2.3476e-03	  4.2615e+03	  1.8325e-01	  4.8315e-01	  7.4486e-01	  9.9040e-01	  3.1640e+00	  1.6710e+01	  1.7137e+00	  2.5054e-02	  8.2302e-01	  6.0343e-02	  6.0343e-02	  1.0658e+00	  2.2414e+01	  1.5947e-01	  1.0106e+00	  1.0014e+00	  1.0000e+00	  2.5881e-02	  1.5262e-02	  4.1496e-03	  2.1920e-03	  1.8032e-04	  5.4368e-03	  2.4530e-03	  2.7627e-05	  1.3039e-02	  7.4887e-04	  1.8313e-04	  2.3476e-03	  0.0000e+00	  1.9946e-03	
  1.3000e+01	  6.5104e+00	  2.7660e-11	  2.2192e-04	  4.1682e-04	  9.6897e-04	  2.4812e-03	  4.5073e+03	  1.7721e-01	  4.6931e-01	  7.3440e-01	  9.8942e-01	  3.0522e+00	  1.6769e+01	  1.7099e+00	  2.4390e-02	  8.3028e-01	  6.1109e-02	  6.1109e-02	  1.1189e+00	  2.2357e+01	  1.6596e-01	  1.0106e+00	  1.0016e+00	  1.0000e+00	  2.5881e-02	  1.7667e-02	  7.3077e-03	  2.3756e-03	  1.8845e-04	  5.7536e-03	  2.5984e-03	  2.5211e-05	  1.3868e-02	  7.7886e-04	  1.8772e-04	  2.4812e-03	  0.0000e+00	  1.9958e-03	
  1.4000e+01	  6.5192e+00	  2.5957e-11	  2.5244e-04	  5.9478e-04	  1.0056e-03	  2.6175e-03	  4.7477e+03	  1.7175e-01	  4.5651e-01	  7.2447e-01	  9.8842e-01	  2.9429e+00	  1.6827e+01	  1.7061e+00	  2.3749e-02	  8.3698e-01	  6.1881e-02	  6.1881e-02	  1.1726e+00	  2.2297e+01	  1.7220e-01	  1.0106e+00	  1.0018e+00	  1.0001e+00	  2.5882e-02	  2.0229e-02	  1.0614e-02	  2.5606e-03	  1.9648e-04	  6.0635e-03	  2.7408e-03	  2.3085e-05	  1.4682e-02	  8.0565e-04	  1.9206e-04	  2.6175e-03	  0.0000e+00	  1.9967e-03	
  1.5000e+01	  6.5282e+00	  2.4446e-11	  2.8482e-04	  7.7857e-04	  1.0414e-03	  2.7564e-03	  4.9832e+03	  1.6678e-01	  4.4465e-01	  7.1501e-01	  9.8741e-01	  2.8363e+00	  1.6884e+01	  1.7024e+00	  2.3131e-02	  8.4314e-01	  6.2659e-02	  6.2659e-02	  1.2268e+00	  2.2235e+01	  1.7820e-01	  1.0106e+00	  1.0020e+00	  1.0001e+00	  2.5882e-02	  2.2939e-02	  1.4064e-02	  2.7468e-03	  2.0441e-04	  6.3672e-03	  2.8805e-03	  2.1210e-05	  1.5483e-02	  8.2946e-04	  1.9619e-04	  2.7564e-03	  0.0000e+00	  1.9973e-03	
  1.6000e+01	  6.5372e+00	  2.3096e-11	  3.1897e-04	  9.6813e-04	  1.0765e-03	  2.8974e-03	  5.2140e+03	  1.6224e-01	  4.3361e-01	  7.0599e-01	  9.8639e-01	  2.7324e+00	  1.6939e+01	  1.6987e+00	  2.2536e-02	  8.4876e-01	  6.3442e-02	  6.3442e-02	  1.2814e+00	  2.2170e+01	  1.8397e-01	  1.0106e+00	  1.0022e+00	  1.0001e+00	  2.5883e-02	  2.5790e-02	  1.7652e-02	  2.9340e-03	  2.1224e-04	  6.6650e-03	  3.0177e-03	  1.9552e-05	  1.6270e-02	  8.5053e-04	  2.0013e-04	  2.8974e-03	  0.0000e+00	  1.9978e-03	
  1.7000e+01	  6.5463e+00	  2.1884e-11	  3.5477e-04	  1.1634e-03	  1.1107e-03	  3.0404e-03	  5.4406e+03	  1.5807e-01	  4.2329e-01	  6.9737e-01	  9.8535e-01	  2.6310e+00	  1.6993e+01	  1.6950e+00	  2.1959e-02	  8.5385e-01	  6.4230e-02	  6.4230e-02	  1.3365e+00	  2.2102e+01	  1.8952e-01	  1.0106e+00	  1.0025e+00	  1.0001e+00	  2.5883e-02	  2.8773e-02	  2.1372e-02	  3.1220e-03	  2.2000e-04	  6.9573e-03	  3.1524e-03	  1.8083e-05	  1.7044e-02	  8.6905e-04	  2.0389e-04	  3.0404e-03	  0.0000e+00	  1.9982e-03	
  1.8000e+01	  6.5553e+00	  2.0788e-11	  3.9210e-04	  1.3642e-03	  1.1443e-03	  3.1852e-03	  5.6631e+03	  1.5421e-01	  4.1363e-01	  6.8912e-01	  9.8430e-01	  2.5324e+00	  1.7046e+01	  1.6913e+00	  2.1402e-02	  8.5842e-01	  6.5021e-02	  6.5021e-02	  1.3918e+00	  2.2032e+01	  1.9485e-01	  1.0106e+00	  1.0027e+00	  1.0001e+00	  2.5883e-02	  3.1881e-02	  2.5219e-02	  3.3107e-03	  2.2768e-04	  7.2443e-03	  3.2849e-03	  1.6778e-05	  1.7807e-02	  8.8520e-04	  2.0749e-04	  3.1852e-03	  0.0000e+00	  1.9985e-03	
  1.9000e+01	  6.5642e+00	  1.9793e-11	  4.3087e-04	  1.5706e-03	  1.1771e-03	  3.3315e-03	  5.8818e+03	  1.5064e-01	  4.0456e-01	  6.8120e-01	  9.8325e-01	  2.4363e+00	  1.7098e+01	  1.6876e+00	  2.0863e-02	  8.6246e-01	  6.5816e-02	  6.5816e-02	  1.4473e+00	  2.1958e+01	  1.9998e-01	  1.0106e+00	  1.0030e+00	  1.0002e+00	  2.5884e-02	  3.5105e-02	  2.9189e-02	  3.5001e-03	  2.3529e-04	  7.5265e-03	  3.4153e-03	  1.5615e-05	  1.8558e-02	  8.9916e-04	  2.1094e-04	  3.3315e-03	  0.0000e+00	  1.9987e-03	
  2.0000e+01	  6.5729e+00	  1.8885e-11	  4.7096e-04	  1.7824e-03	  1.2092e-03	  3.4790e-03	  6.0969e+03	  1.4732e-01	  3.9603e-01	  6.7360e-01	  9.8218e-01	  2.3429e+00	  1.7148e+01	  1.6839e+00	  2.0340e-02	  8.6600e-01	  6.6614e-02	  6.6614e-02	  1.5030e+00	  2.1883e+01	  2.0491e-01	  1.0106e+00	  1.0032e+00	  1.0002e+00	  2.5884e-02	  3.8438e-02	  3.3274e-02	  3.6898e-03	  2.4283e-04	  7.8040e-03	  3.5436e-03	  1.4577e-05	  1.9299e-02	  9.1109e-04	  2.1426e-04	  3.4790e-03	  0.0000e+00	  1.9989e-03	
  2.1000e+01	  6.5815e+00	  1.8053e-11	  5.1225e-04	  1.9995e-03	  1.2407e-03	  3.6276e-03	  6.3086e+03	  1.4422e-01	  3.8797e-01	  6.6629e-01	  9.8110e-01	  2.2520e+00	  1.7197e+01	  1.6803e+00	  1.9832e-02	  8.6903e-01	  6.7415e-02	  6.7415e-02	  1.5588e+00	  2.1804e+01	  2.0965e-01	  1.0106e+00	  1.0035e+00	  1.0002e+00	  2.5884e-02	  4.1872e-02	  3.7470e-02	  3.8799e-03	  2.5031e-04	  8.0770e-03	  3.6700e-03	  1.3647e-05	  2.0030e-02	  9.2114e-04	  2.1746e-04	  3.6276e-03	  0.0000e+00	  1.9990e-03	
  2.2000e+01	  6.5898e+00	  1.7290e-11	  5.5466e-04	  2.2218e-03	  1.2715e-03	  3.7771e-03	  6.5169e+03	  1.4132e-01	  3.8036e-01	  6.5926e-01	  9.8002e-01	  2.1638e+00	  1.7244e+01	  1.6766e+00	  1.9340e-02	  8.7157e-01	  6.8217e-02	  6.8217e-02	  1.6145e+00	  2.1723e+01	  2.1421e-01	  1.0106e+00	  1.0038e+00	  1.0002e+00	  2.5884e-02	  4.5399e-02	  4.1771e-02	  4.0702e-03	  2.5774e-04	  8.3457e-03	  3.7945e-03	  1.2812e-05	  2.0750e-02	  9.2947e-04	  2.2055e-04	  3.7771e-03	  0.0000e+00	  1.9991e-03	
  2.3000e+01	  6.5979e+00	  1.6585e-11	  5.9806e-04	  2.4491e-03	  1.3017e-03	  3.9273e-03	  6.7220e+03	  1.3860e-01	  3.7316e-01	  6.5248e-01	  9.7893e-01	  2.0781e+00	  1.7290e+01	  1.6730e+00	  1.8863e-02	  8.7362e-01	  6.9021e-02	  6.9021e-02	  1.6701e+00	  2.1639e+01	  2.1859e-01	  1.0106e+00	  1.0040e+00	  1.0003e+00	  2.5885e-02	  4.9011e-02	  4.6172e-02	  4.2606e-03	  2.6510e-04	  8.6102e-03	  3.9173e-03	  1.2060e-05	  2.1462e-02	  9.3621e-04	  2.2353e-04	  3.9273e-03	  0.0000e+00	  1.9992e-03	
  2.4000e+01	  6.6058e+00	  1.5934e-11	  6.4237e-04	  2.6813e-03	  1.3313e-03	  4.0779e-03	  6.9241e+03	  1.3604e-01	  3.6632e-01	  6.4595e-01	  9.7783e-01	  1.9950e+00	  1.7335e+01	  1.6694e+00	  1.8398e-02	  8.7519e-01	  6.9826e-02	  6.9826e-02	  1.7257e+00	  2.1553e+01	  2.2281e-01	  1.0106e+00	  1.0043e+00	  1.0003e+00	  2.5885e-02	  5.2700e-02	  5.0668e-02	  4.4511e-03	  2.7241e-04	  8.8707e-03	  4.0383e-03	  1.1382e-05	  2.2164e-02	  9.4149e-04	  2.2641e-04	  4.0779e-03	  0.0000e+00	  1.9993e-03	
  2.5000e+01	  6.6134e+00	  1.5330e-11	  6.8747e-04	  2.9184e-03	  1.3603e-03	  4.2289e-03	  7.1233e+03	  1.3362e-01	  3.5983e-01	  6.3965e-01	  9.7673e-01	  1.9145e+00	  1.7379e+01	  1.6658e+00	  1.7947e-02	  8.7629e-01	  7.0632e-02	  7.0632e-02	  1.7810e+00	  2.1464e+01	  2.2687e-01	  1.0106e+00	  1.0046e+00	  1.0003e+00	  2.5885e-02	  5.6459e-02	  5.5251e-02	  4.6415e-03	  2.7966e-04	  9.1273e-03	  4.1577e-03	  1.0767e-05	  2.2857e-02	  9.4543e-04	  2.2919e-04	  4.2289e-03	  0.0000e+00	  1.9993e-03	
  2.6000e+01	  6.6208e+00	  1.4768e-11	  7.3327e-04	  3.1601e-03	  1.3888e-03	  4.3800e-03	  7.3196e+03	  1.3134e-01	  3.5365e-01	  6.3356e-01	  9.7563e-01	  1.8364e+00	  1.7422e+01	  1.6622e+00	  1.7509e-02	  8.7694e-01	  7.1438e-02	  7.1438e-02	  1.8360e+00	  2.1373e+01	  2.3078e-01	  1.0106e+00	  1.0049e+00	  1.0003e+00	  2.5886e-02	  6.0281e-02	  5.9919e-02	  4.8318e-03	  2.8686e-04	  9.3802e-03	  4.2754e-03	  1.0210e-05	  2.3541e-02	  9.4815e-04	  2.3189e-04	  4.3800e-03	  0.0000e+00	  1.9994e-03	
  2.7000e+01	  6.6280e+00	  1.4245e-11	  7.7969e-04	  3.4062e-03	  1.4166e-03	  4.5310e-03	  7.5131e+03	  1.2919e-01	  3.4777e-01	  6.2767e-01	  9.7452e-01	  1.7609e+00	  1.7463e+01	  1.6587e+00	  1.7083e-02	  8.7714e-01	  7.2243e-02	  7.2243e-02	  1.8907e+00	  2.1279e+01	  2.3454e-01	  1.0106e+00	  1.0052e+00	  1.0004e+00	  2.5886e-02	  6.4159e-02	  6.4664e-02	  5.0219e-03	  2.9401e-04	  9.6295e-03	  4.3917e-03	  9.7027e-06	  2.4217e-02	  9.4977e-04	  2.3451e-04	  4.5310e-03	  0.0000e+00	  1.9994e-03	
  2.8000e+01	  6.6349e+00	  1.3756e-11	  8.2663e-04	  3.6568e-03	  1.4439e-03	  4.6819e-03	  7.7039e+03	  1.2714e-01	  3.4216e-01	  6.2197e-01	  9.7340e-01	  1.6878e+00	  1.7503e+01	  1.6551e+00	  1.6669e-02	  8.7690e-01	  7.3047e-02	  7.3047e-02	  1.9450e+00	  2.1182e+01	  2.3816e-01	  1.0106e+00	  1.0055e+00	  1.0004e+00	  2.5886e-02	  6.8086e-02	  6.9482e-02	  5.2117e-03	  3.0111e-04	  9.8752e-03	  4.5064e-03	  9.2401e-06	  2.4885e-02	  9.5038e-04	  2.3706e-04	  4.6819e-03	  0.0000e+00	  1.9995e-03	
  2.9000e+01	  6.6416e+00	  1.3299e-11	  8.7401e-04	  3.9115e-03	  1.4706e-03	  4.8324e-03	  7.8921e+03	  1.2520e-01	  3.3680e-01	  6.1646e-01	  9.7229e-01	  1.6171e+00	  1.7542e+01	  1.6516e+00	  1.6267e-02	  8.7624e-01	  7.3850e-02	  7.3850e-02	  1.9989e+00	  2.1083e+01	  2.4165e-01	  1.0106e+00	  1.0058e+00	  1.0004e+00	  2.5886e-02	  7.2055e-02	  7.4368e-02	  5.4012e-03	  3.0815e-04	  1.0117e-02	  4.6196e-03	  8.8171e-06	  2.5544e-02	  9.5009e-04	  2.3953e-04	  4.8324e-03	  0.0000e+00	  1.9995e-03	
  3.0000e+01	  6.6481e+00	  1.2870e-11	  9.2175e-04	  4.1703e-03	  1.4968e-03	  4.9825e-03	  8.0778e+03	  1.2335e-01	  3.3167e-01	  6.1112e-01	  9.7117e-01	  1.5489e+00	  1.7579e+01	  1.6481e+00	  1.5876e-02	  8.7516e-01	  7.4652e-02	  7.4652e-02	  2.0523e+00	  2.0981e+01	  2.4502e-01	  1.0106e+00	  1.0061e+00	  1.0004e+00	  2.5887e-02	  7.6061e-02	  7.9316e-02	  5.5903e-03	  3.1515e-04	  1.0356e-02	  4.7315e-03	  8.4293e-06	  2.6196e-02	  9.4900e-04	  2.4193e-04	  4.9825e-03	  0.0000e+00	  1.9995e-03	
  3.1000e+01	  6.6543e+00	  1.2467e-11	  9.6976e-04	  4.4330e-03	  1.5224e-03	  5.1320e-03	  8.2610e+03	  1.2159e-01	  3.2677e-01	  6.0595e-01	  9.7005e-01	  1.4830e+00	  1.7615e+01	  1.6446e+00	  1.5496e-02	  8.7368e-01	  7.5451e-02	  7.5451e-02	  2.1052e+00	  2.0876e+01	  2.4826e-01	  1.0106e+00	  1.0064e+00	  1.0005e+00	  2.5887e-02	  8.0097e-02	  8.4322e-02	  5.7790e-03	  3.2210e-04	  1.0592e-02	  4.8419e-03	  8.0730e-06	  2.6841e-02	  9.4718e-04	  2.4426e-04	  5.1320e-03	  0.0000e+00	  1.9995e-03	
  3.2000e+01	  6.6604e+00	  1.2088e-11	  1.0180e-03	  4.6994e-03	  1.5475e-03	  5.2807e-03	  8.4418e+03	  1.1992e-01	  3.2207e-01	  6.0093e-01	  9.6893e-01	  1.4194e+00	  1.7651e+01	  1.6411e+00	  1.5126e-02	  8.7181e-01	  7.6248e-02	  7.6248e-02	  2.1575e+00	  2.0769e+01	  2.5139e-01	  1.0106e+00	  1.0067e+00	  1.0005e+00	  2.5887e-02	  8.4158e-02	  8.9380e-02	  5.9671e-03	  3.2900e-04	  1.0824e-02	  4.9510e-03	  7.7449e-06	  2.7478e-02	  9.4472e-04	  2.4654e-04	  5.2807e-03	  0.0000e+00	  1.9995e-03	
  3.3000e+01	  6.6660e+00	  1.1731e-11	  1.0663e-03	  4.9694e-03	  1.5723e-03	  5.4279e-03	  8.6201e+03	  1.1832e-01	  3.1757e-01	  5.9607e-01	  9.6781e-01	  1.3581e+00	  1.7685e+01	  1.6376e+00	  1.4767e-02	  8.6957e-01	  7.7042e-02	  7.7042e-02	  2.2092e+00	  2.0659e+01	  2.5440e-01	  1.0106e+00	  1.0071e+00	  1.0005e+00	  2.5887e-02	  8.8238e-02	  9.4487e-02	  6.1547e-03	  3.3584e-04	  1.1053e-02	  5.0587e-03	  7.4470e-06	  2.8107e-02	  9.4170e-04	  2.4875e-04	  5.4279e-03	  0.0000e+00	  1.9995e-03	
  3.4000e+01	  6.6574e+00	  1.1395e-11	  1.1134e-03	  5.2427e-03	  1.6148e-03	  5.5038e-03	  8.7851e+03	  1.1688e-01	  3.1351e-01	  5.9164e-01	  9.6676e-01	  1.2990e+00	  1.7717e+01	  1.6341e+00	  1.4419e-02	  8.6696e-01	  7.7833e-02	  7.7833e-02	  2.2603e+00	  2.0547e+01	  2.5732e-01	  1.0106e+00	  1.0074e+00	  1.0006e+00	  2.5887e-02	  9.2334e-02	  9.9637e-02	  6.3371e-03	  3.4238e-04	  1.1256e-02	  5.1540e-03	  7.6054e-06	  2.8739e-02	  9.3853e-04	  2.5069e-04	  5.5038e-03	  0.0000e+00	  1.9995e-03	
  3.5000e+01	  6.6491e+00	  1.1077e-11	  1.1604e-03	  5.5191e-03	  1.6574e-03	  5.5792e-03	  8.9478e+03	  1.1551e-01	  3.0962e-01	  5.8734e-01	  9.6571e-01	  1.2421e+00	  1.7749e+01	  1.6307e+00	  1.4081e-02	  8.6399e-01	  7.8620e-02	  7.8620e-02	  2.3108e+00	  2.0432e+01	  2.6013e-01	  1.0106e+00	  1.0077e+00	  1.0006e+00	  2.5888e-02	  9.6441e-02	  1.0483e-01	  6.5187e-03	  3.4887e-04	  1.1456e-02	  5.2480e-03	  7.7636e-06	  2.9363e-02	  9.3488e-04	  2.5259e-04	  5.5792e-03	  0.0000e+00	  1.9995e-03	
  3.6000e+01	  6.6409e+00	  1.0776e-11	  1.2075e-03	  5.7984e-03	  1.6998e-03	  5.6541e-03	  9.1082e+03	  1.1419e-01	  3.0587e-01	  5.8316e-01	  9.6466e-01	  1.1874e+00	  1.7780e+01	  1.6272e+00	  1.3753e-02	  8.6070e-01	  7.9404e-02	  7.9404e-02	  2.3606e+00	  2.0314e+01	  2.6284e-01	  1.0106e+00	  1.0080e+00	  1.0006e+00	  2.5888e-02	  1.0055e-01	  1.1005e-01	  6.6996e-03	  3.5532e-04	  1.1652e-02	  5.3407e-03	  7.9214e-06	  2.9980e-02	  9.3081e-04	  2.5444e-04	  5.6541e-03	  0.0000e+00	  1.9995e-03	
  3.7000e+01	  6.6330e+00	  1.0491e-11	  1.2544e-03	  6.0806e-03	  1.7422e-03	  5.7285e-03	  9.2664e+03	  1.1292e-01	  3.0226e-01	  5.7910e-01	  9.6362e-01	  1.1348e+00	  1.7809e+01	  1.6238e+00	  1.3435e-02	  8.5707e-01	  8.0183e-02	  8.0183e-02	  2.4097e+00	  2.0194e+01	  2.6546e-01	  1.0106e+00	  1.0083e+00	  1.0006e+00	  2.5888e-02	  1.0467e-01	  1.1530e-01	  6.8798e-03	  3.6171e-04	  1.1846e-02	  5.4321e-03	  8.0787e-06	  3.0590e-02	  9.2639e-04	  2.5624e-04	  5.7285e-03	  0.0000e+00	  1.9995e-03	
  3.8000e+01	  6.6254e+00	  1.0221e-11	  1.3012e-03	  6.3654e-03	  1.7844e-03	  5.8021e-03	  9.4225e+03	  1.1171e-01	  2.9878e-01	  5.7515e-01	  9.6258e-01	  1.0842e+00	  1.7838e+01	  1.6204e+00	  1.3126e-02	  8.5314e-01	  8.0957e-02	  8.0957e-02	  2.4580e+00	  2.0071e+01	  2.6800e-01	  1.0106e+00	  1.0086e+00	  1.0007e+00	  2.5888e-02	  1.0878e-01	  1.2058e-01	  7.0591e-03	  3.6806e-04	  1.2037e-02	  5.5223e-03	  8.2353e-06	  3.1194e-02	  9.2167e-04	  2.5800e-04	  5.8021e-03	  0.0000e+00	  1.9995e-03	
  3.9000e+01	  6.6179e+00	  9.9650e-12	  1.3478e-03	  6.6527e-03	  1.8265e-03	  5.8751e-03	  9.5765e+03	  1.1054e-01	  2.9543e-01	  5.7131e-01	  9.6155e-01	  1.0356e+00	  1.7865e+01	  1.6169e+00	  1.2826e-02	  8.4891e-01	  8.1727e-02	  8.1727e-02	  2.5057e+00	  1.9945e+01	  2.7045e-01	  1.0106e+00	  1.0089e+00	  1.0007e+00	  2.5888e-02	  1.1289e-01	  1.2588e-01	  7.2376e-03	  3.7436e-04	  1.2225e-02	  5.6113e-03	  8.3912e-06	  3.1791e-02	  9.1671e-04	  2.5972e-04	  5.8751e-03	  0.0000e+00	  1.9995e-03	
  4.0000e+01	  6.6107e+00	  9.7215e-12	  1.3942e-03	  6.9422e-03	  1.8683e-03	  5.9473e-03	  9.7285e+03	  1.0942e-01	  2.9220e-01	  5.6757e-01	  9.6052e-01	  9.8901e-01	  1.7892e+01	  1.6135e+00	  1.2536e-02	  8.4439e-01	  8.2492e-02	  8.2492e-02	  2.5526e+00	  1.9817e+01	  2.7282e-01	  1.0106e+00	  1.0093e+00	  1.0007e+00	  2.5889e-02	  1.1699e-01	  1.3120e-01	  7.4152e-03	  3.8062e-04	  1.2410e-02	  5.6992e-03	  8.5460e-06	  3.2381e-02	  9.1155e-04	  2.6140e-04	  5.9473e-03	  0.0000e+00	  1.9995e-03	
  4.1000e+01	  6.6037e+00	  9.4900e-12	  1.4404e-03	  7.2339e-03	  1.9099e-03	  6.0187e-03	  9.8785e+03	  1.0833e-01	  2.8907e-01	  5.6393e-01	  9.5949e-01	  9.4430e-01	  1.7917e+01	  1.6102e+00	  1.2254e-02	  8.3961e-01	  8.3251e-02	  8.3251e-02	  2.5987e+00	  1.9686e+01	  2.7511e-01	  1.0106e+00	  1.0096e+00	  1.0008e+00	  2.5889e-02	  1.2108e-01	  1.3654e-01	  7.5920e-03	  3.8683e-04	  1.2592e-02	  5.7859e-03	  8.6999e-06	  3.2964e-02	  9.0623e-04	  2.6304e-04	  6.0187e-03	  0.0000e+00	  1.9995e-03	
  4.2000e+01	  6.5969e+00	  9.2696e-12	  1.4863e-03	  7.5276e-03	  1.9512e-03	  6.0892e-03	  1.0026e+04	  1.0729e-01	  2.8606e-01	  5.6039e-01	  9.5846e-01	  9.0144e-01	  1.7942e+01	  1.6068e+00	  1.1982e-02	  8.3456e-01	  8.4004e-02	  8.4004e-02	  2.6441e+00	  1.9552e+01	  2.7734e-01	  1.0106e+00	  1.0099e+00	  1.0008e+00	  2.5889e-02	  1.2515e-01	  1.4188e-01	  7.7678e-03	  3.9300e-04	  1.2772e-02	  5.8716e-03	  8.8526e-06	  3.3541e-02	  9.0081e-04	  2.6465e-04	  6.0892e-03	  0.0000e+00	  1.9995e-03	
  4.3000e+01	  6.5902e+00	  9.0597e-12	  1.5319e-03	  7.8230e-03	  1.9923e-03	  6.1589e-03	  1.0173e+04	  1.0628e-01	  2.8314e-01	  5.5693e-01	  9.5744e-01	  8.6038e-01	  1.7965e+01	  1.6034e+00	  1.1719e-02	  8.2928e-01	  8.4752e-02	  8.4752e-02	  2.6886e+00	  1.9415e+01	  2.7949e-01	  1.0106e+00	  1.0102e+00	  1.0008e+00	  2.5889e-02	  1.2920e-01	  1.4724e-01	  7.9428e-03	  3.9912e-04	  1.2950e-02	  5.9561e-03	  9.0040e-06	  3.4112e-02	  8.9530e-04	  2.6622e-04	  6.1589e-03	  0.0000e+00	  1.9995e-03	
  4.4000e+01	  6.5838e+00	  8.8594e-12	  1.5771e-03	  8.1201e-03	  2.0330e-03	  6.2277e-03	  1.0317e+04	  1.0531e-01	  2.8032e-01	  5.5357e-01	  9.5643e-01	  8.2106e-01	  1.7988e+01	  1.6001e+00	  1.1464e-02	  8.2376e-01	  8.5493e-02	  8.5493e-02	  2.7325e+00	  1.9275e+01	  2.8158e-01	  1.0106e+00	  1.0105e+00	  1.0009e+00	  2.5889e-02	  1.3323e-01	  1.5260e-01	  8.1168e-03	  4.0519e-04	  1.3124e-02	  6.0397e-03	  9.1542e-06	  3.4677e-02	  8.8975e-04	  2.6776e-04	  6.2277e-03	  0.0000e+00	  1.9995e-03	
  4.5000e+01	  6.5775e+00	  8.6684e-12	  1.6220e-03	  8.4187e-03	  2.0734e-03	  6.2956e-03	  1.0459e+04	  1.0437e-01	  2.7759e-01	  5.5029e-01	  9.5542e-01	  7.8343e-01	  1.8010e+01	  1.5967e+00	  1.1218e-02	  8.1802e-01	  8.6228e-02	  8.6228e-02	  2.7755e+00	  1.9133e+01	  2.8361e-01	  1.0106e+00	  1.0108e+00	  1.0009e+00	  2.5889e-02	  1.3724e-01	  1.5795e-01	  8.2899e-03	  4.1122e-04	  1.3297e-02	  6.1222e-03	  9.3030e-06	  3.5235e-02	  8.8419e-04	  2.6926e-04	  6.2956e-03	  0.0000e+00	  1.9995e-03	
  4.6000e+01	  6.5714e+00	  8.4859e-12	  1.6665e-03	  8.7185e-03	  2.1135e-03	  6.3625e-03	  1.0600e+04	  1.0347e-01	  2.7495e-01	  5.4708e-01	  9.5441e-01	  7.4744e-01	  1.8030e+01	  1.5934e+00	  1.0980e-02	  8.1209e-01	  8.6957e-02	  8.6957e-02	  2.8177e+00	  1.8988e+01	  2.8558e-01	  1.0106e+00	  1.0111e+00	  1.0009e+00	  2.5890e-02	  1.4122e-01	  1.6331e-01	  8.4619e-03	  4.1721e-04	  1.3467e-02	  6.2037e-03	  9.4503e-06	  3.5788e-02	  8.7864e-04	  2.7074e-04	  6.3625e-03	  0.0000e+00	  1.9995e-03	
  4.7000e+01	  6.5655e+00	  8.3116e-12	  1.7106e-03	  9.0194e-03	  2.1531e-03	  6.4285e-03	  1.0739e+04	  1.0259e-01	  2.7239e-01	  5.4396e-01	  9.5341e-01	  7.1304e-01	  1.8051e+01	  1.5900e+00	  1.0750e-02	  8.0596e-01	  8.7678e-02	  8.7678e-02	  2.8592e+00	  1.8840e+01	  2.8749e-01	  1.0106e+00	  1.0114e+00	  1.0010e+00	  2.5890e-02	  1.4518e-01	  1.6866e-01	  8.6331e-03	  4.2315e-04	  1.3634e-02	  6.2842e-03	  9.5962e-06	  3.6335e-02	  8.7312e-04	  2.7218e-04	  6.4285e-03	  0.0000e+00	  1.9995e-03	
  4.8000e+01	  6.5598e+00	  8.1449e-12	  1.7543e-03	  9.3213e-03	  2.1924e-03	  6.4936e-03	  1.0876e+04	  1.0174e-01	  2.6990e-01	  5.4091e-01	  9.5242e-01	  6.8018e-01	  1.8070e+01	  1.5867e+00	  1.0529e-02	  7.9965e-01	  8.8393e-02	  8.8393e-02	  2.8999e+00	  1.8690e+01	  2.8934e-01	  1.0106e+00	  1.0117e+00	  1.0010e+00	  2.5890e-02	  1.4911e-01	  1.7401e-01	  8.8032e-03	  4.2905e-04	  1.3799e-02	  6.3638e-03	  9.7405e-06	  3.6875e-02	  8.6766e-04	  2.7360e-04	  6.4936e-03	  0.0000e+00	  1.9995e-03	
  4.9000e+01	  6.5542e+00	  7.9853e-12	  1.7976e-03	  9.6241e-03	  2.2313e-03	  6.5577e-03	  1.1011e+04	  1.0092e-01	  2.6750e-01	  5.3793e-01	  9.5142e-01	  6.4879e-01	  1.8088e+01	  1.5834e+00	  1.0315e-02	  7.9318e-01	  8.9101e-02	  8.9101e-02	  2.9398e+00	  1.8536e+01	  2.9115e-01	  1.0106e+00	  1.0120e+00	  1.0010e+00	  2.5890e-02	  1.5301e-01	  1.7934e-01	  8.9723e-03	  4.3490e-04	  1.3963e-02	  6.4424e-03	  9.8833e-06	  3.7410e-02	  8.6227e-04	  2.7498e-04	  6.5577e-03	  0.0000e+00	  1.9995e-03	
  5.0000e+01	  6.5487e+00	  7.8326e-12	  1.8404e-03	  9.9274e-03	  2.2698e-03	  6.6208e-03	  1.1145e+04	  1.0012e-01	  2.6516e-01	  5.3503e-01	  9.5044e-01	  6.1884e-01	  1.8106e+01	  1.5801e+00	  1.0109e-02	  7.8655e-01	  8.9801e-02	  8.9801e-02	  2.9790e+00	  1.8379e+01	  2.9290e-01	  1.0106e+00	  1.0123e+00	  1.0010e+00	  2.5890e-02	  1.5687e-01	  1.8466e-01	  9.1404e-03	  4.4071e-04	  1.4123e-02	  6.5201e-03	  1.0024e-05	  3.7939e-02	  8.5697e-04	  2.7634e-04	  6.6208e-03	  0.0000e+00	  1.9995e-03	
  5.1000e+01	  6.5434e+00	  7.6862e-12	  1.8828e-03	  1.0231e-02	  2.3079e-03	  6.6830e-03	  1.1277e+04	  9.9350e-02	  2.6289e-01	  5.3219e-01	  9.4946e-01	  5.9026e-01	  1.8123e+01	  1.5768e+00	  9.9113e-03	  7.7979e-01	  9.0494e-02	  9.0494e-02	  3.0175e+00	  1.8220e+01	  2.9461e-01	  1.0106e+00	  1.0126e+00	  1.0011e+00	  2.5890e-02	  1.6070e-01	  1.8997e-01	  9.3075e-03	  4.4647e-04	  1.4282e-02	  6.5969e-03	  1.0164e-05	  3.8463e-02	  8.5177e-04	  2.7768e-04	  6.6830e-03	  0.0000e+00	  1.9995e-03	
  5.2000e+01	  6.5382e+00	  7.5459e-12	  1.9247e-03	  1.0535e-02	  2.3456e-03	  6.7443e-03	  1.1407e+04	  9.8601e-02	  2.6069e-01	  5.2941e-01	  9.4848e-01	  5.6301e-01	  1.8139e+01	  1.5736e+00	  9.7205e-03	  7.7289e-01	  9.1180e-02	  9.1180e-02	  3.0551e+00	  1.8058e+01	  2.9627e-01	  1.0106e+00	  1.0128e+00	  1.0011e+00	  2.5890e-02	  1.6450e-01	  1.9526e-01	  9.4735e-03	  4.5219e-04	  1.4439e-02	  6.6729e-03	  1.0302e-05	  3.8981e-02	  8.4669e-04	  2.7899e-04	  6.7443e-03	  0.0000e+00	  1.9995e-03	
  5.3000e+01	  6.5332e+00	  7.4113e-12	  1.9661e-03	  1.0840e-02	  2.3829e-03	  6.8046e-03	  1.1536e+04	  9.7875e-02	  2.5855e-01	  5.2670e-01	  9.4751e-01	  5.3704e-01	  1.8155e+01	  1.5703e+00	  9.5372e-03	  7.6587e-01	  9.1858e-02	  9.1858e-02	  3.0921e+00	  1.7893e+01	  2.9790e-01	  1.0106e+00	  1.0131e+00	  1.0011e+00	  2.5891e-02	  1.6827e-01	  2.0053e-01	  9.6385e-03	  4.5787e-04	  1.4593e-02	  6.7480e-03	  1.0438e-05	  3.9493e-02	  8.4173e-04	  2.8027e-04	  6.8046e-03	  0.0000e+00	  1.9995e-03	
  5.4000e+01	  6.5283e+00	  7.2822e-12	  2.0071e-03	  1.1144e-02	  2.4197e-03	  6.8639e-03	  1.1664e+04	  9.7170e-02	  2.5647e-01	  5.2405e-01	  9.4655e-01	  5.1229e-01	  1.8170e+01	  1.5670e+00	  9.3611e-03	  7.5875e-01	  9.2528e-02	  9.2528e-02	  3.1283e+00	  1.7724e+01	  2.9947e-01	  1.0106e+00	  1.0134e+00	  1.0012e+00	  2.5891e-02	  1.7200e-01	  2.0577e-01	  9.8025e-03	  4.6351e-04	  1.4746e-02	  6.8222e-03	  1.0573e-05	  4.0000e-02	  8.3690e-04	  2.8153e-04	  6.8639e-03	  0.0000e+00	  1.9995e-03	
  5.5000e+01	  6.5235e+00	  7.1582e-12	  2.0477e-03	  1.1449e-02	  2.4561e-03	  6.9224e-03	  1.1789e+04	  9.6485e-02	  2.5445e-01	  5.2146e-01	  9.4559e-01	  4.8873e-01	  1.8184e+01	  1.5638e+00	  9.1923e-03	  7.5153e-01	  9.3190e-02	  9.3190e-02	  3.1639e+00	  1.7553e+01	  3.0102e-01	  1.0106e+00	  1.0137e+00	  1.0012e+00	  2.5891e-02	  1.7569e-01	  2.1100e-01	  9.9654e-03	  4.6910e-04	  1.4896e-02	  6.8956e-03	  1.0706e-05	  4.0502e-02	  8.3222e-04	  2.8277e-04	  6.9224e-03	  0.0000e+00	  1.9995e-03	
  5.6000e+01	  6.5189e+00	  7.0390e-12	  2.0877e-03	  1.1753e-02	  2.4921e-03	  6.9799e-03	  1.1914e+04	  9.5820e-02	  2.5249e-01	  5.1892e-01	  9.4464e-01	  4.6630e-01	  1.8198e+01	  1.5605e+00	  9.0301e-03	  7.4423e-01	  9.3845e-02	  9.3845e-02	  3.1987e+00	  1.7379e+01	  3.0252e-01	  1.0106e+00	  1.0139e+00	  1.0012e+00	  2.5891e-02	  1.7934e-01	  2.1620e-01	  1.0127e-02	  4.7465e-04	  1.5045e-02	  6.9682e-03	  1.0837e-05	  4.0998e-02	  8.2768e-04	  2.8399e-04	  6.9799e-03	  0.0000e+00	  1.9995e-03	
  5.7000e+01	  6.5144e+00	  6.9245e-12	  2.1273e-03	  1.2056e-02	  2.5276e-03	  7.0365e-03	  1.2037e+04	  9.5174e-02	  2.5058e-01	  5.1644e-01	  9.4369e-01	  4.4495e-01	  1.8211e+01	  1.5573e+00	  8.8748e-03	  7.3684e-01	  9.4491e-02	  9.4491e-02	  3.2329e+00	  1.7202e+01	  3.0399e-01	  1.0106e+00	  1.0142e+00	  1.0013e+00	  2.5891e-02	  1.8296e-01	  2.2137e-01	  1.0288e-02	  4.8016e-04	  1.5191e-02	  7.0400e-03	  1.0967e-05	  4.1490e-02	  8.2328e-04	  2.8518e-04	  7.0365e-03	  0.0000e+00	  1.9995e-03	
  5.8000e+01	  6.5099e+00	  6.8145e-12	  2.1664e-03	  1.2360e-02	  2.5627e-03	  7.0922e-03	  1.2158e+04	  9.4545e-02	  2.4871e-01	  5.1401e-01	  9.4275e-01	  4.2465e-01	  1.8223e+01	  1.5541e+00	  8.7265e-03	  7.2940e-01	  9.5129e-02	  9.5129e-02	  3.2664e+00	  1.7022e+01	  3.0542e-01	  1.0106e+00	  1.0145e+00	  1.0013e+00	  2.5891e-02	  1.8655e-01	  2.2652e-01	  1.0448e-02	  4.8562e-04	  1.5336e-02	  7.1111e-03	  1.1095e-05	  4.1976e-02	  8.1905e-04	  2.8636e-04	  7.0922e-03	  0.0000e+00	  1.9995e-03	
  5.9000e+01	  6.5056e+00	  6.7085e-12	  2.2050e-03	  1.2662e-02	  2.5974e-03	  7.1471e-03	  1.2278e+04	  9.3933e-02	  2.4690e-01	  5.1164e-01	  9.4182e-01	  4.0534e-01	  1.8235e+01	  1.5509e+00	  8.5841e-03	  7.2189e-01	  9.5759e-02	  9.5759e-02	  3.2993e+00	  1.6839e+01	  3.0683e-01	  1.0106e+00	  1.0147e+00	  1.0013e+00	  2.5891e-02	  1.9009e-01	  2.3163e-01	  1.0606e-02	  4.9105e-04	  1.5479e-02	  7.1813e-03	  1.1222e-05	  4.2457e-02	  8.1497e-04	  2.8751e-04	  7.1471e-03	  0.0000e+00	  1.9995e-03	
  6.0000e+01	  6.5014e+00	  6.6066e-12	  2.2431e-03	  1.2964e-02	  2.6317e-03	  7.2011e-03	  1.2396e+04	  9.3338e-02	  2.4514e-01	  5.0931e-01	  9.4089e-01	  3.8699e-01	  1.8247e+01	  1.5477e+00	  8.4485e-03	  7.1434e-01	  9.6382e-02	  9.6382e-02	  3.3315e+00	  1.6653e+01	  3.0820e-01	  1.0106e+00	  1.0150e+00	  1.0014e+00	  2.5891e-02	  1.9359e-01	  2.3671e-01	  1.0764e-02	  4.9643e-04	  1.5620e-02	  7.2508e-03	  1.1347e-05	  4.2933e-02	  8.1104e-04	  2.8864e-04	  7.2011e-03	  0.0000e+00	  1.9995e-03	
  6.1000e+01	  6.4973e+00	  6.5085e-12	  2.2808e-03	  1.3265e-02	  2.6655e-03	  7.2542e-03	  1.2514e+04	  9.2759e-02	  2.4342e-01	  5.0703e-01	  9.3997e-01	  3.6954e-01	  1.8258e+01	  1.5445e+00	  8.3186e-03	  7.0674e-01	  9.6995e-02	  9.6995e-02	  3.3631e+00	  1.6464e+01	  3.0954e-01	  1.0106e+00	  1.0153e+00	  1.0014e+00	  2.5891e-02	  1.9706e-01	  2.4177e-01	  1.0920e-02	  5.0177e-04	  1.5759e-02	  7.3195e-03	  1.1470e-05	  4.3404e-02	  8.0727e-04	  2.8976e-04	  7.2542e-03	  0.0000e+00	  1.9995e-03	
  6.2000e+01	  6.4933e+00	  6.4140e-12	  2.3180e-03	  1.3565e-02	  2.6990e-03	  7.3065e-03	  1.2629e+04	  9.2195e-02	  2.4174e-01	  5.0480e-01	  9.3905e-01	  3.5297e-01	  1.8268e+01	  1.5413e+00	  8.1952e-03	  6.9912e-01	  9.7601e-02	  9.7601e-02	  3.3941e+00	  1.6272e+01	  3.1086e-01	  1.0106e+00	  1.0155e+00	  1.0014e+00	  2.5892e-02	  2.0049e-01	  2.4678e-01	  1.1076e-02	  5.0706e-04	  1.5897e-02	  7.3875e-03	  1.1592e-05	  4.3870e-02	  8.0366e-04	  2.9085e-04	  7.3065e-03	  0.0000e+00	  1.9994e-03	
  6.3000e+01	  6.4894e+00	  6.3229e-12	  2.3547e-03	  1.3864e-02	  2.7320e-03	  7.3580e-03	  1.2744e+04	  9.1645e-02	  2.4011e-01	  5.0262e-01	  9.3814e-01	  3.3723e-01	  1.8278e+01	  1.5381e+00	  8.0772e-03	  6.9147e-01	  9.8198e-02	  9.8198e-02	  3.4245e+00	  1.6077e+01	  3.1214e-01	  1.0106e+00	  1.0158e+00	  1.0015e+00	  2.5892e-02	  2.0388e-01	  2.5177e-01	  1.1230e-02	  5.1232e-04	  1.6032e-02	  7.4548e-03	  1.1712e-05	  4.4331e-02	  8.0021e-04	  2.9193e-04	  7.3580e-03	  0.0000e+00	  1.9994e-03	
  6.4000e+01	  6.4855e+00	  6.2351e-12	  2.3910e-03	  1.4162e-02	  2.7646e-03	  7.4087e-03	  1.2857e+04	  9.1110e-02	  2.3851e-01	  5.0048e-01	  9.3724e-01	  3.2229e-01	  1.8288e+01	  1.5349e+00	  7.9651e-03	  6.8381e-01	  9.8788e-02	  9.8788e-02	  3.4544e+00	  1.5879e+01	  3.1341e-01	  1.0106e+00	  1.0160e+00	  1.0015e+00	  2.5892e-02	  2.0724e-01	  2.5672e-01	  1.1383e-02	  5.1754e-04	  1.6167e-02	  7.5213e-03	  1.1831e-05	  4.4787e-02	  7.9691e-04	  2.9299e-04	  7.4087e-03	  0.0000e+00	  1.9994e-03	
  6.5000e+01	  6.4818e+00	  6.1505e-12	  2.4268e-03	  1.4458e-02	  2.7968e-03	  7.4586e-03	  1.2969e+04	  9.0587e-02	  2.3696e-01	  4.9838e-01	  9.3634e-01	  3.0810e-01	  1.8297e+01	  1.5318e+00	  7.8589e-03	  6.7614e-01	  9.9368e-02	  9.9368e-02	  3.4837e+00	  1.5678e+01	  3.1465e-01	  1.0106e+00	  1.0163e+00	  1.0015e+00	  2.5892e-02	  2.1055e-01	  2.6163e-01	  1.1535e-02	  5.2271e-04	  1.6299e-02	  7.5872e-03	  1.1948e-05	  4.5239e-02	  7.9376e-04	  2.9403e-04	  7.4586e-03	  0.0000e+00	  1.9994e-03	
  6.6000e+01	  6.4782e+00	  6.0688e-12	  2.4622e-03	  1.4753e-02	  2.8287e-03	  7.5078e-03	  1.3080e+04	  9.0078e-02	  2.3544e-01	  4.9632e-01	  9.3545e-01	  2.9463e-01	  1.8306e+01	  1.5286e+00	  7.7576e-03	  6.6846e-01	  9.9941e-02	  9.9941e-02	  3.5125e+00	  1.5474e+01	  3.1586e-01	  1.0106e+00	  1.0165e+00	  1.0016e+00	  2.5892e-02	  2.1383e-01	  2.6650e-01	  1.1686e-02	  5.2784e-04	  1.6430e-02	  7.6523e-03	  1.2063e-05	  4.5686e-02	  7.9077e-04	  2.9505e-04	  7.5078e-03	  0.0000e+00	  1.9994e-03	
  6.7000e+01	  6.4746e+00	  5.9900e-12	  2.4971e-03	  1.5047e-02	  2.8601e-03	  7.5562e-03	  1.3189e+04	  8.9582e-02	  2.3396e-01	  4.9431e-01	  9.3456e-01	  2.8186e-01	  1.8314e+01	  1.5255e+00	  7.6615e-03	  6.6079e-01	  1.0051e-01	  1.0051e-01	  3.5407e+00	  1.5267e+01	  3.1706e-01	  1.0106e+00	  1.0167e+00	  1.0016e+00	  2.5892e-02	  2.1707e-01	  2.7134e-01	  1.1836e-02	  5.3294e-04	  1.6559e-02	  7.7168e-03	  1.2178e-05	  4.6128e-02	  7.8792e-04	  2.9606e-04	  7.5562e-03	  0.0000e+00	  1.9994e-03	
  6.8000e+01	  6.4711e+00	  5.9139e-12	  2.5316e-03	  1.5339e-02	  2.8911e-03	  7.6038e-03	  1.3297e+04	  8.9097e-02	  2.3252e-01	  4.9233e-01	  9.3368e-01	  2.6973e-01	  1.8322e+01	  1.5223e+00	  7.5706e-03	  6.5313e-01	  1.0106e-01	  1.0106e-01	  3.5684e+00	  1.5057e+01	  3.1823e-01	  1.0106e+00	  1.0170e+00	  1.0016e+00	  2.5892e-02	  2.2028e-01	  2.7613e-01	  1.1985e-02	  5.3799e-04	  1.6687e-02	  7.7806e-03	  1.2290e-05	  4.6566e-02	  7.8522e-04	  2.9705e-04	  7.6038e-03	  0.0000e+00	  1.9994e-03	
  6.9000e+01	  6.4677e+00	  5.8405e-12	  2.5656e-03	  1.5629e-02	  2.9218e-03	  7.6508e-03	  1.3404e+04	  8.8624e-02	  2.3110e-01	  4.9040e-01	  9.3281e-01	  2.5822e-01	  1.8330e+01	  1.5192e+00	  7.4849e-03	  6.4549e-01	  1.0161e-01	  1.0161e-01	  3.5956e+00	  1.4844e+01	  3.1939e-01	  1.0106e+00	  1.0172e+00	  1.0016e+00	  2.5892e-02	  2.2344e-01	  2.8089e-01	  1.2133e-02	  5.4300e-04	  1.6813e-02	  7.8437e-03	  1.2402e-05	  4.6999e-02	  7.8266e-04	  2.9803e-04	  7.6508e-03	  0.0000e+00	  1.9994e-03	
  7.0000e+01	  6.4643e+00	  5.7695e-12	  2.5992e-03	  1.5918e-02	  2.9521e-03	  7.6970e-03	  1.3510e+04	  8.8163e-02	  2.2973e-01	  4.8850e-01	  9.3194e-01	  2.4731e-01	  1.8337e+01	  1.5161e+00	  7.4036e-03	  6.3787e-01	  1.0215e-01	  1.0215e-01	  3.6224e+00	  1.4628e+01	  3.2052e-01	  1.0106e+00	  1.0174e+00	  1.0017e+00	  2.5892e-02	  2.2657e-01	  2.8561e-01	  1.2280e-02	  5.4797e-04	  1.6937e-02	  7.9062e-03	  1.2512e-05	  4.7428e-02	  7.8023e-04	  2.9899e-04	  7.6970e-03	  0.0000e+00	  1.9994e-03	
  7.1000e+01	  6.4611e+00	  5.7009e-12	  2.6324e-03	  1.6205e-02	  2.9820e-03	  7.7426e-03	  1.3614e+04	  8.7712e-02	  2.2838e-01	  4.8663e-01	  9.3108e-01	  2.3696e-01	  1.8344e+01	  1.5129e+00	  7.3271e-03	  6.3028e-01	  1.0268e-01	  1.0268e-01	  3.6486e+00	  1.4409e+01	  3.2164e-01	  1.0106e+00	  1.0177e+00	  1.0017e+00	  2.5892e-02	  2.2967e-01	  2.9029e-01	  1.2425e-02	  5.5291e-04	  1.7060e-02	  7.9680e-03	  1.2620e-05	  4.7853e-02	  7.7795e-04	  2.9994e-04	  7.7426e-03	  0.0000e+00	  1.9994e-03	
  7.2000e+01	  6.4579e+00	  5.6346e-12	  2.6651e-03	  1.6490e-02	  3.0116e-03	  7.7875e-03	  1.3717e+04	  8.7272e-02	  2.2706e-01	  4.8480e-01	  9.3023e-01	  2.2714e-01	  1.8350e+01	  1.5098e+00	  7.2551e-03	  6.2272e-01	  1.0320e-01	  1.0320e-01	  3.6744e+00	  1.4187e+01	  3.2275e-01	  1.0106e+00	  1.0179e+00	  1.0017e+00	  2.5892e-02	  2.3272e-01	  2.9493e-01	  1.2570e-02	  5.5780e-04	  1.7182e-02	  8.0292e-03	  1.2728e-05	  4.8273e-02	  7.7580e-04	  3.0087e-04	  7.7875e-03	  0.0000e+00	  1.9994e-03	
  7.3000e+01	  6.4547e+00	  5.5704e-12	  2.6975e-03	  1.6774e-02	  3.0408e-03	  7.8318e-03	  1.3819e+04	  8.6842e-02	  2.2578e-01	  4.8301e-01	  9.2938e-01	  2.1783e-01	  1.8357e+01	  1.5067e+00	  7.1875e-03	  6.1519e-01	  1.0372e-01	  1.0372e-01	  3.6998e+00	  1.3962e+01	  3.2384e-01	  1.0106e+00	  1.0181e+00	  1.0018e+00	  2.5893e-02	  2.3574e-01	  2.9953e-01	  1.2713e-02	  5.6265e-04	  1.7302e-02	  8.0898e-03	  1.2834e-05	  4.8688e-02	  7.7377e-04	  3.0178e-04	  7.8318e-03	  0.0000e+00	  1.9994e-03	
  7.4000e+01	  6.4517e+00	  5.5084e-12	  2.7294e-03	  1.7055e-02	  3.0696e-03	  7.8754e-03	  1.3920e+04	  8.6421e-02	  2.2452e-01	  4.8125e-01	  9.2854e-01	  2.0900e-01	  1.8363e+01	  1.5036e+00	  7.1241e-03	  6.0770e-01	  1.0423e-01	  1.0423e-01	  3.7248e+00	  1.3734e+01	  3.2491e-01	  1.0106e+00	  1.0183e+00	  1.0018e+00	  2.5893e-02	  2.3873e-01	  3.0408e-01	  1.2855e-02	  5.6747e-04	  1.7421e-02	  8.1497e-03	  1.2939e-05	  4.9100e-02	  7.7187e-04	  3.0269e-04	  7.8754e-03	  0.0000e+00	  1.9994e-03	
  7.5000e+01	  6.4487e+00	  5.4484e-12	  2.7609e-03	  1.7335e-02	  3.0982e-03	  7.9184e-03	  1.4020e+04	  8.6011e-02	  2.2329e-01	  4.7952e-01	  9.2771e-01	  2.0062e-01	  1.8368e+01	  1.5005e+00	  7.0650e-03	  6.0026e-01	  1.0473e-01	  1.0473e-01	  3.7493e+00	  1.3503e+01	  3.2597e-01	  1.0106e+00	  1.0185e+00	  1.0018e+00	  2.5893e-02	  2.4168e-01	  3.0860e-01	  1.2997e-02	  5.7224e-04	  1.7538e-02	  8.2090e-03	  1.3042e-05	  4.9507e-02	  7.7008e-04	  3.0358e-04	  7.9184e-03	  0.0000e+00	  1.9994e-03	
  7.6000e+01	  6.4457e+00	  5.3903e-12	  2.7921e-03	  1.7612e-02	  3.1263e-03	  7.9608e-03	  1.4119e+04	  8.5609e-02	  2.2209e-01	  4.7782e-01	  9.2688e-01	  1.9268e-01	  1.8374e+01	  1.4975e+00	  7.0094e-03	  5.9287e-01	  1.0522e-01	  1.0522e-01	  3.7734e+00	  1.3270e+01	  3.2702e-01	  1.0106e+00	  1.0188e+00	  1.0019e+00	  2.5893e-02	  2.4460e-01	  3.1307e-01	  1.3137e-02	  5.7698e-04	  1.7654e-02	  8.2677e-03	  1.3144e-05	  4.9910e-02	  7.6842e-04	  3.0445e-04	  7.9608e-03	  0.0000e+00	  1.9994e-03	
  7.7000e+01	  6.4428e+00	  5.3340e-12	  2.8228e-03	  1.7887e-02	  3.1542e-03	  8.0026e-03	  1.4217e+04	  8.5216e-02	  2.2091e-01	  4.7616e-01	  9.2606e-01	  1.8514e-01	  1.8379e+01	  1.4944e+00	  6.9579e-03	  5.8553e-01	  1.0570e-01	  1.0570e-01	  3.7972e+00	  1.3033e+01	  3.2805e-01	  1.0106e+00	  1.0190e+00	  1.0019e+00	  2.5893e-02	  2.4748e-01	  3.1750e-01	  1.3276e-02	  5.8168e-04	  1.7768e-02	  8.3258e-03	  1.3245e-05	  5.0309e-02	  7.6686e-04	  3.0532e-04	  8.0026e-03	  0.0000e+00	  1.9994e-03	
  7.8000e+01	  6.4400e+00	  5.2795e-12	  2.8531e-03	  1.8160e-02	  3.1817e-03	  8.0438e-03	  1.4313e+04	  8.4832e-02	  2.1976e-01	  4.7452e-01	  9.2524e-01	  1.7800e-01	  1.8384e+01	  1.4913e+00	  6.9100e-03	  5.7824e-01	  1.0618e-01	  1.0618e-01	  3.8205e+00	  1.2793e+01	  3.2908e-01	  1.0106e+00	  1.0192e+00	  1.0019e+00	  2.5893e-02	  2.5033e-01	  3.2189e-01	  1.3414e-02	  5.8634e-04	  1.7881e-02	  8.3833e-03	  1.3345e-05	  5.0704e-02	  7.6542e-04	  3.0617e-04	  8.0438e-03	  0.0000e+00	  1.9994e-03	
  7.9000e+01	  6.4372e+00	  5.2267e-12	  2.8831e-03	  1.8432e-02	  3.2089e-03	  8.0845e-03	  1.4409e+04	  8.4456e-02	  2.1863e-01	  4.7292e-01	  9.2443e-01	  1.7122e-01	  1.8389e+01	  1.4883e+00	  6.8657e-03	  5.7101e-01	  1.0665e-01	  1.0665e-01	  3.8435e+00	  1.2551e+01	  3.3009e-01	  1.0106e+00	  1.0194e+00	  1.0019e+00	  2.5893e-02	  2.5314e-01	  3.2624e-01	  1.3551e-02	  5.9096e-04	  1.7993e-02	  8.4402e-03	  1.3444e-05	  5.1094e-02	  7.6408e-04	  3.0700e-04	  8.0845e-03	  0.0000e+00	  1.9994e-03	
  8.0000e+01	  6.4345e+00	  5.1755e-12	  2.9127e-03	  1.8700e-02	  3.2358e-03	  8.1246e-03	  1.4503e+04	  8.4088e-02	  2.1753e-01	  4.7134e-01	  9.2363e-01	  1.6479e-01	  1.8394e+01	  1.4852e+00	  6.8248e-03	  5.6384e-01	  1.0711e-01	  1.0711e-01	  3.8661e+00	  1.2305e+01	  3.3109e-01	  1.0106e+00	  1.0196e+00	  1.0020e+00	  2.5893e-02	  2.5593e-01	  3.3054e-01	  1.3687e-02	  5.9554e-04	  1.8104e-02	  8.4966e-03	  1.3541e-05	  5.1481e-02	  7.6284e-04	  3.0783e-04	  8.1246e-03	  0.0000e+00	  1.9994e-03	
  8.1000e+01	  6.4319e+00	  5.1259e-12	  2.9420e-03	  1.8967e-02	  3.2624e-03	  8.1642e-03	  1.4597e+04	  8.3728e-02	  2.1645e-01	  4.6979e-01	  9.2283e-01	  1.5868e-01	  1.8398e+01	  1.4822e+00	  6.7872e-03	  5.5673e-01	  1.0756e-01	  1.0756e-01	  3.8884e+00	  1.2057e+01	  3.3209e-01	  1.0106e+00	  1.0198e+00	  1.0020e+00	  2.5893e-02	  2.5868e-01	  3.3480e-01	  1.3822e-02	  6.0009e-04	  1.8213e-02	  8.5524e-03	  1.3638e-05	  5.1864e-02	  7.6169e-04	  3.0864e-04	  8.1642e-03	  0.0000e+00	  1.9994e-03	
  8.2000e+01	  6.4292e+00	  5.0778e-12	  2.9708e-03	  1.9232e-02	  3.2887e-03	  8.2033e-03	  1.4689e+04	  8.3376e-02	  2.1539e-01	  4.6827e-01	  9.2204e-01	  1.5289e-01	  1.8402e+01	  1.4791e+00	  6.7528e-03	  5.4969e-01	  1.0801e-01	  1.0801e-01	  3.9103e+00	  1.1806e+01	  3.3308e-01	  1.0106e+00	  1.0200e+00	  1.0020e+00	  2.5893e-02	  2.6140e-01	  3.3903e-01	  1.3955e-02	  6.0460e-04	  1.8321e-02	  8.6076e-03	  1.3733e-05	  5.2243e-02	  7.6064e-04	  3.0945e-04	  8.2033e-03	  0.0000e+00	  1.9994e-03	
  8.3000e+01	  6.4267e+00	  5.0312e-12	  2.9994e-03	  1.9494e-02	  3.3147e-03	  8.2418e-03	  1.4780e+04	  8.3031e-02	  2.1435e-01	  4.6678e-01	  9.2126e-01	  1.4739e-01	  1.8406e+01	  1.4761e+00	  6.7216e-03	  5.4271e-01	  1.0844e-01	  1.0844e-01	  3.9320e+00	  1.1552e+01	  3.3405e-01	  1.0106e+00	  1.0202e+00	  1.0021e+00	  2.5893e-02	  2.6408e-01	  3.4321e-01	  1.4088e-02	  6.0907e-04	  1.8427e-02	  8.6622e-03	  1.3828e-05	  5.2618e-02	  7.5968e-04	  3.1024e-04	  8.2418e-03	  0.0000e+00	  1.9994e-03	
  8.4000e+01	  6.4241e+00	  4.9859e-12	  3.0275e-03	  1.9754e-02	  3.3404e-03	  8.2798e-03	  1.4871e+04	  8.2693e-02	  2.1334e-01	  4.6531e-01	  9.2048e-01	  1.4217e-01	  1.8410e+01	  1.4730e+00	  6.6932e-03	  5.3581e-01	  1.0887e-01	  1.0887e-01	  3.9533e+00	  1.1295e+01	  3.3503e-01	  1.0106e+00	  1.0204e+00	  1.0021e+00	  2.5893e-02	  2.6674e-01	  3.4734e-01	  1.4220e-02	  6.1350e-04	  1.8533e-02	  8.7163e-03	  1.3921e-05	  5.2989e-02	  7.5880e-04	  3.1101e-04	  8.2798e-03	  0.0000e+00	  1.9993e-03	
  8.5000e+01	  6.4217e+00	  4.9419e-12	  3.0554e-03	  2.0012e-02	  3.3658e-03	  8.3174e-03	  1.4960e+04	  8.2362e-02	  2.1235e-01	  4.6386e-01	  9.1971e-01	  1.3721e-01	  1.8414e+01	  1.4700e+00	  6.6676e-03	  5.2897e-01	  1.0930e-01	  1.0930e-01	  3.9742e+00	  1.1035e+01	  3.3599e-01	  1.0106e+00	  1.0206e+00	  1.0021e+00	  2.5893e-02	  2.6936e-01	  3.5144e-01	  1.4350e-02	  6.1790e-04	  1.8637e-02	  8.7698e-03	  1.4013e-05	  5.3357e-02	  7.5800e-04	  3.1178e-04	  8.3174e-03	  0.0000e+00	  1.9993e-03	
  8.6000e+01	  6.4192e+00	  4.8993e-12	  3.0829e-03	  2.0267e-02	  3.3910e-03	  8.3545e-03	  1.5048e+04	  8.2037e-02	  2.1137e-01	  4.6245e-01	  9.1895e-01	  1.3250e-01	  1.8417e+01	  1.4670e+00	  6.6448e-03	  5.2220e-01	  1.0971e-01	  1.0971e-01	  3.9949e+00	  1.0773e+01	  3.3695e-01	  1.0106e+00	  1.0207e+00	  1.0021e+00	  2.5893e-02	  2.7196e-01	  3.5550e-01	  1.4480e-02	  6.2226e-04	  1.8740e-02	  8.8228e-03	  1.4104e-05	  5.3720e-02	  7.5728e-04	  3.1254e-04	  8.3545e-03	  0.0000e+00	  1.9993e-03	
  8.7000e+01	  6.4169e+00	  4.8579e-12	  3.1100e-03	  2.0520e-02	  3.4158e-03	  8.3911e-03	  1.5136e+04	  8.1720e-02	  2.1042e-01	  4.6105e-01	  9.1819e-01	  1.2803e-01	  1.8420e+01	  1.4640e+00	  6.6247e-03	  5.1551e-01	  1.1012e-01	  1.1012e-01	  4.0153e+00	  1.0508e+01	  3.3790e-01	  1.0106e+00	  1.0209e+00	  1.0022e+00	  2.5894e-02	  2.7452e-01	  3.5951e-01	  1.4608e-02	  6.2658e-04	  1.8842e-02	  8.8753e-03	  1.4194e-05	  5.4080e-02	  7.5664e-04	  3.1329e-04	  8.3911e-03	  0.0000e+00	  1.9993e-03	
  8.8000e+01	  6.4145e+00	  4.8176e-12	  3.1369e-03	  2.0771e-02	  3.4404e-03	  8.4272e-03	  1.5222e+04	  8.1408e-02	  2.0948e-01	  4.5968e-01	  9.1744e-01	  1.2378e-01	  1.8424e+01	  1.4610e+00	  6.6069e-03	  5.0889e-01	  1.1052e-01	  1.1052e-01	  4.0354e+00	  1.0240e+01	  3.3885e-01	  1.0106e+00	  1.0211e+00	  1.0022e+00	  2.5894e-02	  2.7705e-01	  3.6348e-01	  1.4736e-02	  6.3087e-04	  1.8942e-02	  8.9272e-03	  1.4284e-05	  5.4437e-02	  7.5607e-04	  3.1402e-04	  8.4272e-03	  0.0000e+00	  1.9993e-03	
  8.9000e+01	  6.4122e+00	  4.7785e-12	  3.1634e-03	  2.1020e-02	  3.4647e-03	  8.4629e-03	  1.5308e+04	  8.1103e-02	  2.0856e-01	  4.5833e-01	  9.1669e-01	  1.1973e-01	  1.8427e+01	  1.4580e+00	  6.5919e-03	  5.0234e-01	  1.1092e-01	  1.1092e-01	  4.0553e+00	  9.9695e+00	  3.3980e-01	  1.0106e+00	  1.0213e+00	  1.0022e+00	  2.5894e-02	  2.7956e-01	  3.6742e-01	  1.4862e-02	  6.3512e-04	  1.9042e-02	  8.9786e-03	  1.4372e-05	  5.4789e-02	  7.5556e-04	  3.1475e-04	  8.4629e-03	  0.0000e+00	  1.9993e-03	
  9.0000e+01	  6.4099e+00	  4.7405e-12	  3.1896e-03	  2.1266e-02	  3.4888e-03	  8.4981e-03	  1.5392e+04	  8.0804e-02	  2.0766e-01	  4.5701e-01	  9.1595e-01	  1.1589e-01	  1.8430e+01	  1.4550e+00	  6.5789e-03	  4.9587e-01	  1.1131e-01	  1.1131e-01	  4.0748e+00	  9.6962e+00	  3.4074e-01	  1.0106e+00	  1.0215e+00	  1.0022e+00	  2.5894e-02	  2.8204e-01	  3.7131e-01	  1.4988e-02	  6.3933e-04	  1.9140e-02	  9.0295e-03	  1.4459e-05	  5.5138e-02	  7.5512e-04	  3.1546e-04	  8.4981e-03	  0.0000e+00	  1.9993e-03	
  9.1000e+01	  6.4077e+00	  4.7036e-12	  3.2155e-03	  2.1510e-02	  3.5126e-03	  8.5330e-03	  1.5476e+04	  8.0510e-02	  2.0678e-01	  4.5570e-01	  9.1522e-01	  1.1223e-01	  1.8432e+01	  1.4520e+00	  6.5684e-03	  4.8948e-01	  1.1169e-01	  1.1169e-01	  4.0941e+00	  9.4202e+00	  3.4168e-01	  1.0106e+00	  1.0217e+00	  1.0023e+00	  2.5894e-02	  2.8449e-01	  3.7516e-01	  1.5112e-02	  6.4351e-04	  1.9237e-02	  9.0799e-03	  1.4546e-05	  5.5484e-02	  7.5474e-04	  3.1617e-04	  8.5330e-03	  0.0000e+00	  1.9993e-03	
  9.2000e+01	  6.4055e+00	  4.6677e-12	  3.2411e-03	  2.1752e-02	  3.5361e-03	  8.5674e-03	  1.5559e+04	  8.0223e-02	  2.0592e-01	  4.5442e-01	  9.1449e-01	  1.0874e-01	  1.8435e+01	  1.4491e+00	  6.5598e-03	  4.8316e-01	  1.1206e-01	  1.1206e-01	  4.1132e+00	  9.1416e+00	  3.4261e-01	  1.0106e+00	  1.0218e+00	  1.0023e+00	  2.5894e-02	  2.8691e-01	  3.7897e-01	  1.5235e-02	  6.4766e-04	  1.9333e-02	  9.1298e-03	  1.4631e-05	  5.5826e-02	  7.5442e-04	  3.1687e-04	  8.5674e-03	  0.0000e+00	  1.9993e-03	
  9.3000e+01	  6.4034e+00	  4.6328e-12	  3.2663e-03	  2.1991e-02	  3.5595e-03	  8.6014e-03	  1.5641e+04	  7.9941e-02	  2.0507e-01	  4.5316e-01	  9.1377e-01	  1.0543e-01	  1.8437e+01	  1.4461e+00	  6.5532e-03	  4.7692e-01	  1.1243e-01	  1.1243e-01	  4.1320e+00	  8.8604e+00	  3.4355e-01	  1.0106e+00	  1.0220e+00	  1.0023e+00	  2.5894e-02	  2.8930e-01	  3.8275e-01	  1.5358e-02	  6.5177e-04	  1.9428e-02	  9.1791e-03	  1.4716e-05	  5.6165e-02	  7.5415e-04	  3.1755e-04	  8.6014e-03	  0.0000e+00	  1.9993e-03	
  9.4000e+01	  6.4013e+00	  4.5988e-12	  3.2913e-03	  2.2228e-02	  3.5825e-03	  8.6349e-03	  1.5722e+04	  7.9664e-02	  2.0424e-01	  4.5192e-01	  9.1305e-01	  1.0227e-01	  1.8440e+01	  1.4431e+00	  6.5488e-03	  4.7076e-01	  1.1279e-01	  1.1279e-01	  4.1505e+00	  8.5765e+00	  3.4448e-01	  1.0106e+00	  1.0222e+00	  1.0023e+00	  2.5894e-02	  2.9167e-01	  3.8648e-01	  1.5479e-02	  6.5584e-04	  1.9522e-02	  9.2280e-03	  1.4799e-05	  5.6500e-02	  7.5393e-04	  3.1823e-04	  8.6349e-03	  0.0000e+00	  1.9993e-03	
  9.5000e+01	  6.3992e+00	  4.5657e-12	  3.3160e-03	  2.2463e-02	  3.6053e-03	  8.6681e-03	  1.5802e+04	  7.9392e-02	  2.0342e-01	  4.5070e-01	  9.1234e-01	  9.9258e-02	  1.8442e+01	  1.4402e+00	  6.5463e-03	  4.6468e-01	  1.1315e-01	  1.1315e-01	  4.1689e+00	  8.2900e+00	  3.4540e-01	  1.0106e+00	  1.0223e+00	  1.0024e+00	  2.5894e-02	  2.9401e-01	  3.9018e-01	  1.5599e-02	  6.5988e-04	  1.9615e-02	  9.2764e-03	  1.4882e-05	  5.6831e-02	  7.5377e-04	  3.1890e-04	  8.6681e-03	  0.0000e+00	  1.9993e-03	
  9.6000e+01	  6.3972e+00	  4.5335e-12	  3.3405e-03	  2.2696e-02	  3.6279e-03	  8.7009e-03	  1.5881e+04	  7.9126e-02	  2.0262e-01	  4.4951e-01	  9.1164e-01	  9.6387e-02	  1.8444e+01	  1.4372e+00	  6.5456e-03	  4.5867e-01	  1.1349e-01	  1.1349e-01	  4.1869e+00	  8.0010e+00	  3.4633e-01	  1.0106e+00	  1.0225e+00	  1.0024e+00	  2.5894e-02	  2.9632e-01	  3.9384e-01	  1.5719e-02	  6.6389e-04	  1.9707e-02	  9.3243e-03	  1.4964e-05	  5.7160e-02	  7.5365e-04	  3.1956e-04	  8.7009e-03	  0.0000e+00	  1.9993e-03	
  9.7000e+01	  6.3951e+00	  4.5022e-12	  3.3646e-03	  2.2926e-02	  3.6503e-03	  8.7333e-03	  1.5960e+04	  7.8864e-02	  2.0183e-01	  4.4833e-01	  9.1094e-01	  9.3649e-02	  1.8446e+01	  1.4343e+00	  6.5464e-03	  4.5274e-01	  1.1384e-01	  1.1384e-01	  4.2048e+00	  7.7094e+00	  3.4726e-01	  1.0106e+00	  1.0227e+00	  1.0024e+00	  2.5894e-02	  2.9861e-01	  3.9745e-01	  1.5837e-02	  6.6786e-04	  1.9798e-02	  9.3717e-03	  1.5046e-05	  5.7485e-02	  7.5357e-04	  3.2021e-04	  8.7333e-03	  0.0000e+00	  1.9993e-03	
  9.8000e+01	  6.3932e+00	  4.4717e-12	  3.3885e-03	  2.3154e-02	  3.6724e-03	  8.7654e-03	  1.6037e+04	  7.8608e-02	  2.0106e-01	  4.4716e-01	  9.1025e-01	  9.1035e-02	  1.8448e+01	  1.4313e+00	  6.5490e-03	  4.4689e-01	  1.1417e-01	  1.1417e-01	  4.2225e+00	  7.4152e+00	  3.4819e-01	  1.0106e+00	  1.0228e+00	  1.0024e+00	  2.5894e-02	  3.0087e-01	  4.0104e-01	  1.5954e-02	  6.7179e-04	  1.9887e-02	  9.4186e-03	  1.5126e-05	  5.7807e-02	  7.5354e-04	  3.2085e-04	  8.7654e-03	  0.0000e+00	  1.9993e-03	
  9.9000e+01	  6.3912e+00	  4.4420e-12	  3.4121e-03	  2.3380e-02	  3.6943e-03	  8.7971e-03	  1.6114e+04	  7.8356e-02	  2.0030e-01	  4.4602e-01	  9.0957e-01	  8.8540e-02	  1.8450e+01	  1.4284e+00	  6.5531e-03	  4.4112e-01	  1.1450e-01	  1.1450e-01	  4.2399e+00	  7.1186e+00	  3.4911e-01	  1.0106e+00	  1.0230e+00	  1.0025e+00	  2.5894e-02	  3.0311e-01	  4.0458e-01	  1.6071e-02	  6.7570e-04	  1.9976e-02	  9.4651e-03	  1.5205e-05	  5.8125e-02	  7.5354e-04	  3.2148e-04	  8.7971e-03	  0.0000e+00	  1.9993e-03	
  1.0000e+02	  6.3893e+00	  4.4130e-12	  3.4354e-03	  2.3604e-02	  3.7160e-03	  8.8284e-03	  1.6190e+04	  7.8109e-02	  1.9956e-01	  4.4490e-01	  9.0889e-01	  8.6156e-02	  1.8452e+01	  1.4255e+00	  6.5589e-03	  4.3543e-01	  1.1483e-01	  1.1483e-01	  4.2571e+00	  6.8194e+00	  3.5004e-01	  1.0106e+00	  1.0232e+00	  1.0025e+00	  2.5894e-02	  3.0532e-01	  4.0809e-01	  1.6186e-02	  6.7957e-04	  2.0064e-02	  9.5111e-03	  1.5284e-05	  5.8440e-02	  7.5358e-04	  3.2211e-04	  8.8284e-03	  0.0000e+00	  1.9993e-03	
