        Time	          pH	       Ozero	          HS	         CH4	        CO2g	         CO2	          SC	        fsl1	        fsl2	        fsl3	        fsl4	         POM	         MOM	         QOM	         DOM	          BA	          EP	          EM	          IC	       Total	     OrgAcid	        Aero	        SulR	        Meth	       Caero	       Csulr	       Cmeth	          Na	           K	          Ca	          Mg	         PO4	          Cl	         SO4	         NH4	        HCO3	         FeS	      Pyrite	
  0.0000e+00	  6.9509e+00	  2.5557e-04	  1.0001e-07	  0.0000e+00	  0.0000e+00	  9.0006e-06	  1.0504e+02	  7.6982e-01	  9.7338e-01	  9.9060e-01	  9.9999e-01	  0.0000e+00	  0.0000e+00	  0.0000e+00	  0.0000e+00	  0.0000e+00	  0.0000e+00	  0.0000e+00	  0.0000e+00	  0.0000e+00	  0.0000e+00	  0.0000e+00	  0.0000e+00	  0.0000e+00	  0.0000e+00	  0.0000e+00	  0.0000e+00	  1.1401e-04	  2.8002e-05	  1.8275e-04	  7.9006e-05	  5.0003e-06	  1.3301e-04	  4.0003e-06	  3.8003e-05	  9.0006e-06	  0.0000e+00	  0.0000e+00	
  0.0000e+00	  6.9509e+00	  2.5557e-04	  1.0001e-07	  0.0000e+00	  0.0000e+00	  9.0006e-06	  1.0504e+02	  7.6982e-01	  9.7338e-01	  9.9060e-01	  9.9999e-01	  0.0000e+00	  0.0000e+00	  0.0000e+00	  0.0000e+00	  0.0000e+00	  0.0000e+00	  0.0000e+00	  0.0000e+00	  0.0000e+00	  0.0000e+00	  0.0000e+00	  0.0000e+00	  0.0000e+00	  0.0000e+00	  0.0000e+00	  0.0000e+00	  1.1401e-04	  2.8002e-05	  1.8275e-04	  7.9006e-05	  5.0003e-06	  1.3301e-04	  4.0003e-06	  3.8003e-05	  9.0006e-06	  0.0000e+00	  0.0000e+00	
  1.0000e+00	  6.5895e+00	  1.4452e-08	  7.3665e-06	  1.4320e-05	  3.4728e-04	  9.3026e-04	  8.4607e+02	  4.2193e-01	  8.2252e-01	  9.3322e-01	  9.9943e-01	  4.5659e+00	  1.5974e+01	  1.7583e+00	  2.1289e-01	  6.4159e-01	  5.2531e-02	  5.2531e-02	  3.6884e-01	  2.3115e+01	  4.5870e-02	  1.0106e+00	  1.0000e+00	  1.0000e+00	  2.5875e-02	  1.2297e-04	  0.0000e+00	  3.3695e-04	  6.7328e-05	  1.0924e-03	  4.9088e-04	  1.1511e-04	  1.7621e-03	  2.6882e-04	  8.8707e-05	  9.3026e-04	  0.0000e+00	  1.4092e-03	
  2.0000e+00	  6.5348e+00	  4.1476e-10	  1.1289e-05	  1.4325e-05	  4.0470e-04	  1.0121e-03	  1.2773e+03	  3.5083e-01	  7.5504e-01	  9.0363e-01	  9.9882e-01	  4.4254e+00	  1.6047e+01	  1.7529e+00	  6.9279e-02	  7.0614e-01	  5.3157e-02	  5.3157e-02	  4.9336e-01	  2.2990e+01	  7.4192e-02	  1.0106e+00	  1.0001e+00	  1.0000e+00	  2.5884e-02	  6.5268e-04	  0.0000e+00	  4.8909e-04	  8.3123e-05	  1.6224e-03	  7.3307e-04	  9.0278e-05	  3.0257e-03	  4.2789e-04	  1.0652e-04	  1.0121e-03	  0.0000e+00	  1.4664e-03	
  3.0000e+00	  6.5062e+00	  2.0459e-10	  1.5757e-05	  1.4329e-05	  4.6470e-04	  1.1254e-03	  1.6506e+03	  3.0950e-01	  7.0511e-01	  8.7974e-01	  9.9816e-01	  4.2877e+00	  1.6119e+01	  1.7487e+00	  3.7377e-02	  7.3060e-01	  5.3823e-02	  5.3823e-02	  5.6316e-01	  2.2920e+01	  8.6653e-02	  1.0106e+00	  1.0001e+00	  1.0000e+00	  2.5886e-02	  1.5428e-03	  0.0000e+00	  6.4302e-04	  9.5909e-05	  2.0913e-03	  9.4848e-04	  7.5989e-05	  4.1419e-03	  5.5078e-04	  1.1966e-04	  1.1254e-03	  0.0000e+00	  1.6016e-03	
  4.0000e+00	  6.4901e+00	  1.3738e-10	  2.2925e-05	  1.4333e-05	  5.2578e-04	  1.2538e-03	  1.9902e+03	  2.8111e-01	  6.6519e-01	  8.5921e-01	  9.9745e-01	  4.1525e+00	  1.6190e+01	  1.7447e+00	  3.2218e-02	  7.4471e-01	  5.4507e-02	  5.4507e-02	  6.2093e-01	  2.2862e+01	  9.6005e-02	  1.0106e+00	  1.0003e+00	  1.0000e+00	  2.5888e-02	  2.7033e-03	  0.0000e+00	  8.0073e-04	  1.0718e-04	  2.5224e-03	  1.1473e-03	  6.5861e-05	  5.1724e-03	  6.5465e-04	  1.3029e-04	  1.2538e-03	  0.0000e+00	  1.7607e-03	
  5.0000e+00	  6.4821e+00	  1.0399e-10	  3.6362e-05	  1.4336e-05	  5.8695e-04	  1.3927e-03	  2.3070e+03	  2.5985e-01	  6.3187e-01	  8.4100e-01	  9.9670e-01	  4.0200e+00	  1.6259e+01	  1.7407e+00	  3.0778e-02	  7.5689e-01	  5.5203e-02	  5.5203e-02	  6.7884e-01	  2.2804e+01	  1.0464e-01	  1.0106e+00	  1.0004e+00	  1.0000e+00	  2.5889e-02	  4.1074e-03	  0.0000e+00	  9.6244e-04	  1.1753e-04	  2.9271e-03	  1.3345e-03	  5.7789e-05	  6.1441e-03	  7.4544e-04	  1.3934e-04	  1.3927e-03	  0.0000e+00	  1.8877e-03	
  6.0000e+00	  6.4800e+00	  8.3828e-11	  5.8109e-05	  1.4340e-05	  6.4746e-04	  1.5404e-03	  2.6070e+03	  2.4307e-01	  6.0329e-01	  8.2452e-01	  9.9591e-01	  3.8900e+00	  1.6327e+01	  1.7368e+00	  2.9817e-02	  7.6833e-01	  5.5910e-02	  5.5910e-02	  7.3854e-01	  2.2744e+01	  1.1286e-01	  1.0106e+00	  1.0006e+00	  1.0000e+00	  2.5890e-02	  5.7456e-03	  0.0000e+00	  1.1279e-03	  1.2727e-04	  3.3120e-03	  1.5128e-03	  5.0942e-05	  7.0716e-03	  8.2602e-04	  1.4729e-04	  1.5404e-03	  0.0000e+00	  1.9504e-03	
  7.0000e+00	  6.4819e+00	  7.0252e-11	  8.6085e-05	  1.4343e-05	  7.0724e-04	  1.6956e-03	  2.8938e+03	  2.2934e-01	  5.7831e-01	  8.0942e-01	  9.9510e-01	  3.7625e+00	  1.6394e+01	  1.7329e+00	  2.8949e-02	  7.7919e-01	  5.6628e-02	  5.6628e-02	  8.0014e-01	  2.2683e+01	  1.2074e-01	  1.0106e+00	  1.0007e+00	  1.0000e+00	  2.5890e-02	  7.6108e-03	  0.0000e+00	  1.2969e-03	  1.3659e-04	  3.6809e-03	  1.6842e-03	  4.5099e-05	  7.9641e-03	  8.9810e-04	  1.5440e-04	  1.6956e-03	  0.0000e+00	  1.9753e-03	
  8.0000e+00	  6.4863e+00	  6.0457e-11	  1.1846e-04	  1.4346e-05	  7.6637e-04	  1.8577e-03	  3.1696e+03	  2.1781e-01	  5.5619e-01	  7.9544e-01	  9.9426e-01	  3.6376e+00	  1.6460e+01	  1.7290e+00	  2.8128e-02	  7.8947e-01	  5.7355e-02	  5.7355e-02	  8.6359e-01	  2.2619e+01	  1.2828e-01	  1.0106e+00	  1.0010e+00	  1.0000e+00	  2.5891e-02	  9.6966e-03	  0.0000e+00	  1.4688e-03	  1.4557e-04	  4.0367e-03	  1.8496e-03	  4.0124e-05	  8.8280e-03	  9.6284e-04	  1.6087e-04	  1.8577e-03	  0.0000e+00	  1.9861e-03	
  9.0000e+00	  6.4925e+00	  5.3040e-11	  1.5451e-04	  1.4350e-05	  8.2488e-04	  2.0259e-03	  3.4363e+03	  2.0793e-01	  5.3637e-01	  7.8242e-01	  9.9339e-01	  3.5153e+00	  1.6524e+01	  1.7251e+00	  2.7344e-02	  7.9919e-01	  5.8092e-02	  5.8092e-02	  9.2879e-01	  2.2554e+01	  1.3549e-01	  1.0106e+00	  1.0012e+00	  1.0000e+00	  2.5892e-02	  1.1996e-02	  0.0000e+00	  1.6435e-03	  1.5430e-04	  4.3812e-03	  2.0100e-03	  3.5877e-05	  9.6673e-03	  1.0211e-03	  1.6682e-04	  2.0259e-03	  0.0000e+00	  1.9913e-03	
  1.0000e+01	  6.4998e+00	  4.7221e-11	  1.9391e-04	  1.4353e-05	  8.8274e-04	  2.1999e-03	  3.6950e+03	  1.9935e-01	  5.1845e-01	  7.7022e-01	  9.9250e-01	  3.3956e+00	  1.6587e+01	  1.7213e+00	  2.6595e-02	  8.0835e-01	  5.8837e-02	  5.8837e-02	  9.9567e-01	  2.2487e+01	  1.4240e-01	  1.0106e+00	  1.0014e+00	  1.0000e+00	  2.5892e-02	  1.4502e-02	  0.0000e+00	  1.8206e-03	  1.6282e-04	  4.7158e-03	  2.1659e-03	  3.2241e-05	  1.0485e-02	  1.0734e-03	  1.7233e-04	  2.1999e-03	  0.0000e+00	  1.9942e-03	
  1.1000e+01	  6.5078e+00	  4.2531e-11	  2.3643e-04	  1.4356e-05	  9.3996e-04	  2.3792e-03	  3.9467e+03	  1.9178e-01	  5.0215e-01	  7.5872e-01	  9.9160e-01	  3.2785e+00	  1.6649e+01	  1.7175e+00	  2.5877e-02	  8.1696e-01	  5.9591e-02	  5.9591e-02	  1.0641e+00	  2.2418e+01	  1.4900e-01	  1.0106e+00	  1.0017e+00	  1.0000e+00	  2.5893e-02	  1.7206e-02	  0.0000e+00	  1.9998e-03	  1.7117e-04	  5.0419e-03	  2.3180e-03	  2.9115e-05	  1.1285e-02	  1.1204e-03	  1.7748e-04	  2.3792e-03	  0.0000e+00	  1.9960e-03	
  1.2000e+01	  6.5163e+00	  3.9260e-11	  2.7438e-04	  1.2485e-04	  9.8673e-04	  2.5385e-03	  4.1923e+03	  1.8505e-01	  4.8721e-01	  7.4786e-01	  9.9067e-01	  3.1640e+00	  1.6710e+01	  1.7137e+00	  2.5191e-02	  8.2498e-01	  6.0352e-02	  6.0352e-02	  1.1261e+00	  2.2355e+01	  1.5530e-01	  1.0106e+00	  1.0019e+00	  1.0000e+00	  2.5893e-02	  2.0107e-02	  2.4886e-03	  2.1807e-03	  1.7937e-04	  5.3593e-03	  2.4671e-03	  2.6420e-05	  1.2067e-02	  1.1726e-03	  1.8231e-04	  2.5385e-03	  0.0000e+00	  1.9969e-03	
  1.3000e+01	  6.5252e+00	  3.6543e-11	  3.1359e-04	  2.5994e-04	  1.0310e-03	  2.6972e-03	  4.4321e+03	  1.7900e-01	  4.7346e-01	  7.3757e-01	  9.8972e-01	  3.0522e+00	  1.6769e+01	  1.7099e+00	  2.4533e-02	  8.3245e-01	  6.1120e-02	  6.1120e-02	  1.1877e+00	  2.2291e+01	  1.6131e-01	  1.0106e+00	  1.0022e+00	  1.0000e+00	  2.5894e-02	  2.3206e-02	  5.5707e-03	  2.3631e-03	  1.8744e-04	  5.6693e-03	  2.6131e-03	  2.4070e-05	  1.2835e-02	  1.2220e-03	  1.8686e-04	  2.6972e-03	  0.0000e+00	  1.9975e-03	
  1.4000e+01	  6.5343e+00	  3.4168e-11	  3.5531e-04	  3.9947e-04	  1.0747e-03	  2.8599e-03	  4.6668e+03	  1.7354e-01	  4.6074e-01	  7.2778e-01	  9.8876e-01	  2.9429e+00	  1.6827e+01	  1.7061e+00	  2.3897e-02	  8.3938e-01	  6.1894e-02	  6.1894e-02	  1.2503e+00	  2.2225e+01	  1.6705e-01	  1.0106e+00	  1.0025e+00	  1.0000e+00	  2.5894e-02	  2.6496e-02	  8.7924e-03	  2.5470e-03	  1.9541e-04	  5.9727e-03	  2.7560e-03	  2.2016e-05	  1.3588e-02	  1.2670e-03	  1.9117e-04	  2.8599e-03	  0.0000e+00	  1.9980e-03	
  1.5000e+01	  6.5436e+00	  3.2075e-11	  3.9941e-04	  5.4335e-04	  1.1178e-03	  3.0261e-03	  4.8965e+03	  1.6857e-01	  4.4894e-01	  7.1846e-01	  9.8779e-01	  2.8364e+00	  1.6884e+01	  1.7024e+00	  2.3284e-02	  8.4577e-01	  6.2675e-02	  6.2675e-02	  1.3139e+00	  2.2156e+01	  1.7253e-01	  1.0106e+00	  1.0027e+00	  1.0001e+00	  2.5895e-02	  2.9967e-02	  1.2148e-02	  2.7321e-03	  2.0328e-04	  6.2700e-03	  2.8963e-03	  2.0215e-05	  1.4328e-02	  1.3080e-03	  1.9527e-04	  3.0261e-03	  0.0000e+00	  1.9984e-03	
  1.6000e+01	  6.5528e+00	  3.0216e-11	  4.4577e-04	  6.9146e-04	  1.1602e-03	  3.1956e-03	  5.1219e+03	  1.6402e-01	  4.3795e-01	  7.0957e-01	  9.8680e-01	  2.7324e+00	  1.6939e+01	  1.6986e+00	  2.2692e-02	  8.5164e-01	  6.3460e-02	  6.3460e-02	  1.3783e+00	  2.2084e+01	  1.7775e-01	  1.0106e+00	  1.0030e+00	  1.0001e+00	  2.5895e-02	  3.3611e-02	  1.5632e-02	  2.9181e-03	  2.1106e-04	  6.5616e-03	  3.0339e-03	  1.8632e-05	  1.5055e-02	  1.3453e-03	  1.9917e-04	  3.1956e-03	  0.0000e+00	  1.9986e-03	
  1.7000e+01	  6.5619e+00	  2.8554e-11	  4.9426e-04	  8.4369e-04	  1.2022e-03	  3.3680e-03	  5.3430e+03	  1.5983e-01	  4.2767e-01	  7.0106e-01	  9.8580e-01	  2.6311e+00	  1.6993e+01	  1.6949e+00	  2.2120e-02	  8.5698e-01	  6.4251e-02	  6.4251e-02	  1.4435e+00	  2.2009e+01	  1.8273e-01	  1.0106e+00	  1.0033e+00	  1.0001e+00	  2.5896e-02	  3.7419e-02	  1.9239e-02	  3.1050e-03	  2.1876e-04	  6.8479e-03	  3.1691e-03	  1.7236e-05	  1.5771e-02	  1.3791e-03	  2.0290e-04	  3.3680e-03	  0.0000e+00	  1.9989e-03	
  1.8000e+01	  6.5708e+00	  2.7060e-11	  5.4475e-04	  9.9991e-04	  1.2436e-03	  3.5431e-03	  5.5603e+03	  1.5597e-01	  4.1804e-01	  6.9291e-01	  9.8479e-01	  2.5324e+00	  1.7046e+01	  1.6912e+00	  2.1566e-02	  8.6180e-01	  6.5046e-02	  6.5046e-02	  1.5094e+00	  2.1932e+01	  1.8747e-01	  1.0106e+00	  1.0037e+00	  1.0001e+00	  2.5896e-02	  4.1380e-02	  2.2962e-02	  3.2927e-03	  2.2639e-04	  7.1292e-03	  3.3021e-03	  1.6002e-05	  1.6476e-02	  1.4096e-03	  2.0648e-04	  3.5431e-03	  0.0000e+00	  1.9990e-03	
  1.9000e+01	  6.5795e+00	  2.5711e-11	  5.9711e-04	  1.1600e-03	  1.2846e-03	  3.7207e-03	  5.7738e+03	  1.5238e-01	  4.0899e-01	  6.8508e-01	  9.8377e-01	  2.4363e+00	  1.7098e+01	  1.6875e+00	  2.1029e-02	  8.6611e-01	  6.5844e-02	  6.5844e-02	  1.5759e+00	  2.1853e+01	  1.9199e-01	  1.0106e+00	  1.0040e+00	  1.0001e+00	  2.5897e-02	  4.5486e-02	  2.6797e-02	  3.4809e-03	  2.3395e-04	  7.4056e-03	  3.4330e-03	  1.4908e-05	  1.7171e-02	  1.4371e-03	  2.0991e-04	  3.7207e-03	  0.0000e+00	  1.9991e-03	
  2.0000e+01	  6.5880e+00	  2.4485e-11	  6.5120e-04	  1.3238e-03	  1.3250e-03	  3.9004e-03	  5.9838e+03	  1.4904e-01	  4.0047e-01	  6.7757e-01	  9.8274e-01	  2.3428e+00	  1.7148e+01	  1.6839e+00	  2.0509e-02	  8.6991e-01	  6.6646e-02	  6.6646e-02	  1.6428e+00	  2.1771e+01	  1.9630e-01	  1.0106e+00	  1.0044e+00	  1.0001e+00	  2.5897e-02	  4.9728e-02	  3.0736e-02	  3.6696e-03	  2.4145e-04	  7.6776e-03	  3.5618e-03	  1.3935e-05	  1.7856e-02	  1.4617e-03	  2.1321e-04	  3.9004e-03	  0.0000e+00	  1.9992e-03	
  2.1000e+01	  6.5962e+00	  2.3368e-11	  7.0690e-04	  1.4911e-03	  1.3651e-03	  4.0821e-03	  6.1905e+03	  1.4593e-01	  3.9242e-01	  6.7035e-01	  9.8171e-01	  2.2520e+00	  1.7197e+01	  1.6802e+00	  2.0004e-02	  8.7322e-01	  6.7450e-02	  6.7450e-02	  1.7102e+00	  2.1687e+01	  2.0039e-01	  1.0106e+00	  1.0047e+00	  1.0002e+00	  2.5897e-02	  5.4097e-02	  3.4775e-02	  3.8587e-03	  2.4888e-04	  7.9452e-03	  3.6886e-03	  1.3067e-05	  1.8531e-02	  1.4837e-03	  2.1639e-04	  4.0821e-03	  0.0000e+00	  1.9993e-03	
  2.2000e+01	  6.6041e+00	  2.2346e-11	  7.6409e-04	  1.6619e-03	  1.4047e-03	  4.2655e-03	  6.3940e+03	  1.4301e-01	  3.8481e-01	  6.6339e-01	  9.8066e-01	  2.1638e+00	  1.7244e+01	  1.6766e+00	  1.9514e-02	  8.7603e-01	  6.8257e-02	  6.8257e-02	  1.7779e+00	  2.1600e+01	  2.0429e-01	  1.0106e+00	  1.0051e+00	  1.0002e+00	  2.5898e-02	  5.8583e-02	  3.8908e-02	  4.0479e-03	  2.5625e-04	  8.2087e-03	  3.8136e-03	  1.2291e-05	  1.9197e-02	  1.5033e-03	  2.1945e-04	  4.2655e-03	  0.0000e+00	  1.9994e-03	
  2.3000e+01	  6.6118e+00	  2.1408e-11	  8.2264e-04	  1.8359e-03	  1.4439e-03	  4.4503e-03	  6.5944e+03	  1.4027e-01	  3.7761e-01	  6.5668e-01	  9.7961e-01	  2.0781e+00	  1.7291e+01	  1.6730e+00	  1.9038e-02	  8.7836e-01	  6.9066e-02	  6.9066e-02	  1.8458e+00	  2.1511e+01	  2.0800e-01	  1.0106e+00	  1.0055e+00	  1.0002e+00	  2.5898e-02	  6.3178e-02	  4.3128e-02	  4.2374e-03	  2.6357e-04	  8.4681e-03	  3.9368e-03	  1.1594e-05	  1.9854e-02	  1.5205e-03	  2.2241e-04	  4.4503e-03	  0.0000e+00	  1.9994e-03	
  2.4000e+01	  6.6192e+00	  2.0543e-11	  8.8242e-04	  2.0131e-03	  1.4828e-03	  4.6363e-03	  6.7919e+03	  1.3770e-01	  3.7076e-01	  6.5021e-01	  9.7855e-01	  1.9950e+00	  1.7336e+01	  1.6694e+00	  1.8576e-02	  8.8022e-01	  6.9876e-02	  6.9876e-02	  1.9139e+00	  2.1420e+01	  2.1152e-01	  1.0106e+00	  1.0058e+00	  1.0002e+00	  2.5898e-02	  6.7872e-02	  4.7431e-02	  4.4268e-03	  2.7084e-04	  8.7237e-03	  4.0583e-03	  1.0967e-05	  2.0503e-02	  1.5357e-03	  2.2528e-04	  4.6363e-03	  0.0000e+00	  1.9994e-03	
  2.5000e+01	  6.6262e+00	  1.9744e-11	  9.4334e-04	  2.1932e-03	  1.5212e-03	  4.8234e-03	  6.9865e+03	  1.3527e-01	  3.6426e-01	  6.4396e-01	  9.7749e-01	  1.9144e+00	  1.7380e+01	  1.6658e+00	  1.8126e-02	  8.8161e-01	  7.0686e-02	  7.0686e-02	  1.9821e+00	  2.1327e+01	  2.1488e-01	  1.0106e+00	  1.0062e+00	  1.0002e+00	  2.5899e-02	  7.2658e-02	  5.1810e-02	  4.6163e-03	  2.7805e-04	  8.9756e-03	  4.1782e-03	  1.0401e-05	  2.1143e-02	  1.5488e-03	  2.2805e-04	  4.8234e-03	  0.0000e+00	  1.9995e-03	
  2.6000e+01	  6.6330e+00	  1.9003e-11	  1.0053e-03	  2.3762e-03	  1.5593e-03	  5.0113e-03	  7.1784e+03	  1.3297e-01	  3.5807e-01	  6.3792e-01	  9.7642e-01	  1.8364e+00	  1.7422e+01	  1.6622e+00	  1.7690e-02	  8.8255e-01	  7.1497e-02	  7.1497e-02	  2.0503e+00	  2.1231e+01	  2.1807e-01	  1.0106e+00	  1.0066e+00	  1.0003e+00	  2.5899e-02	  7.7527e-02	  5.6260e-02	  4.8056e-03	  2.8521e-04	  9.2238e-03	  4.2964e-03	  9.8890e-06	  2.1775e-02	  1.5601e-03	  2.3074e-04	  5.0113e-03	  0.0000e+00	  1.9995e-03	
  2.7000e+01	  6.6395e+00	  1.8315e-11	  1.0681e-03	  2.5618e-03	  1.5970e-03	  5.1999e-03	  7.3676e+03	  1.3080e-01	  3.5217e-01	  6.3208e-01	  9.7535e-01	  1.7608e+00	  1.7463e+01	  1.6586e+00	  1.7265e-02	  8.8303e-01	  7.2308e-02	  7.2308e-02	  2.1185e+00	  2.1133e+01	  2.2111e-01	  1.0106e+00	  1.0070e+00	  1.0003e+00	  2.5899e-02	  8.2471e-02	  6.0776e-02	  4.9948e-03	  2.9232e-04	  9.4686e-03	  4.4131e-03	  9.4243e-06	  2.2400e-02	  1.5698e-03	  2.3334e-04	  5.1999e-03	  0.0000e+00	  1.9995e-03	
  2.8000e+01	  6.6457e+00	  1.7675e-11	  1.1317e-03	  2.7499e-03	  1.6344e-03	  5.3889e-03	  7.5542e+03	  1.2874e-01	  3.4654e-01	  6.2643e-01	  9.7428e-01	  1.6877e+00	  1.7503e+01	  1.6551e+00	  1.6852e-02	  8.8309e-01	  7.3119e-02	  7.3119e-02	  2.1865e+00	  2.1033e+01	  2.2400e-01	  1.0106e+00	  1.0074e+00	  1.0003e+00	  2.5900e-02	  8.7482e-02	  6.5353e-02	  5.1837e-03	  2.9937e-04	  9.7099e-03	  4.5282e-03	  9.0013e-06	  2.3017e-02	  1.5778e-03	  2.3587e-04	  5.3889e-03	  0.0000e+00	  1.9995e-03	
  2.9000e+01	  6.6517e+00	  1.7077e-11	  1.1960e-03	  2.9404e-03	  1.6713e-03	  5.5781e-03	  7.7383e+03	  1.2678e-01	  3.4116e-01	  6.2096e-01	  9.7320e-01	  1.6170e+00	  1.7542e+01	  1.6515e+00	  1.6451e-02	  8.8271e-01	  7.3928e-02	  7.3928e-02	  2.2544e+00	  2.0931e+01	  2.2674e-01	  1.0106e+00	  1.0079e+00	  1.0003e+00	  2.5900e-02	  9.2552e-02	  6.9985e-02	  5.3722e-03	  3.0638e-04	  9.9478e-03	  4.6419e-03	  8.6154e-06	  2.3626e-02	  1.5845e-03	  2.3833e-04	  5.5781e-03	  0.0000e+00	  1.9995e-03	
  3.0000e+01	  6.6574e+00	  1.6518e-11	  1.2609e-03	  3.1331e-03	  1.7080e-03	  5.7675e-03	  7.9199e+03	  1.2492e-01	  3.3602e-01	  6.1566e-01	  9.7212e-01	  1.5487e+00	  1.7580e+01	  1.6480e+00	  1.6060e-02	  8.8192e-01	  7.4736e-02	  7.4736e-02	  2.3219e+00	  2.0827e+01	  2.2935e-01	  1.0106e+00	  1.0083e+00	  1.0003e+00	  2.5900e-02	  9.7674e-02	  7.4667e-02	  5.5605e-03	  3.1334e-04	  1.0183e-02	  4.7542e-03	  8.2625e-06	  2.4229e-02	  1.5898e-03	  2.4072e-04	  5.7675e-03	  0.0000e+00	  1.9995e-03	
  3.1000e+01	  6.6518e+00	  1.5995e-11	  1.3249e-03	  3.3278e-03	  1.7598e-03	  5.8987e-03	  8.0898e+03	  1.2324e-01	  3.3135e-01	  6.1078e-01	  9.7109e-01	  1.4828e+00	  1.7616e+01	  1.6445e+00	  1.5681e-02	  8.8073e-01	  7.5542e-02	  7.5542e-02	  2.3892e+00	  2.0721e+01	  2.3184e-01	  1.0106e+00	  1.0087e+00	  1.0004e+00	  2.5901e-02	  1.0284e-01	  7.9394e-02	  5.7444e-03	  3.2003e-04	  1.0395e-02	  4.8558e-03	  8.3163e-06	  2.4831e-02	  1.5945e-03	  2.4286e-04	  5.8987e-03	  0.0000e+00	  1.9996e-03	
  3.2000e+01	  6.6417e+00	  1.5504e-11	  1.3888e-03	  3.5243e-03	  1.8188e-03	  6.0047e-03	  8.2532e+03	  1.2167e-01	  3.2697e-01	  6.0617e-01	  9.7010e-01	  1.4192e+00	  1.7651e+01	  1.6410e+00	  1.5313e-02	  8.7915e-01	  7.6346e-02	  7.6346e-02	  2.4562e+00	  2.0613e+01	  2.3420e-01	  1.0106e+00	  1.0091e+00	  1.0004e+00	  2.5901e-02	  1.0805e-01	  8.4162e-02	  5.9261e-03	  3.2657e-04	  1.0595e-02	  4.9519e-03	  8.5401e-06	  2.5430e-02	  1.5982e-03	  2.4485e-04	  6.0047e-03	  0.0000e+00	  1.9995e-03	
  3.3000e+01	  6.6319e+00	  1.5043e-11	  1.4530e-03	  3.7225e-03	  1.8782e-03	  6.1107e-03	  8.4142e+03	  1.2017e-01	  3.2278e-01	  6.0169e-01	  9.6910e-01	  1.3579e+00	  1.7685e+01	  1.6375e+00	  1.4955e-02	  8.7719e-01	  7.7148e-02	  7.7148e-02	  2.5228e+00	  2.0503e+01	  2.3645e-01	  1.0106e+00	  1.0096e+00	  1.0004e+00	  2.5901e-02	  1.1329e-01	  8.8966e-02	  6.1071e-03	  3.3306e-04	  1.0792e-02	  5.0465e-03	  8.7654e-06	  2.6021e-02	  1.6009e-03	  2.4680e-04	  6.1107e-03	  0.0000e+00	  1.9995e-03	
  3.4000e+01	  6.6223e+00	  1.4609e-11	  1.5174e-03	  3.9223e-03	  1.9380e-03	  6.2166e-03	  8.5728e+03	  1.1874e-01	  3.1875e-01	  5.9735e-01	  9.6811e-01	  1.2988e+00	  1.7718e+01	  1.6340e+00	  1.4607e-02	  8.7486e-01	  7.7946e-02	  7.7946e-02	  2.5890e+00	  2.0391e+01	  2.3859e-01	  1.0106e+00	  1.0100e+00	  1.0004e+00	  2.5901e-02	  1.1856e-01	  9.3802e-02	  6.2874e-03	  3.3950e-04	  1.0986e-02	  5.1397e-03	  8.9918e-06	  2.6606e-02	  1.6025e-03	  2.4869e-04	  6.2166e-03	  0.0000e+00	  1.9995e-03	
  3.5000e+01	  6.6130e+00	  1.4200e-11	  1.5820e-03	  4.1234e-03	  1.9981e-03	  6.3223e-03	  8.7291e+03	  1.1736e-01	  3.1488e-01	  5.9313e-01	  9.6711e-01	  1.2419e+00	  1.7750e+01	  1.6306e+00	  1.4270e-02	  8.7218e-01	  7.8742e-02	  7.8742e-02	  2.6547e+00	  2.0277e+01	  2.4062e-01	  1.0106e+00	  1.0104e+00	  1.0004e+00	  2.5902e-02	  1.2386e-01	  9.8664e-02	  6.4670e-03	  3.4589e-04	  1.1177e-02	  5.2315e-03	  9.2190e-06	  2.7184e-02	  1.6033e-03	  2.5054e-04	  6.3223e-03	  0.0000e+00	  1.9995e-03	
  3.6000e+01	  6.6040e+00	  1.3813e-11	  1.6467e-03	  4.3259e-03	  2.0584e-03	  6.4277e-03	  8.8833e+03	  1.1605e-01	  3.1115e-01	  5.8904e-01	  9.6613e-01	  1.1872e+00	  1.7781e+01	  1.6271e+00	  1.3942e-02	  8.6916e-01	  7.9533e-02	  7.9533e-02	  2.7198e+00	  2.0161e+01	  2.4256e-01	  1.0106e+00	  1.0109e+00	  1.0005e+00	  2.5902e-02	  1.2916e-01	  1.0355e-01	  6.6458e-03	  3.5223e-04	  1.1364e-02	  5.3219e-03	  9.4469e-06	  2.7756e-02	  1.6032e-03	  2.5234e-04	  6.4277e-03	  0.0000e+00	  1.9995e-03	
  3.7000e+01	  6.5952e+00	  1.3448e-11	  1.7114e-03	  4.5295e-03	  2.1189e-03	  6.5327e-03	  9.0352e+03	  1.1478e-01	  3.0756e-01	  5.8505e-01	  9.6514e-01	  1.1346e+00	  1.7810e+01	  1.6237e+00	  1.3623e-02	  8.6581e-01	  8.0321e-02	  8.0321e-02	  2.7845e+00	  2.0044e+01	  2.4440e-01	  1.0106e+00	  1.0113e+00	  1.0005e+00	  2.5902e-02	  1.3448e-01	  1.0845e-01	  6.8238e-03	  3.5853e-04	  1.1549e-02	  5.4110e-03	  9.6753e-06	  2.8321e-02	  1.6024e-03	  2.5409e-04	  6.5327e-03	  0.0000e+00	  1.9995e-03	
  3.8000e+01	  6.5866e+00	  1.3103e-11	  1.7761e-03	  4.7340e-03	  2.1795e-03	  6.6371e-03	  9.1850e+03	  1.1357e-01	  3.0411e-01	  5.8118e-01	  9.6416e-01	  1.0840e+00	  1.7839e+01	  1.6203e+00	  1.3314e-02	  8.6214e-01	  8.1104e-02	  8.1104e-02	  2.8485e+00	  1.9924e+01	  2.4615e-01	  1.0106e+00	  1.0117e+00	  1.0005e+00	  2.5902e-02	  1.3981e-01	  1.1337e-01	  7.0010e-03	  3.6478e-04	  1.1730e-02	  5.4989e-03	  9.9038e-06	  2.8880e-02	  1.6010e-03	  2.5580e-04	  6.6371e-03	  0.0000e+00	  1.9995e-03	
  3.9000e+01	  6.5783e+00	  1.2775e-11	  1.8407e-03	  4.9395e-03	  2.2402e-03	  6.7411e-03	  9.3328e+03	  1.1240e-01	  3.0077e-01	  5.7742e-01	  9.6318e-01	  1.0354e+00	  1.7866e+01	  1.6169e+00	  1.3015e-02	  8.5818e-01	  8.1883e-02	  8.1883e-02	  2.9119e+00	  1.9802e+01	  2.4783e-01	  1.0106e+00	  1.0122e+00	  1.0005e+00	  2.5903e-02	  1.4513e-01	  1.1831e-01	  7.1773e-03	  3.7098e-04	  1.1909e-02	  5.5855e-03	  1.0132e-05	  2.9433e-02	  1.5990e-03	  2.5747e-04	  6.7411e-03	  0.0000e+00	  1.9995e-03	
  4.0000e+01	  6.5703e+00	  1.2465e-11	  1.9052e-03	  5.1457e-03	  2.3009e-03	  6.8444e-03	  9.4786e+03	  1.1128e-01	  2.9755e-01	  5.7375e-01	  9.6221e-01	  9.8881e-01	  1.7893e+01	  1.6135e+00	  1.2724e-02	  8.5392e-01	  8.2656e-02	  8.2656e-02	  2.9747e+00	  1.9679e+01	  2.4942e-01	  1.0106e+00	  1.0126e+00	  1.0005e+00	  2.5903e-02	  1.5045e-01	  1.2324e-01	  7.3528e-03	  3.7714e-04	  1.2085e-02	  5.6709e-03	  1.0361e-05	  2.9980e-02	  1.5965e-03	  2.5911e-04	  6.8444e-03	  0.0000e+00	  1.9995e-03	
  4.1000e+01	  6.5624e+00	  1.2170e-11	  1.9695e-03	  5.3526e-03	  2.3617e-03	  6.9470e-03	  9.6224e+03	  1.1020e-01	  2.9445e-01	  5.7018e-01	  9.6124e-01	  9.4410e-01	  1.7918e+01	  1.6101e+00	  1.2443e-02	  8.4938e-01	  8.3425e-02	  8.3425e-02	  3.0369e+00	  1.9554e+01	  2.5094e-01	  1.0106e+00	  1.0130e+00	  1.0006e+00	  2.5903e-02	  1.5576e-01	  1.2819e-01	  7.5274e-03	  3.8325e-04	  1.2259e-02	  5.7551e-03	  1.0589e-05	  3.0520e-02	  1.5935e-03	  2.6070e-04	  6.9470e-03	  0.0000e+00	  1.9995e-03	
  4.2000e+01	  6.5548e+00	  1.1889e-11	  2.0336e-03	  5.5600e-03	  2.4223e-03	  7.0488e-03	  9.7642e+03	  1.0916e-01	  2.9145e-01	  5.6670e-01	  9.6027e-01	  9.0124e-01	  1.7943e+01	  1.6067e+00	  1.2170e-02	  8.4459e-01	  8.4188e-02	  8.4188e-02	  3.0983e+00	  1.9427e+01	  2.5240e-01	  1.0106e+00	  1.0135e+00	  1.0006e+00	  2.5903e-02	  1.6107e-01	  1.3313e-01	  7.7011e-03	  3.8931e-04	  1.2430e-02	  5.8383e-03	  1.0817e-05	  3.1055e-02	  1.5902e-03	  2.6226e-04	  7.0488e-03	  0.0000e+00	  1.9995e-03	
  4.3000e+01	  6.5474e+00	  1.1623e-11	  2.0974e-03	  5.7677e-03	  2.4828e-03	  7.1499e-03	  9.9042e+03	  1.0815e-01	  2.8854e-01	  5.6331e-01	  9.5931e-01	  8.6017e-01	  1.7966e+01	  1.6033e+00	  1.1906e-02	  8.3954e-01	  8.4946e-02	  8.4946e-02	  3.1590e+00	  1.9298e+01	  2.5379e-01	  1.0106e+00	  1.0139e+00	  1.0006e+00	  2.5903e-02	  1.6635e-01	  1.3807e-01	  7.8738e-03	  3.9533e-04	  1.2598e-02	  5.9203e-03	  1.1044e-05	  3.1584e-02	  1.5865e-03	  2.6378e-04	  7.1499e-03	  0.0000e+00	  1.9995e-03	
  4.4000e+01	  6.5402e+00	  1.1369e-11	  2.1609e-03	  5.9758e-03	  2.5432e-03	  7.2501e-03	  1.0042e+04	  1.0718e-01	  2.8574e-01	  5.6001e-01	  9.5835e-01	  8.2086e-01	  1.7989e+01	  1.6000e+00	  1.1651e-02	  8.3426e-01	  8.5697e-02	  8.5697e-02	  3.2191e+00	  1.9168e+01	  2.5511e-01	  1.0106e+00	  1.0143e+00	  1.0006e+00	  2.5904e-02	  1.7162e-01	  1.4301e-01	  8.0456e-03	  4.0131e-04	  1.2764e-02	  6.0012e-03	  1.1270e-05	  3.2107e-02	  1.5825e-03	  2.6527e-04	  7.2501e-03	  0.0000e+00	  1.9995e-03	
  4.5000e+01	  6.5332e+00	  1.1126e-11	  2.2241e-03	  6.1840e-03	  2.6034e-03	  7.3494e-03	  1.0179e+04	  1.0624e-01	  2.8302e-01	  5.5679e-01	  9.5740e-01	  7.8324e-01	  1.8011e+01	  1.5966e+00	  1.1404e-02	  8.2875e-01	  8.6443e-02	  8.6443e-02	  3.2783e+00	  1.9036e+01	  2.5638e-01	  1.0106e+00	  1.0148e+00	  1.0007e+00	  2.5904e-02	  1.7686e-01	  1.4794e-01	  8.2165e-03	  4.0723e-04	  1.2927e-02	  6.0811e-03	  1.1495e-05	  3.2624e-02	  1.5783e-03	  2.6673e-04	  7.3494e-03	  0.0000e+00	  1.9995e-03	
  4.6000e+01	  6.5263e+00	  1.0895e-11	  2.2869e-03	  6.3923e-03	  2.6634e-03	  7.4479e-03	  1.0313e+04	  1.0533e-01	  2.8039e-01	  5.5365e-01	  9.5645e-01	  7.4726e-01	  1.8032e+01	  1.5933e+00	  1.1165e-02	  8.2304e-01	  8.7182e-02	  8.7182e-02	  3.3369e+00	  1.8902e+01	  2.5760e-01	  1.0106e+00	  1.0152e+00	  1.0007e+00	  2.5904e-02	  1.8208e-01	  1.5286e-01	  8.3863e-03	  4.1312e-04	  1.3088e-02	  6.1600e-03	  1.1720e-05	  3.3136e-02	  1.5739e-03	  2.6816e-04	  7.4479e-03	  0.0000e+00	  1.9995e-03	
  4.7000e+01	  6.5197e+00	  1.0675e-11	  2.3492e-03	  6.6006e-03	  2.7231e-03	  7.5453e-03	  1.0446e+04	  1.0446e-01	  2.7784e-01	  5.5058e-01	  9.5551e-01	  7.1286e-01	  1.8052e+01	  1.5899e+00	  1.0935e-02	  8.1713e-01	  8.7915e-02	  8.7915e-02	  3.3947e+00	  1.8766e+01	  2.5876e-01	  1.0106e+00	  1.0156e+00	  1.0007e+00	  2.5904e-02	  1.8727e-01	  1.5777e-01	  8.5552e-03	  4.1896e-04	  1.3247e-02	  6.2379e-03	  1.1943e-05	  3.3642e-02	  1.5694e-03	  2.6956e-04	  7.5453e-03	  0.0000e+00	  1.9995e-03	
  4.8000e+01	  6.5132e+00	  1.0464e-11	  2.4112e-03	  6.8087e-03	  2.7825e-03	  7.6418e-03	  1.0577e+04	  1.0361e-01	  2.7536e-01	  5.4759e-01	  9.5457e-01	  6.8001e-01	  1.8071e+01	  1.5866e+00	  1.0713e-02	  8.1103e-01	  8.8640e-02	  8.8640e-02	  3.4517e+00	  1.8629e+01	  2.5988e-01	  1.0106e+00	  1.0160e+00	  1.0007e+00	  2.5904e-02	  1.9242e-01	  1.6266e-01	  8.7231e-03	  4.2475e-04	  1.3403e-02	  6.3148e-03	  1.2165e-05	  3.4143e-02	  1.5647e-03	  2.7093e-04	  7.6418e-03	  0.0000e+00	  1.9995e-03	
  4.9000e+01	  6.5069e+00	  1.0263e-11	  2.4726e-03	  7.0166e-03	  2.8417e-03	  7.7373e-03	  1.0707e+04	  1.0279e-01	  2.7296e-01	  5.4467e-01	  9.5364e-01	  6.4864e-01	  1.8090e+01	  1.5833e+00	  1.0498e-02	  8.0475e-01	  8.9359e-02	  8.9359e-02	  3.5079e+00	  1.8489e+01	  2.6095e-01	  1.0106e+00	  1.0164e+00	  1.0007e+00	  2.5905e-02	  1.9755e-01	  1.6753e-01	  8.8900e-03	  4.3050e-04	  1.3557e-02	  6.3908e-03	  1.2386e-05	  3.4638e-02	  1.5599e-03	  2.7228e-04	  7.7373e-03	  0.0000e+00	  1.9995e-03	
  5.0000e+01	  6.5008e+00	  1.0070e-11	  2.5336e-03	  7.2242e-03	  2.9005e-03	  7.8318e-03	  1.0835e+04	  1.0199e-01	  2.7064e-01	  5.4181e-01	  9.5271e-01	  6.1869e-01	  1.8107e+01	  1.5800e+00	  1.0292e-02	  7.9832e-01	  9.0071e-02	  9.0071e-02	  3.5634e+00	  1.8348e+01	  2.6198e-01	  1.0106e+00	  1.0169e+00	  1.0008e+00	  2.5905e-02	  2.0264e-01	  1.7239e-01	  9.0559e-03	  4.3621e-04	  1.3709e-02	  6.4658e-03	  1.2605e-05	  3.5129e-02	  1.5551e-03	  2.7359e-04	  7.8318e-03	  0.0000e+00	  1.9995e-03	
  5.1000e+01	  6.4948e+00	  9.8850e-12	  2.5941e-03	  7.4314e-03	  2.9590e-03	  7.9252e-03	  1.0961e+04	  1.0122e-01	  2.6838e-01	  5.3903e-01	  9.5179e-01	  5.9013e-01	  1.8124e+01	  1.5767e+00	  1.0092e-02	  7.9174e-01	  9.0776e-02	  9.0776e-02	  3.6182e+00	  1.8206e+01	  2.6298e-01	  1.0106e+00	  1.0173e+00	  1.0008e+00	  2.5905e-02	  2.0770e-01	  1.7722e-01	  9.2207e-03	  4.4187e-04	  1.3859e-02	  6.5400e-03	  1.2823e-05	  3.5614e-02	  1.5503e-03	  2.7488e-04	  7.9252e-03	  0.0000e+00	  1.9995e-03	
  5.2000e+01	  6.4890e+00	  9.7081e-12	  2.6541e-03	  7.6381e-03	  3.0171e-03	  8.0177e-03	  1.1086e+04	  1.0047e-01	  2.6618e-01	  5.3630e-01	  9.5087e-01	  5.6290e-01	  1.8141e+01	  1.5735e+00	  9.9009e-03	  7.8502e-01	  9.1473e-02	  9.1473e-02	  3.6721e+00	  1.8061e+01	  2.6393e-01	  1.0106e+00	  1.0177e+00	  1.0008e+00	  2.5905e-02	  2.1271e-01	  1.8203e-01	  9.3845e-03	  4.4749e-04	  1.4007e-02	  6.6132e-03	  1.3040e-05	  3.6093e-02	  1.5454e-03	  2.7615e-04	  8.0177e-03	  0.0000e+00	  1.9994e-03	
  5.3000e+01	  6.4833e+00	  9.5384e-12	  2.7135e-03	  7.8442e-03	  3.0748e-03	  8.1090e-03	  1.1209e+04	  9.9743e-02	  2.6405e-01	  5.3364e-01	  9.4996e-01	  5.3694e-01	  1.8156e+01	  1.5702e+00	  9.7167e-03	  7.7818e-01	  9.2163e-02	  9.2163e-02	  3.7253e+00	  1.7915e+01	  2.6485e-01	  1.0106e+00	  1.0181e+00	  1.0008e+00	  2.5905e-02	  2.1769e-01	  1.8682e-01	  9.5473e-03	  4.5307e-04	  1.4153e-02	  6.6856e-03	  1.3255e-05	  3.6568e-02	  1.5406e-03	  2.7739e-04	  8.1090e-03	  0.0000e+00	  1.9994e-03	
  5.4000e+01	  6.4777e+00	  9.3757e-12	  2.7724e-03	  8.0497e-03	  3.1321e-03	  8.1993e-03	  1.1331e+04	  9.9038e-02	  2.6198e-01	  5.3103e-01	  9.4906e-01	  5.1222e-01	  1.8171e+01	  1.5669e+00	  9.5397e-03	  7.7122e-01	  9.2845e-02	  9.2845e-02	  3.7778e+00	  1.7767e+01	  2.6574e-01	  1.0106e+00	  1.0185e+00	  1.0008e+00	  2.5905e-02	  2.2263e-01	  1.9157e-01	  9.7090e-03	  4.5861e-04	  1.4297e-02	  6.7572e-03	  1.3468e-05	  3.7038e-02	  1.5358e-03	  2.7861e-04	  8.1993e-03	  0.0000e+00	  1.9994e-03	
  5.5000e+01	  6.4723e+00	  9.2195e-12	  2.8307e-03	  8.2545e-03	  3.1890e-03	  8.2886e-03	  1.1451e+04	  9.8353e-02	  2.5996e-01	  5.2849e-01	  9.4815e-01	  4.8868e-01	  1.8186e+01	  1.5637e+00	  9.3696e-03	  7.6416e-01	  9.3519e-02	  9.3519e-02	  3.8294e+00	  1.7618e+01	  2.6660e-01	  1.0106e+00	  1.0189e+00	  1.0009e+00	  2.5906e-02	  2.2752e-01	  1.9630e-01	  9.8696e-03	  4.6410e-04	  1.4438e-02	  6.8279e-03	  1.3680e-05	  3.7502e-02	  1.5311e-03	  2.7981e-04	  8.2886e-03	  0.0000e+00	  1.9994e-03	
  5.6000e+01	  6.4671e+00	  9.0695e-12	  2.8885e-03	  8.4584e-03	  3.2454e-03	  8.3768e-03	  1.1570e+04	  9.7687e-02	  2.5800e-01	  5.2600e-01	  9.4726e-01	  4.6627e-01	  1.8199e+01	  1.5604e+00	  9.2065e-03	  7.5700e-01	  9.4186e-02	  9.4186e-02	  3.8804e+00	  1.7467e+01	  2.6743e-01	  1.0106e+00	  1.0193e+00	  1.0009e+00	  2.5906e-02	  2.3237e-01	  2.0100e-01	  1.0029e-02	  4.6955e-04	  1.4578e-02	  6.8979e-03	  1.3890e-05	  3.7962e-02	  1.5264e-03	  2.8098e-04	  8.3768e-03	  0.0000e+00	  1.9994e-03	
  5.7000e+01	  6.4619e+00	  8.9254e-12	  2.9456e-03	  8.6615e-03	  3.3015e-03	  8.4639e-03	  1.1687e+04	  9.7040e-02	  2.5609e-01	  5.2356e-01	  9.4637e-01	  4.4495e-01	  1.8213e+01	  1.5572e+00	  9.0502e-03	  7.4976e-01	  9.4845e-02	  9.4845e-02	  3.9306e+00	  1.7314e+01	  2.6824e-01	  1.0106e+00	  1.0197e+00	  1.0009e+00	  2.5906e-02	  2.3717e-01	  2.0567e-01	  1.0188e-02	  4.7495e-04	  1.4716e-02	  6.9670e-03	  1.4098e-05	  3.8417e-02	  1.5218e-03	  2.8214e-04	  8.4639e-03	  0.0000e+00	  1.9994e-03	
  5.8000e+01	  6.4569e+00	  8.7868e-12	  3.0022e-03	  8.8637e-03	  3.3570e-03	  8.5500e-03	  1.1803e+04	  9.6411e-02	  2.5423e-01	  5.2117e-01	  9.4549e-01	  4.2467e-01	  1.8225e+01	  1.5540e+00	  8.9005e-03	  7.4245e-01	  9.5496e-02	  9.5496e-02	  3.9800e+00	  1.7159e+01	  2.6902e-01	  1.0106e+00	  1.0200e+00	  1.0009e+00	  2.5906e-02	  2.4193e-01	  2.1031e-01	  1.0345e-02	  4.8032e-04	  1.4853e-02	  7.0353e-03	  1.4304e-05	  3.8867e-02	  1.5173e-03	  2.8327e-04	  8.5500e-03	  0.0000e+00	  1.9994e-03	
  5.9000e+01	  6.4520e+00	  8.6535e-12	  3.0582e-03	  9.0648e-03	  3.4121e-03	  8.6350e-03	  1.1918e+04	  9.5798e-02	  2.5242e-01	  5.1884e-01	  9.4461e-01	  4.0538e-01	  1.8237e+01	  1.5508e+00	  8.7570e-03	  7.3508e-01	  9.6139e-02	  9.6139e-02	  4.0287e+00	  1.7003e+01	  2.6978e-01	  1.0106e+00	  1.0204e+00	  1.0010e+00	  2.5906e-02	  2.4665e-01	  2.1492e-01	  1.0502e-02	  4.8564e-04	  1.4987e-02	  7.1029e-03	  1.4509e-05	  3.9313e-02	  1.5129e-03	  2.8438e-04	  8.6350e-03	  0.0000e+00	  1.9994e-03	
  6.0000e+01	  6.4473e+00	  8.5252e-12	  3.1136e-03	  9.2649e-03	  3.4668e-03	  8.7190e-03	  1.2031e+04	  9.5202e-02	  2.5066e-01	  5.1655e-01	  9.4374e-01	  3.8706e-01	  1.8249e+01	  1.5475e+00	  8.6199e-03	  7.2764e-01	  9.6774e-02	  9.6774e-02	  4.0768e+00	  1.6845e+01	  2.7052e-01	  1.0106e+00	  1.0208e+00	  1.0010e+00	  2.5906e-02	  2.5131e-01	  2.1949e-01	  1.0657e-02	  4.9093e-04	  1.5120e-02	  7.1698e-03	  1.4712e-05	  3.9754e-02	  1.5086e-03	  2.8548e-04	  8.7190e-03	  0.0000e+00	  1.9994e-03	
  6.1000e+01	  6.4426e+00	  8.4017e-12	  3.1684e-03	  9.4640e-03	  3.5209e-03	  8.8019e-03	  1.2143e+04	  9.4622e-02	  2.4894e-01	  5.1431e-01	  9.4287e-01	  3.6964e-01	  1.8260e+01	  1.5443e+00	  8.4892e-03	  7.2016e-01	  9.7401e-02	  9.7401e-02	  4.1241e+00	  1.6685e+01	  2.7123e-01	  1.0106e+00	  1.0212e+00	  1.0010e+00	  2.5906e-02	  2.5593e-01	  2.2403e-01	  1.0811e-02	  4.9617e-04	  1.5251e-02	  7.2359e-03	  1.4913e-05	  4.0190e-02	  1.5045e-03	  2.8655e-04	  8.8019e-03	  0.0000e+00	  1.9994e-03	
  6.2000e+01	  6.4381e+00	  8.2828e-12	  3.2226e-03	  9.6618e-03	  3.5746e-03	  8.8838e-03	  1.2254e+04	  9.4057e-02	  2.4727e-01	  5.1212e-01	  9.4201e-01	  3.5310e-01	  1.8270e+01	  1.5412e+00	  8.3644e-03	  7.1265e-01	  9.8019e-02	  9.8019e-02	  4.1707e+00	  1.6524e+01	  2.7193e-01	  1.0106e+00	  1.0215e+00	  1.0010e+00	  2.5907e-02	  2.6051e-01	  2.2853e-01	  1.0964e-02	  5.0137e-04	  1.5380e-02	  7.3013e-03	  1.5112e-05	  4.0621e-02	  1.5005e-03	  2.8761e-04	  8.8838e-03	  0.0000e+00	  1.9994e-03	
  6.3000e+01	  6.4336e+00	  8.1681e-12	  3.2761e-03	  9.8585e-03	  3.6278e-03	  8.9646e-03	  1.2363e+04	  9.3506e-02	  2.4564e-01	  5.0997e-01	  9.4115e-01	  3.3739e-01	  1.8280e+01	  1.5380e+00	  8.2453e-03	  7.0510e-01	  9.8630e-02	  9.8630e-02	  4.2166e+00	  1.6361e+01	  2.7262e-01	  1.0106e+00	  1.0219e+00	  1.0010e+00	  2.5907e-02	  2.6503e-01	  2.3299e-01	  1.1117e-02	  5.0653e-04	  1.5508e-02	  7.3659e-03	  1.5310e-05	  4.1049e-02	  1.4966e-03	  2.8865e-04	  8.9646e-03	  0.0000e+00	  1.9994e-03	
  6.4000e+01	  6.4293e+00	  8.0576e-12	  3.3291e-03	  1.0054e-02	  3.6806e-03	  9.0444e-03	  1.2471e+04	  9.2969e-02	  2.4404e-01	  5.0786e-01	  9.4030e-01	  3.2247e-01	  1.8290e+01	  1.5348e+00	  8.1320e-03	  6.9753e-01	  9.9232e-02	  9.9232e-02	  4.2618e+00	  1.6196e+01	  2.7329e-01	  1.0106e+00	  1.0223e+00	  1.0011e+00	  2.5907e-02	  2.6951e-01	  2.3742e-01	  1.1268e-02	  5.1164e-04	  1.5634e-02	  7.4299e-03	  1.5505e-05	  4.1471e-02	  1.4929e-03	  2.8967e-04	  9.0444e-03	  0.0000e+00	  1.9994e-03	
  6.5000e+01	  6.4250e+00	  7.9509e-12	  3.3815e-03	  1.0248e-02	  3.7328e-03	  9.1233e-03	  1.2578e+04	  9.2446e-02	  2.4249e-01	  5.0580e-01	  9.3946e-01	  3.0831e-01	  1.8299e+01	  1.5316e+00	  8.0242e-03	  6.8995e-01	  9.9827e-02	  9.9827e-02	  4.3064e+00	  1.6030e+01	  2.7394e-01	  1.0106e+00	  1.0226e+00	  1.0011e+00	  2.5907e-02	  2.7394e-01	  2.4181e-01	  1.1418e-02	  5.1672e-04	  1.5758e-02	  7.4932e-03	  1.5699e-05	  4.1889e-02	  1.4892e-03	  2.9068e-04	  9.1233e-03	  0.0000e+00	  1.9994e-03	
  6.6000e+01	  6.4209e+00	  7.8481e-12	  3.4333e-03	  1.0441e-02	  3.7846e-03	  9.2011e-03	  1.2683e+04	  9.1936e-02	  2.4097e-01	  5.0377e-01	  9.3862e-01	  2.9487e-01	  1.8308e+01	  1.5285e+00	  7.9217e-03	  6.8235e-01	  1.0041e-01	  1.0041e-01	  4.3503e+00	  1.5862e+01	  2.7458e-01	  1.0106e+00	  1.0230e+00	  1.0011e+00	  2.5907e-02	  2.7833e-01	  2.4616e-01	  1.1566e-02	  5.2176e-04	  1.5881e-02	  7.5558e-03	  1.5891e-05	  4.2303e-02	  1.4858e-03	  2.9167e-04	  9.2011e-03	  0.0000e+00	  1.9994e-03	
  6.7000e+01	  6.4168e+00	  7.7487e-12	  3.4845e-03	  1.0632e-02	  3.8358e-03	  9.2779e-03	  1.2788e+04	  9.1438e-02	  2.3949e-01	  5.0179e-01	  9.3779e-01	  2.8212e-01	  1.8316e+01	  1.5253e+00	  7.8244e-03	  6.7476e-01	  1.0099e-01	  1.0099e-01	  4.3936e+00	  1.5692e+01	  2.7521e-01	  1.0106e+00	  1.0233e+00	  1.0011e+00	  2.5907e-02	  2.8266e-01	  2.5047e-01	  1.1714e-02	  5.2676e-04	  1.6002e-02	  7.6177e-03	  1.6081e-05	  4.2713e-02	  1.4825e-03	  2.9264e-04	  9.2779e-03	  0.0000e+00	  1.9994e-03	
  6.8000e+01	  6.4129e+00	  7.6528e-12	  3.5351e-03	  1.0822e-02	  3.8866e-03	  9.3537e-03	  1.2891e+04	  9.0952e-02	  2.3804e-01	  4.9985e-01	  9.3697e-01	  2.7003e-01	  1.8324e+01	  1.5222e+00	  7.7325e-03	  6.6717e-01	  1.0156e-01	  1.0156e-01	  4.4362e+00	  1.5521e+01	  2.7583e-01	  1.0106e+00	  1.0237e+00	  1.0011e+00	  2.5907e-02	  2.8695e-01	  2.5475e-01	  1.1861e-02	  5.3171e-04	  1.6122e-02	  7.6790e-03	  1.6269e-05	  4.3118e-02	  1.4793e-03	  2.9360e-04	  9.3537e-03	  0.0000e+00	  1.9994e-03	
  6.9000e+01	  6.4090e+00	  7.5602e-12	  3.5851e-03	  1.1011e-02	  3.9369e-03	  9.4286e-03	  1.2993e+04	  9.0478e-02	  2.3663e-01	  4.9794e-01	  9.3615e-01	  2.5855e-01	  1.8332e+01	  1.5190e+00	  7.6453e-03	  6.5959e-01	  1.0212e-01	  1.0212e-01	  4.4783e+00	  1.5348e+01	  2.7644e-01	  1.0106e+00	  1.0240e+00	  1.0012e+00	  2.5907e-02	  2.9119e-01	  2.5898e-01	  1.2006e-02	  5.3663e-04	  1.6240e-02	  7.7397e-03	  1.6455e-05	  4.3520e-02	  1.4763e-03	  2.9454e-04	  9.4286e-03	  0.0000e+00	  1.9993e-03	
  7.0000e+01	  6.4052e+00	  7.4707e-12	  3.6345e-03	  1.1198e-02	  3.9866e-03	  9.5026e-03	  1.3093e+04	  9.0015e-02	  2.3525e-01	  4.9607e-01	  9.3533e-01	  2.4767e-01	  1.8339e+01	  1.5159e+00	  7.5629e-03	  6.5203e-01	  1.0268e-01	  1.0268e-01	  4.5197e+00	  1.5173e+01	  2.7704e-01	  1.0106e+00	  1.0244e+00	  1.0012e+00	  2.5907e-02	  2.9538e-01	  2.6318e-01	  1.2151e-02	  5.4151e-04	  1.6357e-02	  7.7997e-03	  1.6640e-05	  4.3917e-02	  1.4735e-03	  2.9547e-04	  9.5026e-03	  0.0000e+00	  1.9993e-03	
  7.1000e+01	  6.4015e+00	  7.3841e-12	  3.6833e-03	  1.1384e-02	  4.0360e-03	  9.5756e-03	  1.3193e+04	  8.9563e-02	  2.3390e-01	  4.9423e-01	  9.3453e-01	  2.3735e-01	  1.8346e+01	  1.5128e+00	  7.4852e-03	  6.4448e-01	  1.0322e-01	  1.0322e-01	  4.5605e+00	  1.4997e+01	  2.7763e-01	  1.0106e+00	  1.0247e+00	  1.0012e+00	  2.5908e-02	  2.9953e-01	  2.6733e-01	  1.2294e-02	  5.4635e-04	  1.6472e-02	  7.8591e-03	  1.6822e-05	  4.4310e-02	  1.4707e-03	  2.9638e-04	  9.5756e-03	  0.0000e+00	  1.9993e-03	
  7.2000e+01	  6.3978e+00	  7.3004e-12	  3.7315e-03	  1.1568e-02	  4.0848e-03	  9.6476e-03	  1.3292e+04	  8.9121e-02	  2.3259e-01	  4.9243e-01	  9.3372e-01	  2.2756e-01	  1.8353e+01	  1.5097e+00	  7.4120e-03	  6.3697e-01	  1.0376e-01	  1.0376e-01	  4.6007e+00	  1.4819e+01	  2.7822e-01	  1.0106e+00	  1.0250e+00	  1.0012e+00	  2.5908e-02	  3.0362e-01	  2.7145e-01	  1.2437e-02	  5.5115e-04	  1.6586e-02	  7.9178e-03	  1.7003e-05	  4.4699e-02	  1.4682e-03	  2.9728e-04	  9.6476e-03	  0.0000e+00	  1.9993e-03	
  7.3000e+01	  6.3943e+00	  7.2194e-12	  3.7792e-03	  1.1751e-02	  4.1331e-03	  9.7188e-03	  1.3389e+04	  8.8689e-02	  2.3130e-01	  4.9066e-01	  9.3293e-01	  2.1827e-01	  1.8359e+01	  1.5066e+00	  7.3431e-03	  6.2948e-01	  1.0429e-01	  1.0429e-01	  4.6404e+00	  1.4639e+01	  2.7879e-01	  1.0106e+00	  1.0253e+00	  1.0012e+00	  2.5908e-02	  3.0768e-01	  2.7552e-01	  1.2578e-02	  5.5591e-04	  1.6699e-02	  7.9760e-03	  1.7182e-05	  4.5083e-02	  1.4657e-03	  2.9816e-04	  9.7188e-03	  0.0000e+00	  1.9993e-03	
  7.4000e+01	  6.3908e+00	  7.1410e-12	  3.8263e-03	  1.1932e-02	  4.1810e-03	  9.7890e-03	  1.3486e+04	  8.8267e-02	  2.3004e-01	  4.8893e-01	  9.3214e-01	  2.0947e-01	  1.8365e+01	  1.5035e+00	  7.2785e-03	  6.2203e-01	  1.0481e-01	  1.0481e-01	  4.6795e+00	  1.4458e+01	  2.7937e-01	  1.0106e+00	  1.0257e+00	  1.0013e+00	  2.5908e-02	  3.1168e-01	  2.7956e-01	  1.2718e-02	  5.6063e-04	  1.6810e-02	  8.0335e-03	  1.7359e-05	  4.5464e-02	  1.4635e-03	  2.9904e-04	  9.7890e-03	  0.0000e+00	  1.9993e-03	
  7.5000e+01	  6.3874e+00	  7.0651e-12	  3.8728e-03	  1.2112e-02	  4.2283e-03	  9.8584e-03	  1.3581e+04	  8.7855e-02	  2.2881e-01	  4.8722e-01	  9.3136e-01	  2.0112e-01	  1.8371e+01	  1.5004e+00	  7.2179e-03	  6.1462e-01	  1.0532e-01	  1.0532e-01	  4.7181e+00	  1.4275e+01	  2.7993e-01	  1.0106e+00	  1.0260e+00	  1.0013e+00	  2.5908e-02	  3.1564e-01	  2.8355e-01	  1.2858e-02	  5.6532e-04	  1.6920e-02	  8.0905e-03	  1.7535e-05	  4.5841e-02	  1.4613e-03	  2.9989e-04	  9.8584e-03	  0.0000e+00	  1.9993e-03	
  7.6000e+01	  6.3840e+00	  6.9916e-12	  3.9188e-03	  1.2290e-02	  4.2752e-03	  9.9269e-03	  1.3675e+04	  8.7452e-02	  2.2760e-01	  4.8555e-01	  9.3058e-01	  1.9321e-01	  1.8377e+01	  1.4973e+00	  7.1612e-03	  6.0726e-01	  1.0583e-01	  1.0583e-01	  4.7561e+00	  1.4091e+01	  2.8050e-01	  1.0106e+00	  1.0263e+00	  1.0013e+00	  2.5908e-02	  3.1955e-01	  2.8751e-01	  1.2996e-02	  5.6996e-04	  1.7028e-02	  8.1468e-03	  1.7709e-05	  4.6215e-02	  1.4593e-03	  3.0074e-04	  9.9269e-03	  0.0000e+00	  1.9993e-03	
  7.7000e+01	  6.3808e+00	  6.9204e-12	  3.9643e-03	  1.2466e-02	  4.3217e-03	  9.9945e-03	  1.3768e+04	  8.7057e-02	  2.2642e-01	  4.8391e-01	  9.2981e-01	  1.8570e-01	  1.8382e+01	  1.4942e+00	  7.1085e-03	  5.9994e-01	  1.0632e-01	  1.0632e-01	  4.7936e+00	  1.3904e+01	  2.8106e-01	  1.0106e+00	  1.0266e+00	  1.0013e+00	  2.5908e-02	  3.2342e-01	  2.9143e-01	  1.3133e-02	  5.7457e-04	  1.7135e-02	  8.2026e-03	  1.7881e-05	  4.6584e-02	  1.4575e-03	  3.0157e-04	  9.9945e-03	  0.0000e+00	  1.9993e-03	
  7.8000e+01	  6.3776e+00	  6.8514e-12	  4.0091e-03	  1.2641e-02	  4.3676e-03	  1.0061e-02	  1.3860e+04	  8.6671e-02	  2.2527e-01	  4.8230e-01	  9.2904e-01	  1.7858e-01	  1.8387e+01	  1.4912e+00	  7.0594e-03	  5.9267e-01	  1.0681e-01	  1.0681e-01	  4.8306e+00	  1.3717e+01	  2.8162e-01	  1.0106e+00	  1.0269e+00	  1.0013e+00	  2.5908e-02	  3.2725e-01	  2.9530e-01	  1.3269e-02	  5.7914e-04	  1.7241e-02	  8.2579e-03	  1.8051e-05	  4.6949e-02	  1.4557e-03	  3.0239e-04	  1.0061e-02	  0.0000e+00	  1.9993e-03	
  7.9000e+01	  6.3744e+00	  6.7845e-12	  4.0535e-03	  1.2814e-02	  4.4131e-03	  1.0127e-02	  1.3951e+04	  8.6294e-02	  2.2414e-01	  4.8071e-01	  9.2828e-01	  1.7182e-01	  1.8392e+01	  1.4881e+00	  7.0138e-03	  5.8545e-01	  1.0730e-01	  1.0730e-01	  4.8671e+00	  1.3528e+01	  2.8217e-01	  1.0106e+00	  1.0272e+00	  1.0013e+00	  2.5908e-02	  3.3103e-01	  2.9914e-01	  1.3404e-02	  5.8367e-04	  1.7346e-02	  8.3125e-03	  1.8219e-05	  4.7311e-02	  1.4541e-03	  3.0320e-04	  1.0127e-02	  0.0000e+00	  1.9993e-03	
  8.0000e+01	  6.3713e+00	  6.7196e-12	  4.0973e-03	  1.2986e-02	  4.4582e-03	  1.0192e-02	  1.4041e+04	  8.5924e-02	  2.2303e-01	  4.7916e-01	  9.2753e-01	  1.6542e-01	  1.8397e+01	  1.4850e+00	  6.9718e-03	  5.7829e-01	  1.0777e-01	  1.0777e-01	  4.9031e+00	  1.3337e+01	  2.8272e-01	  1.0106e+00	  1.0275e+00	  1.0014e+00	  2.5908e-02	  3.3476e-01	  3.0293e-01	  1.3538e-02	  5.8817e-04	  1.7449e-02	  8.3666e-03	  1.8386e-05	  4.7669e-02	  1.4526e-03	  3.0400e-04	  1.0192e-02	  0.0000e+00	  1.9993e-03	
  8.1000e+01	  6.3683e+00	  6.6567e-12	  4.1406e-03	  1.3156e-02	  4.5028e-03	  1.0257e-02	  1.4131e+04	  8.5562e-02	  2.2195e-01	  4.7763e-01	  9.2678e-01	  1.5934e-01	  1.8401e+01	  1.4820e+00	  6.9330e-03	  5.7118e-01	  1.0824e-01	  1.0824e-01	  4.9386e+00	  1.3144e+01	  2.8328e-01	  1.0106e+00	  1.0278e+00	  1.0014e+00	  2.5909e-02	  3.3846e-01	  3.0669e-01	  1.3670e-02	  5.9263e-04	  1.7551e-02	  8.4202e-03	  1.8551e-05	  4.8024e-02	  1.4513e-03	  3.0478e-04	  1.0257e-02	  0.0000e+00	  1.9993e-03	
  8.2000e+01	  6.3653e+00	  6.5957e-12	  4.1834e-03	  1.3325e-02	  4.5469e-03	  1.0320e-02	  1.4219e+04	  8.5208e-02	  2.2089e-01	  4.7612e-01	  9.2604e-01	  1.5357e-01	  1.8405e+01	  1.4789e+00	  6.8973e-03	  5.6414e-01	  1.0870e-01	  1.0870e-01	  4.9736e+00	  1.2951e+01	  2.8383e-01	  1.0106e+00	  1.0281e+00	  1.0014e+00	  2.5909e-02	  3.4211e-01	  3.1041e-01	  1.3802e-02	  5.9705e-04	  1.7652e-02	  8.4732e-03	  1.8715e-05	  4.8374e-02	  1.4500e-03	  3.0556e-04	  1.0320e-02	  0.0000e+00	  1.9993e-03	
  8.3000e+01	  6.3624e+00	  6.5364e-12	  4.2257e-03	  1.3492e-02	  4.5906e-03	  1.0383e-02	  1.4306e+04	  8.4861e-02	  2.1985e-01	  4.7465e-01	  9.2530e-01	  1.4809e-01	  1.8409e+01	  1.4759e+00	  6.8647e-03	  5.5716e-01	  1.0915e-01	  1.0915e-01	  5.0082e+00	  1.2755e+01	  2.8438e-01	  1.0106e+00	  1.0284e+00	  1.0014e+00	  2.5909e-02	  3.4572e-01	  3.1409e-01	  1.3933e-02	  6.0143e-04	  1.7752e-02	  8.5256e-03	  1.8877e-05	  4.8722e-02	  1.4489e-03	  3.0632e-04	  1.0383e-02	  0.0000e+00	  1.9993e-03	
  8.4000e+01	  6.3596e+00	  6.4789e-12	  4.2674e-03	  1.3657e-02	  4.6339e-03	  1.0445e-02	  1.4392e+04	  8.4521e-02	  2.1883e-01	  4.7320e-01	  9.2457e-01	  1.4290e-01	  1.8413e+01	  1.4729e+00	  6.8351e-03	  5.5025e-01	  1.0959e-01	  1.0959e-01	  5.0423e+00	  1.2558e+01	  2.8493e-01	  1.0106e+00	  1.0287e+00	  1.0014e+00	  2.5909e-02	  3.4928e-01	  3.1773e-01	  1.4063e-02	  6.0578e-04	  1.7850e-02	  8.5776e-03	  1.9037e-05	  4.9065e-02	  1.4479e-03	  3.0707e-04	  1.0445e-02	  0.0000e+00	  1.9993e-03	
  8.5000e+01	  6.3568e+00	  6.4231e-12	  4.3087e-03	  1.3821e-02	  4.6767e-03	  1.0506e-02	  1.4477e+04	  8.4189e-02	  2.1783e-01	  4.7177e-01	  9.2385e-01	  1.3796e-01	  1.8417e+01	  1.4699e+00	  6.8084e-03	  5.4340e-01	  1.1003e-01	  1.1003e-01	  5.0759e+00	  1.2360e+01	  2.8548e-01	  1.0106e+00	  1.0290e+00	  1.0015e+00	  2.5909e-02	  3.5281e-01	  3.2133e-01	  1.4191e-02	  6.1009e-04	  1.7948e-02	  8.6290e-03	  1.9196e-05	  4.9405e-02	  1.4470e-03	  3.0781e-04	  1.0506e-02	  0.0000e+00	  1.9993e-03	
  8.6000e+01	  6.3540e+00	  6.3688e-12	  4.3495e-03	  1.3983e-02	  4.7190e-03	  1.0567e-02	  1.4561e+04	  8.3863e-02	  2.1685e-01	  4.7037e-01	  9.2313e-01	  1.3327e-01	  1.8420e+01	  1.4668e+00	  6.7843e-03	  5.3662e-01	  1.1046e-01	  1.1046e-01	  5.1092e+00	  1.2159e+01	  2.8604e-01	  1.0106e+00	  1.0292e+00	  1.0015e+00	  2.5909e-02	  3.5629e-01	  3.2489e-01	  1.4319e-02	  6.1437e-04	  1.8044e-02	  8.6799e-03	  1.9353e-05	  4.9742e-02	  1.4462e-03	  3.0854e-04	  1.0567e-02	  0.0000e+00	  1.9993e-03	
  8.7000e+01	  6.3513e+00	  6.3161e-12	  4.3898e-03	  1.4143e-02	  4.7610e-03	  1.0626e-02	  1.4645e+04	  8.3543e-02	  2.1589e-01	  4.6899e-01	  9.2242e-01	  1.2882e-01	  1.8424e+01	  1.4638e+00	  6.7629e-03	  5.2991e-01	  1.1088e-01	  1.1088e-01	  5.1420e+00	  1.1958e+01	  2.8659e-01	  1.0106e+00	  1.0295e+00	  1.0015e+00	  2.5909e-02	  3.5974e-01	  3.2841e-01	  1.4445e-02	  6.1861e-04	  1.8139e-02	  8.7303e-03	  1.9508e-05	  5.0075e-02	  1.4455e-03	  3.0926e-04	  1.0626e-02	  0.0000e+00	  1.9992e-03	
  8.8000e+01	  6.3487e+00	  6.2649e-12	  4.4296e-03	  1.4302e-02	  4.8025e-03	  1.0685e-02	  1.4727e+04	  8.3230e-02	  2.1495e-01	  4.6764e-01	  9.2171e-01	  1.2458e-01	  1.8427e+01	  1.4608e+00	  6.7441e-03	  5.2327e-01	  1.1130e-01	  1.1130e-01	  5.1744e+00	  1.1755e+01	  2.8715e-01	  1.0106e+00	  1.0298e+00	  1.0015e+00	  2.5909e-02	  3.6314e-01	  3.3190e-01	  1.4571e-02	  6.2281e-04	  1.8233e-02	  8.7802e-03	  1.9662e-05	  5.0405e-02	  1.4449e-03	  3.0997e-04	  1.0685e-02	  0.0000e+00	  1.9992e-03	
  8.9000e+01	  6.3461e+00	  6.2150e-12	  4.4690e-03	  1.4460e-02	  4.8436e-03	  1.0744e-02	  1.4809e+04	  8.2923e-02	  2.1403e-01	  4.6631e-01	  9.2101e-01	  1.2056e-01	  1.8430e+01	  1.4578e+00	  6.7276e-03	  5.1670e-01	  1.1171e-01	  1.1171e-01	  5.2064e+00	  1.1550e+01	  2.8771e-01	  1.0106e+00	  1.0301e+00	  1.0015e+00	  2.5909e-02	  3.6651e-01	  3.3535e-01	  1.4695e-02	  6.2698e-04	  1.8326e-02	  8.8295e-03	  1.9815e-05	  5.0732e-02	  1.4444e-03	  3.1067e-04	  1.0744e-02	  0.0000e+00	  1.9992e-03	
  9.0000e+01	  6.3435e+00	  6.1666e-12	  4.5079e-03	  1.4616e-02	  4.8843e-03	  1.0801e-02	  1.4890e+04	  8.2622e-02	  2.1313e-01	  4.6500e-01	  9.2032e-01	  1.1673e-01	  1.8433e+01	  1.4548e+00	  6.7135e-03	  5.1020e-01	  1.1211e-01	  1.1211e-01	  5.2380e+00	  1.1344e+01	  2.8827e-01	  1.0106e+00	  1.0303e+00	  1.0015e+00	  2.5909e-02	  3.6984e-01	  3.3876e-01	  1.4819e-02	  6.3112e-04	  1.8418e-02	  8.8784e-03	  1.9965e-05	  5.1055e-02	  1.4439e-03	  3.1136e-04	  1.0801e-02	  0.0000e+00	  1.9992e-03	
  9.1000e+01	  6.3410e+00	  6.1195e-12	  4.5464e-03	  1.4770e-02	  4.9246e-03	  1.0858e-02	  1.4969e+04	  8.2327e-02	  2.1224e-01	  4.6371e-01	  9.1963e-01	  1.1309e-01	  1.8436e+01	  1.4519e+00	  6.7017e-03	  5.0378e-01	  1.1250e-01	  1.1250e-01	  5.2692e+00	  1.1137e+01	  2.8883e-01	  1.0106e+00	  1.0306e+00	  1.0016e+00	  2.5909e-02	  3.7313e-01	  3.4214e-01	  1.4941e-02	  6.3522e-04	  1.8508e-02	  8.9268e-03	  2.0115e-05	  5.1375e-02	  1.4436e-03	  3.1205e-04	  1.0858e-02	  0.0000e+00	  1.9992e-03	
  9.2000e+01	  6.3386e+00	  6.0736e-12	  4.5844e-03	  1.4922e-02	  4.9645e-03	  1.0915e-02	  1.5048e+04	  8.2037e-02	  2.1137e-01	  4.6245e-01	  9.1895e-01	  1.0962e-01	  1.8438e+01	  1.4489e+00	  6.6921e-03	  4.9743e-01	  1.1289e-01	  1.1289e-01	  5.3000e+00	  1.0928e+01	  2.8940e-01	  1.0106e+00	  1.0309e+00	  1.0016e+00	  2.5909e-02	  3.7638e-01	  3.4548e-01	  1.5063e-02	  6.3928e-04	  1.8598e-02	  8.9747e-03	  2.0263e-05	  5.1691e-02	  1.4433e-03	  3.1272e-04	  1.0915e-02	  0.0000e+00	  1.9992e-03	
  9.3000e+01	  6.3362e+00	  6.0290e-12	  4.6219e-03	  1.5074e-02	  5.0040e-03	  1.0970e-02	  1.5126e+04	  8.1753e-02	  2.1052e-01	  4.6120e-01	  9.1827e-01	  1.0632e-01	  1.8441e+01	  1.4459e+00	  6.6843e-03	  4.9116e-01	  1.1327e-01	  1.1327e-01	  5.3305e+00	  1.0717e+01	  2.8997e-01	  1.0106e+00	  1.0311e+00	  1.0016e+00	  2.5909e-02	  3.7959e-01	  3.4878e-01	  1.5183e-02	  6.4331e-04	  1.8687e-02	  9.0221e-03	  2.0409e-05	  5.2005e-02	  1.4431e-03	  3.1338e-04	  1.0970e-02	  0.0000e+00	  1.9992e-03	
  9.4000e+01	  6.3338e+00	  5.9856e-12	  4.6591e-03	  1.5223e-02	  5.0431e-03	  1.1025e-02	  1.5204e+04	  8.1475e-02	  2.0968e-01	  4.5997e-01	  9.1760e-01	  1.0317e-01	  1.8443e+01	  1.4429e+00	  6.6786e-03	  4.8496e-01	  1.1365e-01	  1.1365e-01	  5.3605e+00	  1.0505e+01	  2.9054e-01	  1.0106e+00	  1.0314e+00	  1.0016e+00	  2.5909e-02	  3.8277e-01	  3.5205e-01	  1.5303e-02	  6.4730e-04	  1.8774e-02	  9.0690e-03	  2.0554e-05	  5.2315e-02	  1.4430e-03	  3.1403e-04	  1.1025e-02	  0.0000e+00	  1.9992e-03	
  9.5000e+01	  6.3314e+00	  5.9433e-12	  4.6958e-03	  1.5371e-02	  5.0818e-03	  1.1079e-02	  1.5280e+04	  8.1201e-02	  2.0886e-01	  4.5877e-01	  9.1693e-01	  1.0017e-01	  1.8446e+01	  1.4400e+00	  6.6749e-03	  4.7884e-01	  1.1401e-01	  1.1401e-01	  5.3903e+00	  1.0292e+01	  2.9112e-01	  1.0106e+00	  1.0316e+00	  1.0016e+00	  2.5910e-02	  3.8591e-01	  3.5529e-01	  1.5421e-02	  6.5126e-04	  1.8861e-02	  9.1155e-03	  2.0698e-05	  5.2622e-02	  1.4430e-03	  3.1468e-04	  1.1079e-02	  0.0000e+00	  1.9992e-03	
  9.6000e+01	  6.3291e+00	  5.9021e-12	  4.7321e-03	  1.5518e-02	  5.1201e-03	  1.1133e-02	  1.5356e+04	  8.0933e-02	  2.0805e-01	  4.5758e-01	  9.1627e-01	  9.7316e-02	  1.8448e+01	  1.4370e+00	  6.6729e-03	  4.7280e-01	  1.1438e-01	  1.1438e-01	  5.4196e+00	  1.0077e+01	  2.9170e-01	  1.0106e+00	  1.0319e+00	  1.0016e+00	  2.5910e-02	  3.8902e-01	  3.5849e-01	  1.5539e-02	  6.5519e-04	  1.8947e-02	  9.1615e-03	  2.0840e-05	  5.2926e-02	  1.4430e-03	  3.1532e-04	  1.1133e-02	  0.0000e+00	  1.9992e-03	
  9.7000e+01	  6.3269e+00	  5.8620e-12	  4.7679e-03	  1.5663e-02	  5.1581e-03	  1.1186e-02	  1.5431e+04	  8.0670e-02	  2.0726e-01	  4.5641e-01	  9.1562e-01	  9.4590e-02	  1.8450e+01	  1.4341e+00	  6.6727e-03	  4.6683e-01	  1.1473e-01	  1.1473e-01	  5.4487e+00	  9.8613e+00	  2.9229e-01	  1.0106e+00	  1.0321e+00	  1.0016e+00	  2.5910e-02	  3.9209e-01	  3.6165e-01	  1.5656e-02	  6.5908e-04	  1.9031e-02	  9.2071e-03	  2.0981e-05	  5.3227e-02	  1.4431e-03	  3.1594e-04	  1.1186e-02	  0.0000e+00	  1.9992e-03	
  9.8000e+01	  6.3247e+00	  5.8229e-12	  4.8034e-03	  1.5807e-02	  5.1956e-03	  1.1239e-02	  1.5504e+04	  8.0412e-02	  2.0649e-01	  4.5527e-01	  9.1497e-01	  9.1987e-02	  1.8452e+01	  1.4312e+00	  6.6740e-03	  4.6093e-01	  1.1508e-01	  1.1508e-01	  5.4773e+00	  9.6438e+00	  2.9288e-01	  1.0106e+00	  1.0324e+00	  1.0017e+00	  2.5910e-02	  3.9513e-01	  3.6478e-01	  1.5771e-02	  6.6294e-04	  1.9115e-02	  9.2521e-03	  2.1120e-05	  5.3524e-02	  1.4432e-03	  3.1656e-04	  1.1239e-02	  0.0000e+00	  1.9992e-03	
  9.9000e+01	  6.3225e+00	  5.7848e-12	  4.8385e-03	  1.5949e-02	  5.2328e-03	  1.1291e-02	  1.5578e+04	  8.0158e-02	  2.0572e-01	  4.5413e-01	  9.1432e-01	  8.9502e-02	  1.8454e+01	  1.4282e+00	  6.6772e-03	  4.5511e-01	  1.1542e-01	  1.1542e-01	  5.5057e+00	  9.4249e+00	  2.9348e-01	  1.0106e+00	  1.0326e+00	  1.0017e+00	  2.5910e-02	  3.9814e-01	  3.6788e-01	  1.5886e-02	  6.6677e-04	  1.9198e-02	  9.2968e-03	  2.1258e-05	  5.3819e-02	  1.4434e-03	  3.1717e-04	  1.1291e-02	  0.0000e+00	  1.9992e-03	
  1.0000e+02	  6.3203e+00	  5.7477e-12	  4.8731e-03	  1.6089e-02	  5.2696e-03	  1.1342e-02	  1.5650e+04	  7.9909e-02	  2.0497e-01	  4.5302e-01	  9.1369e-01	  8.7127e-02	  1.8456e+01	  1.4253e+00	  6.6817e-03	  4.4937e-01	  1.1576e-01	  1.1576e-01	  5.5337e+00	  9.2047e+00	  2.9408e-01	  1.0106e+00	  1.0328e+00	  1.0017e+00	  2.5910e-02	  4.0111e-01	  3.7094e-01	  1.5999e-02	  6.7056e-04	  1.9279e-02	  9.3410e-03	  2.1395e-05	  5.4111e-02	  1.4437e-03	  3.1778e-04	  1.1342e-02	  0.0000e+00	  1.9992e-03	
