        Time	          pH	       Ozero	          HS	         CH4	        CO2g	         CO2	          SC	        fsl1	        fsl2	        fsl3	        fsl4	         POM	         MOM	         QOM	         DOM	          BA	          EP	          EM	          IC	       Total	     OrgAcid	        Aero	        SulR	        Meth	       Caero	       Csulr	       Cmeth	          Na	           K	          Ca	          Mg	         PO4	          Cl	         SO4	         NH4	        HCO3	         FeS	      Pyrite	
  0.0000e+00	  6.9509e+00	  2.5557e-04	  1.0001e-07	  0.0000e+00	  0.0000e+00	  9.0006e-06	  1.0504e+02	  7.6982e-01	  9.7338e-01	  9.9060e-01	  9.9999e-01	  0.0000e+00	  0.0000e+00	  0.0000e+00	  0.0000e+00	  0.0000e+00	  0.0000e+00	  0.0000e+00	  0.0000e+00	  0.0000e+00	  0.0000e+00	  0.0000e+00	  0.0000e+00	  0.0000e+00	  0.0000e+00	  0.0000e+00	  0.0000e+00	  1.1401e-04	  2.8002e-05	  1.8275e-04	  7.9006e-05	  5.0003e-06	  1.3301e-04	  4.0003e-06	  3.8003e-05	  9.0006e-06	  0.0000e+00	  0.0000e+00	
  0.0000e+00	  6.9509e+00	  2.5557e-04	  1.0001e-07	  0.0000e+00	  0.0000e+00	  9.0006e-06	  1.0504e+02	  7.6982e-01	  9.7338e-01	  9.9060e-01	  9.9999e-01	  0.0000e+00	  0.0000e+00	  0.0000e+00	  0.0000e+00	  0.0000e+00	  0.0000e+00	  0.0000e+00	  0.0000e+00	  0.0000e+00	  0.0000e+00	  0.0000e+00	  0.0000e+00	  0.0000e+00	  0.0000e+00	  0.0000e+00	  0.0000e+00	  1.1401e-04	  2.8002e-05	  1.8275e-04	  7.9006e-05	  5.0003e-06	  1.3301e-04	  4.0003e-06	  3.8003e-05	  9.0006e-06	  0.0000e+00	  0.0000e+00	
  1.0000e+00	  6.5890e+00	  9.0983e-09	  5.7664e-06	  1.4320e-05	  3.4772e-04	  9.3002e-04	  8.4205e+02	  4.2278e-01	  8.2321e-01	  9.3350e-01	  9.9943e-01	  4.5659e+00	  1.5974e+01	  1.7583e+00	  2.1288e-01	  6.4159e-01	  5.2531e-02	  5.2531e-02	  3.6878e-01	  2.3115e+01	  4.5876e-02	  1.0106e+00	  1.0000e+00	  1.0000e+00	  2.5859e-02	  4.6677e-05	  0.0000e+00	  3.3617e-04	  6.7152e-05	  1.0859e-03	  4.7926e-04	  1.1547e-04	  2.0451e-03	  9.0954e-05	  8.8414e-05	  9.3002e-04	  0.0000e+00	  1.4281e-03	
  2.0000e+00	  6.5325e+00	  1.6709e-10	  8.8293e-06	  1.4324e-05	  4.0066e-04	  9.9814e-04	  1.2839e+03	  3.4998e-01	  7.5409e-01	  9.0320e-01	  9.9881e-01	  4.4254e+00	  1.6047e+01	  1.7529e+00	  6.9110e-02	  7.0606e-01	  5.3157e-02	  5.3157e-02	  4.8993e-01	  2.2994e+01	  7.4483e-02	  1.0106e+00	  1.0000e+00	  1.0000e+00	  2.5863e-02	  2.5624e-04	  0.0000e+00	  4.8973e-04	  8.3208e-05	  1.6267e-03	  7.1698e-04	  9.0178e-05	  3.5150e-03	  1.4221e-04	  1.0653e-04	  9.9814e-04	  0.0000e+00	  1.4291e-03	
  3.0000e+00	  6.5023e+00	  8.2546e-11	  1.1249e-05	  1.4329e-05	  4.5299e-04	  1.0907e-03	  1.6708e+03	  3.0761e-01	  7.0261e-01	  8.7849e-01	  9.9812e-01	  4.2877e+00	  1.6119e+01	  1.7487e+00	  3.7133e-02	  7.3031e-01	  5.3823e-02	  5.3823e-02	  5.5386e-01	  2.2930e+01	  8.7420e-02	  1.0106e+00	  1.0001e+00	  1.0000e+00	  2.5864e-02	  6.1948e-04	  0.0000e+00	  6.4555e-04	  9.6264e-05	  2.1107e-03	  9.3011e-04	  7.5835e-05	  4.8101e-03	  1.8060e-04	  1.1997e-04	  1.0907e-03	  0.0000e+00	  1.4749e-03	
  4.0000e+00	  6.4844e+00	  5.5725e-11	  1.3757e-05	  1.4332e-05	  5.0465e-04	  1.1937e-03	  2.0248e+03	  2.7858e-01	  6.6138e-01	  8.5718e-01	  9.9737e-01	  4.1525e+00	  1.6190e+01	  1.7447e+00	  3.1929e-02	  7.4413e-01	  5.4507e-02	  5.4507e-02	  6.0402e-01	  2.2879e+01	  9.7389e-02	  1.0106e+00	  1.0001e+00	  1.0000e+00	  2.5864e-02	  1.1042e-03	  0.0000e+00	  8.0538e-04	  1.0778e-04	  2.5583e-03	  1.1276e-03	  6.5909e-05	  6.0044e-03	  2.1215e-04	  1.3087e-04	  1.1937e-03	  0.0000e+00	  1.5471e-03	
  5.0000e+00	  6.4736e+00	  4.2404e-11	  1.6819e-05	  1.4336e-05	  5.5564e-04	  1.3030e-03	  2.3560e+03	  2.5692e-01	  6.2702e-01	  8.3826e-01	  9.9658e-01	  4.0200e+00	  1.6259e+01	  1.7407e+00	  3.0449e-02	  7.5596e-01	  5.5202e-02	  5.5202e-02	  6.5282e-01	  2.2830e+01	  1.0676e-01	  1.0106e+00	  1.0002e+00	  1.0000e+00	  2.5865e-02	  1.7014e-03	  0.0000e+00	  9.6932e-04	  1.1835e-04	  2.9797e-03	  1.3138e-03	  5.8349e-05	  7.1304e-03	  2.3890e-04	  1.4014e-04	  1.3030e-03	  0.0000e+00	  1.6369e-03	
  6.0000e+00	  6.4675e+00	  3.4362e-11	  2.1062e-05	  1.4339e-05	  6.0590e-04	  1.4168e-03	  2.6700e+03	  2.3988e-01	  5.9762e-01	  8.2115e-01	  9.9574e-01	  3.8899e+00	  1.6327e+01	  1.7368e+00	  2.9454e-02	  7.6700e-01	  5.5908e-02	  5.5908e-02	  7.0198e-01	  2.2781e+01	  1.1584e-01	  1.0106e+00	  1.0002e+00	  1.0000e+00	  2.5865e-02	  2.4081e-03	  0.0000e+00	  1.1371e-03	  1.2830e-04	  3.3809e-03	  1.4913e-03	  5.2255e-05	  8.2056e-03	  2.6179e-04	  1.4827e-04	  1.4168e-03	  0.0000e+00	  1.7348e-03	
  7.0000e+00	  6.4648e+00	  2.8920e-11	  2.7445e-05	  1.4343e-05	  6.5527e-04	  1.5344e-03	  2.9704e+03	  2.2598e-01	  5.7199e-01	  8.0548e-01	  9.9487e-01	  3.7625e+00	  1.6394e+01	  1.7329e+00	  2.8556e-02	  7.7741e-01	  5.6624e-02	  5.6624e-02	  7.5167e-01	  2.2731e+01	  1.2468e-01	  1.0106e+00	  1.0003e+00	  1.0000e+00	  2.5866e-02	  3.2218e-03	  0.0000e+00	  1.3083e-03	  1.3778e-04	  3.7657e-03	  1.6618e-03	  4.7140e-05	  9.2406e-03	  2.8140e-04	  1.5554e-04	  1.5344e-03	  0.0000e+00	  1.8265e-03	
  8.0000e+00	  6.4648e+00	  2.4975e-11	  3.7011e-05	  1.4346e-05	  7.0351e-04	  1.6551e-03	  3.2598e+03	  2.1434e-01	  5.4932e-01	  7.9099e-01	  9.9397e-01	  3.6376e+00	  1.6460e+01	  1.7290e+00	  2.7706e-02	  7.8719e-01	  5.7349e-02	  5.7349e-02	  8.0188e-01	  2.2681e+01	  1.3330e-01	  1.0106e+00	  1.0004e+00	  1.0000e+00	  2.5866e-02	  4.1395e-03	  0.0000e+00	  1.4826e-03	  1.4693e-04	  4.1371e-03	  1.8265e-03	  4.2714e-05	  1.0243e-02	  2.9813e-04	  1.6215e-04	  1.6551e-03	  0.0000e+00	  1.8964e-03	
  9.0000e+00	  6.4669e+00	  2.1970e-11	  5.0032e-05	  1.4349e-05	  7.5047e-04	  1.7787e-03	  3.5398e+03	  2.0439e-01	  5.2905e-01	  7.7749e-01	  9.9304e-01	  3.5153e+00	  1.6524e+01	  1.7252e+00	  2.6898e-02	  7.9637e-01	  5.8083e-02	  5.8083e-02	  8.5256e-01	  2.2630e+01	  1.4169e-01	  1.0106e+00	  1.0005e+00	  1.0000e+00	  2.5866e-02	  5.1576e-03	  0.0000e+00	  1.6596e-03	  1.5582e-04	  4.4969e-03	  1.9864e-03	  3.8825e-05	  1.1216e-02	  3.1228e-04	  1.6822e-04	  1.7787e-03	  0.0000e+00	  1.9395e-03	
  1.0000e+01	  6.4707e+00	  1.9599e-11	  6.5894e-05	  1.4352e-05	  7.9620e-04	  1.9048e-03	  3.8116e+03	  1.9575e-01	  5.1077e-01	  7.6484e-01	  9.9209e-01	  3.3956e+00	  1.6587e+01	  1.7213e+00	  2.6125e-02	  8.0494e-01	  5.8825e-02	  5.8825e-02	  9.0365e-01	  2.2579e+01	  1.4988e-01	  1.0106e+00	  1.0006e+00	  1.0000e+00	  2.5866e-02	  6.2719e-03	  0.0000e+00	  1.8391e-03	  1.6449e-04	  4.8467e-03	  2.1420e-03	  3.5402e-05	  1.2166e-02	  3.2409e-04	  1.7385e-04	  1.9048e-03	  0.0000e+00	  1.9633e-03	
  1.1000e+01	  6.4770e+00	  1.8335e-11	  7.7433e-05	  2.5314e-04	  8.2523e-04	  1.9998e-03	  4.0758e+03	  1.8817e-01	  4.9418e-01	  7.5297e-01	  9.9111e-01	  3.2785e+00	  1.6649e+01	  1.7175e+00	  2.5618e-02	  8.1304e-01	  5.9575e-02	  5.9575e-02	  9.4453e-01	  2.2536e+01	  1.5727e-01	  1.0106e+00	  1.0007e+00	  1.0000e+00	  2.5867e-02	  7.4894e-03	  2.8771e-03	  2.0204e-03	  1.7297e-04	  5.1856e-03	  2.2938e-03	  3.2182e-05	  1.3095e-02	  3.4297e-04	  1.7908e-04	  1.9998e-03	  0.0000e+00	  1.9724e-03	
  1.2000e+01	  6.4843e+00	  1.7235e-11	  9.0285e-05	  5.0418e-04	  8.5275e-04	  2.0958e-03	  4.3334e+03	  1.8143e-01	  4.7902e-01	  7.4177e-01	  9.9012e-01	  3.1640e+00	  1.6710e+01	  1.7137e+00	  2.4933e-02	  8.2065e-01	  6.0332e-02	  6.0332e-02	  9.8538e-01	  2.2491e+01	  1.6444e-01	  1.0106e+00	  1.0008e+00	  1.0001e+00	  2.5867e-02	  8.8179e-03	  5.9629e-03	  2.2035e-03	  1.8129e-04	  5.5162e-03	  2.4420e-03	  2.9337e-05	  1.4004e-02	  3.5984e-04	  1.8398e-04	  2.0958e-03	  0.0000e+00	  1.9790e-03	
  1.3000e+01	  6.4922e+00	  1.6258e-11	  1.0445e-04	  7.6403e-04	  8.7903e-04	  2.1931e-03	  4.5849e+03	  1.7540e-01	  4.6510e-01	  7.3116e-01	  9.8910e-01	  3.0521e+00	  1.6769e+01	  1.7099e+00	  2.4258e-02	  8.2768e-01	  6.1096e-02	  6.1096e-02	  1.0262e+00	  2.2442e+01	  1.7140e-01	  1.0106e+00	  1.0009e+00	  1.0001e+00	  2.5867e-02	  1.0253e-02	  9.2099e-03	  2.3882e-03	  1.8948e-04	  5.8392e-03	  2.5870e-03	  2.6817e-05	  1.4896e-02	  3.7472e-04	  1.8861e-04	  2.1931e-03	  0.0000e+00	  1.9839e-03	
  1.4000e+01	  6.5007e+00	  1.5385e-11	  1.1985e-04	  1.0328e-03	  9.0410e-04	  2.2913e-03	  4.8309e+03	  1.6995e-01	  4.5225e-01	  7.2110e-01	  9.8807e-01	  2.9429e+00	  1.6827e+01	  1.7062e+00	  2.3607e-02	  8.3415e-01	  6.1865e-02	  6.1865e-02	  1.0670e+00	  2.2391e+01	  1.7815e-01	  1.0106e+00	  1.0010e+00	  1.0001e+00	  2.5867e-02	  1.1790e-02	  1.2614e-02	  2.5742e-03	  1.9756e-04	  6.1551e-03	  2.7291e-03	  2.4581e-05	  1.5771e-02	  3.8779e-04	  1.9298e-04	  2.2913e-03	  0.0000e+00	  1.9875e-03	
  1.5000e+01	  6.5095e+00	  1.4599e-11	  1.3638e-04	  1.3106e-03	  9.2798e-04	  2.3903e-03	  5.0718e+03	  1.6500e-01	  4.4034e-01	  7.1152e-01	  9.8702e-01	  2.8363e+00	  1.6884e+01	  1.7024e+00	  2.2981e-02	  8.4006e-01	  6.2640e-02	  6.2640e-02	  1.1076e+00	  2.2336e+01	  1.8469e-01	  1.0106e+00	  1.0011e+00	  1.0001e+00	  2.5868e-02	  1.3423e-02	  1.6170e-02	  2.7614e-03	  2.0554e-04	  6.4645e-03	  2.8684e-03	  2.2592e-05	  1.6632e-02	  3.9919e-04	  1.9714e-04	  2.3903e-03	  0.0000e+00	  1.9902e-03	
  1.6000e+01	  6.5186e+00	  1.3888e-11	  1.5396e-04	  1.5975e-03	  9.5072e-04	  2.4900e-03	  5.3080e+03	  1.6048e-01	  4.2927e-01	  7.0239e-01	  9.8596e-01	  2.7324e+00	  1.6939e+01	  1.6987e+00	  2.2378e-02	  8.4541e-01	  6.3420e-02	  6.3420e-02	  1.1481e+00	  2.2278e+01	  1.9103e-01	  1.0106e+00	  1.0012e+00	  1.0002e+00	  2.5868e-02	  1.5147e-02	  1.9875e-02	  2.9496e-03	  2.1342e-04	  6.7678e-03	  3.0052e-03	  2.0817e-05	  1.7478e-02	  4.0905e-04	  2.0110e-04	  2.4900e-03	  0.0000e+00	  1.9922e-03	
  1.7000e+01	  6.5279e+00	  1.3240e-11	  1.7252e-04	  1.8935e-03	  9.7235e-04	  2.5901e-03	  5.5397e+03	  1.5632e-01	  4.1893e-01	  6.9367e-01	  9.8489e-01	  2.6310e+00	  1.6993e+01	  1.6950e+00	  2.1795e-02	  8.5023e-01	  6.4204e-02	  6.4204e-02	  1.1883e+00	  2.2217e+01	  1.9718e-01	  1.0106e+00	  1.0013e+00	  1.0002e+00	  2.5868e-02	  1.6958e-02	  2.3722e-02	  3.1386e-03	  2.2122e-04	  7.0653e-03	  3.1396e-03	  1.9232e-05	  1.8312e-02	  4.1750e-04	  2.0488e-04	  2.5901e-03	  0.0000e+00	  1.9937e-03	
  1.8000e+01	  6.5372e+00	  1.2648e-11	  1.9197e-04	  2.1986e-03	  9.9290e-04	  2.6905e-03	  5.7673e+03	  1.5249e-01	  4.0926e-01	  6.8532e-01	  9.8380e-01	  2.5324e+00	  1.7046e+01	  1.6913e+00	  2.1233e-02	  8.5450e-01	  6.4992e-02	  6.4992e-02	  1.2282e+00	  2.2153e+01	  2.0314e-01	  1.0106e+00	  1.0014e+00	  1.0002e+00	  2.5868e-02	  1.8848e-02	  2.7707e-02	  3.3283e-03	  2.2895e-04	  7.3574e-03	  3.2717e-03	  1.7812e-05	  1.9132e-02	  4.2466e-04	  2.0850e-04	  2.6905e-03	  0.0000e+00	  1.9949e-03	
  1.9000e+01	  6.5466e+00	  1.2104e-11	  2.1225e-04	  2.5127e-03	  1.0124e-03	  2.7909e-03	  5.9908e+03	  1.4893e-01	  4.0019e-01	  6.7732e-01	  9.8271e-01	  2.4363e+00	  1.7097e+01	  1.6876e+00	  2.0689e-02	  8.5825e-01	  6.5783e-02	  6.5783e-02	  1.2678e+00	  2.2085e+01	  2.0892e-01	  1.0106e+00	  1.0016e+00	  1.0003e+00	  2.5868e-02	  2.0812e-02	  3.1825e-02	  3.5185e-03	  2.3660e-04	  7.6444e-03	  3.4017e-03	  1.6537e-05	  1.9941e-02	  4.3062e-04	  2.1197e-04	  2.7909e-03	  0.0000e+00	  1.9958e-03	
  2.0000e+01	  6.5560e+00	  1.1603e-11	  2.3327e-04	  2.8359e-03	  1.0309e-03	  2.8914e-03	  6.2106e+03	  1.4563e-01	  3.9166e-01	  6.6965e-01	  9.8160e-01	  2.3429e+00	  1.7148e+01	  1.6840e+00	  2.0163e-02	  8.6149e-01	  6.6577e-02	  6.6577e-02	  1.3070e+00	  2.2013e+01	  2.1453e-01	  1.0106e+00	  1.0017e+00	  1.0003e+00	  2.5869e-02	  2.2846e-02	  3.6071e-02	  3.7092e-03	  2.4418e-04	  7.9264e-03	  3.5296e-03	  1.5391e-05	  2.0738e-02	  4.3550e-04	  2.1531e-04	  2.8914e-03	  0.0000e+00	  1.9965e-03	
  2.1000e+01	  6.5654e+00	  1.1141e-11	  2.5496e-04	  3.1679e-03	  1.0484e-03	  2.9917e-03	  6.4268e+03	  1.4255e-01	  3.8362e-01	  6.6228e-01	  9.8049e-01	  2.2520e+00	  1.7196e+01	  1.6803e+00	  1.9653e-02	  8.6421e-01	  6.7372e-02	  6.7372e-02	  1.3458e+00	  2.1939e+01	  2.1996e-01	  1.0106e+00	  1.0018e+00	  1.0003e+00	  2.5869e-02	  2.4943e-02	  4.0440e-02	  3.9001e-03	  2.5170e-04	  8.2037e-03	  3.6556e-03	  1.4357e-05	  2.1524e-02	  4.3939e-04	  2.1852e-04	  2.9917e-03	  0.0000e+00	  1.9970e-03	
  2.2000e+01	  6.5747e+00	  1.0712e-11	  2.7725e-04	  3.5089e-03	  1.0650e-03	  3.0916e-03	  6.6395e+03	  1.3968e-01	  3.7602e-01	  6.5519e-01	  9.7937e-01	  2.1638e+00	  1.7244e+01	  1.6767e+00	  1.9159e-02	  8.6643e-01	  6.8170e-02	  6.8170e-02	  1.3840e+00	  2.1860e+01	  2.2523e-01	  1.0106e+00	  1.0020e+00	  1.0004e+00	  2.5869e-02	  2.7097e-02	  4.4925e-02	  4.0913e-03	  2.5916e-04	  8.4765e-03	  3.7797e-03	  1.3423e-05	  2.2299e-02	  4.4238e-04	  2.2162e-04	  3.0916e-03	  0.0000e+00	  1.9974e-03	
  2.3000e+01	  6.5839e+00	  1.0313e-11	  3.0007e-04	  3.8585e-03	  1.0807e-03	  3.1911e-03	  6.8489e+03	  1.3697e-01	  3.6883e-01	  6.4837e-01	  9.7824e-01	  2.0782e+00	  1.7290e+01	  1.6731e+00	  1.8680e-02	  8.6816e-01	  6.8969e-02	  6.8969e-02	  1.4218e+00	  2.1778e+01	  2.3033e-01	  1.0106e+00	  1.0021e+00	  1.0004e+00	  2.5869e-02	  2.9304e-02	  4.9522e-02	  4.2825e-03	  2.6655e-04	  8.7450e-03	  3.9020e-03	  1.2576e-05	  2.3065e-02	  4.4456e-04	  2.2461e-04	  3.1911e-03	  0.0000e+00	  1.9978e-03	
  2.4000e+01	  6.5929e+00	  9.9415e-12	  3.2337e-04	  4.2168e-03	  1.0954e-03	  3.2901e-03	  7.0551e+03	  1.3444e-01	  3.6202e-01	  6.4179e-01	  9.7711e-01	  1.9951e+00	  1.7335e+01	  1.6695e+00	  1.8215e-02	  8.6942e-01	  6.9768e-02	  6.9768e-02	  1.4590e+00	  2.1693e+01	  2.3529e-01	  1.0106e+00	  1.0023e+00	  1.0004e+00	  2.5869e-02	  3.1558e-02	  5.4226e-02	  4.4737e-03	  2.7389e-04	  9.0092e-03	  4.0226e-03	  1.1808e-05	  2.3820e-02	  4.4601e-04	  2.2750e-04	  3.2901e-03	  0.0000e+00	  1.9981e-03	
  2.5000e+01	  6.6019e+00	  9.5946e-12	  3.4707e-04	  4.5835e-03	  1.1094e-03	  3.3884e-03	  7.2583e+03	  1.3204e-01	  3.5556e-01	  6.3544e-01	  9.7597e-01	  1.9146e+00	  1.7379e+01	  1.6659e+00	  1.7764e-02	  8.7020e-01	  7.0568e-02	  7.0568e-02	  1.4956e+00	  2.1603e+01	  2.4009e-01	  1.0106e+00	  1.0024e+00	  1.0005e+00	  2.5869e-02	  3.3855e-02	  5.9031e-02	  4.6649e-03	  2.8118e-04	  9.2694e-03	  4.1415e-03	  1.1109e-05	  2.4566e-02	  4.4680e-04	  2.3029e-04	  3.3884e-03	  0.0000e+00	  1.9983e-03	
  2.6000e+01	  6.6107e+00	  9.2700e-12	  3.7113e-04	  4.9585e-03	  1.1224e-03	  3.4859e-03	  7.4584e+03	  1.2979e-01	  3.4941e-01	  6.2932e-01	  9.7483e-01	  1.8365e+00	  1.7421e+01	  1.6623e+00	  1.7327e-02	  8.7053e-01	  7.1367e-02	  7.1367e-02	  1.5315e+00	  2.1510e+01	  2.4475e-01	  1.0106e+00	  1.0026e+00	  1.0005e+00	  2.5870e-02	  3.6188e-02	  6.3931e-02	  4.8559e-03	  2.8841e-04	  9.5256e-03	  4.2588e-03	  1.0472e-05	  2.5303e-02	  4.4701e-04	  2.3300e-04	  3.4859e-03	  0.0000e+00	  1.9985e-03	
  2.7000e+01	  6.6194e+00	  8.9656e-12	  3.9547e-04	  5.3417e-03	  1.1347e-03	  3.5826e-03	  7.6557e+03	  1.2765e-01	  3.4356e-01	  6.2340e-01	  9.7369e-01	  1.7610e+00	  1.7462e+01	  1.6587e+00	  1.6901e-02	  8.7041e-01	  7.2166e-02	  7.2166e-02	  1.5668e+00	  2.1413e+01	  2.4926e-01	  1.0106e+00	  1.0028e+00	  1.0006e+00	  2.5870e-02	  3.8554e-02	  6.8921e-02	  5.0467e-03	  2.9558e-04	  9.7780e-03	  4.3745e-03	  9.8889e-06	  2.6031e-02	  4.4670e-04	  2.3563e-04	  3.5826e-03	  0.0000e+00	  1.9986e-03	
  2.8000e+01	  6.6280e+00	  8.6798e-12	  4.2004e-04	  5.7328e-03	  1.1462e-03	  3.6783e-03	  7.8501e+03	  1.2563e-01	  3.3798e-01	  6.1768e-01	  9.7254e-01	  1.6879e+00	  1.7502e+01	  1.6552e+00	  1.6488e-02	  8.6986e-01	  7.2964e-02	  7.2964e-02	  1.6014e+00	  2.1312e+01	  2.5365e-01	  1.0106e+00	  1.0029e+00	  1.0006e+00	  2.5870e-02	  4.0948e-02	  7.3997e-02	  5.2371e-03	  3.0270e-04	  1.0027e-02	  4.4887e-03	  9.3550e-06	  2.6750e-02	  4.4594e-04	  2.3818e-04	  3.6783e-03	  0.0000e+00	  1.9988e-03	
  2.9000e+01	  6.6364e+00	  8.4108e-12	  4.4481e-04	  6.1316e-03	  1.1569e-03	  3.7730e-03	  8.0418e+03	  1.2371e-01	  3.3265e-01	  6.1215e-01	  9.7139e-01	  1.6173e+00	  1.7541e+01	  1.6517e+00	  1.6088e-02	  8.6889e-01	  7.3760e-02	  7.3760e-02	  1.6353e+00	  2.1207e+01	  2.5790e-01	  1.0106e+00	  1.0031e+00	  1.0006e+00	  2.5870e-02	  4.3365e-02	  7.9152e-02	  5.4272e-03	  3.0978e-04	  1.0272e-02	  4.6014e-03	  8.8649e-06	  2.7460e-02	  4.4478e-04	  2.4065e-04	  3.7730e-03	  0.0000e+00	  1.9989e-03	
  3.0000e+01	  6.6447e+00	  8.1573e-12	  4.6971e-04	  6.5380e-03	  1.1669e-03	  3.8666e-03	  8.2309e+03	  1.2188e-01	  3.2757e-01	  6.0679e-01	  9.7023e-01	  1.5490e+00	  1.7579e+01	  1.6481e+00	  1.5698e-02	  8.6750e-01	  7.4554e-02	  7.4554e-02	  1.6684e+00	  2.1098e+01	  2.6202e-01	  1.0106e+00	  1.0032e+00	  1.0007e+00	  2.5870e-02	  4.5802e-02	  8.4381e-02	  5.6169e-03	  3.1680e-04	  1.0513e-02	  4.7127e-03	  8.4140e-06	  2.8162e-02	  4.4327e-04	  2.4306e-04	  3.8666e-03	  0.0000e+00	  1.9990e-03	
  3.1000e+01	  6.6528e+00	  7.9182e-12	  4.9471e-04	  6.9517e-03	  1.1762e-03	  3.9591e-03	  8.4173e+03	  1.2014e-01	  3.2270e-01	  6.0161e-01	  9.6908e-01	  1.4831e+00	  1.7615e+01	  1.6446e+00	  1.5321e-02	  8.6572e-01	  7.5346e-02	  7.5346e-02	  1.7008e+00	  2.0985e+01	  2.6602e-01	  1.0106e+00	  1.0034e+00	  1.0007e+00	  2.5870e-02	  4.8255e-02	  8.9680e-02	  5.8061e-03	  3.2377e-04	  1.0751e-02	  4.8225e-03	  7.9983e-06	  2.8856e-02	  4.4147e-04	  2.4540e-04	  3.9591e-03	  0.0000e+00	  1.9991e-03	
  3.2000e+01	  6.6608e+00	  7.6921e-12	  5.1976e-04	  7.3724e-03	  1.1848e-03	  4.0504e-03	  8.6013e+03	  1.1848e-01	  3.1804e-01	  5.9658e-01	  9.6793e-01	  1.4196e+00	  1.7650e+01	  1.6411e+00	  1.4954e-02	  8.6356e-01	  7.6134e-02	  7.6134e-02	  1.7324e+00	  2.0867e+01	  2.6990e-01	  1.0106e+00	  1.0036e+00	  1.0008e+00	  2.5871e-02	  5.0720e-02	  9.5042e-02	  5.9948e-03	  3.3069e-04	  1.0986e-02	  4.9310e-03	  7.6143e-06	  2.9542e-02	  4.3942e-04	  2.4768e-04	  4.0504e-03	  0.0000e+00	  1.9991e-03	
  3.3000e+01	  6.6686e+00	  7.4783e-12	  5.4483e-04	  7.7999e-03	  1.1927e-03	  4.1404e-03	  8.7827e+03	  1.1690e-01	  3.1357e-01	  5.9170e-01	  9.6677e-01	  1.3583e+00	  1.7684e+01	  1.6377e+00	  1.4597e-02	  8.6102e-01	  7.6920e-02	  7.6920e-02	  1.7632e+00	  2.0745e+01	  2.7367e-01	  1.0106e+00	  1.0037e+00	  1.0008e+00	  2.5871e-02	  5.3193e-02	  1.0046e-01	  6.1829e-03	  3.3756e-04	  1.1217e-02	  5.0382e-03	  7.2588e-06	  3.0220e-02	  4.3716e-04	  2.4990e-04	  4.1404e-03	  0.0000e+00	  1.9992e-03	
  3.4000e+01	  6.6763e+00	  7.2758e-12	  5.6989e-04	  8.2339e-03	  1.1999e-03	  4.2291e-03	  8.9618e+03	  1.1539e-01	  3.0929e-01	  5.8697e-01	  9.6562e-01	  1.2992e+00	  1.7717e+01	  1.6342e+00	  1.4252e-02	  8.5813e-01	  7.7703e-02	  7.7703e-02	  1.7932e+00	  2.0619e+01	  2.7732e-01	  1.0106e+00	  1.0039e+00	  1.0009e+00	  2.5871e-02	  5.5672e-02	  1.0594e-01	  6.3704e-03	  3.4438e-04	  1.1446e-02	  5.1440e-03	  6.9291e-06	  3.0890e-02	  4.3473e-04	  2.5206e-04	  4.2291e-03	  0.0000e+00	  1.9992e-03	
  3.5000e+01	  6.6839e+00	  7.0838e-12	  5.9489e-04	  8.6742e-03	  1.2066e-03	  4.3165e-03	  9.1385e+03	  1.1394e-01	  3.0517e-01	  5.8238e-01	  9.6447e-01	  1.2424e+00	  1.7748e+01	  1.6307e+00	  1.3917e-02	  8.5489e-01	  7.8481e-02	  7.8481e-02	  1.8224e+00	  2.0488e+01	  2.8087e-01	  1.0106e+00	  1.0040e+00	  1.0009e+00	  2.5871e-02	  5.8154e-02	  1.1146e-01	  6.5573e-03	  3.5115e-04	  1.1671e-02	  5.2486e-03	  6.6228e-06	  3.1553e-02	  4.3216e-04	  2.5417e-04	  4.3165e-03	  0.0000e+00	  1.9993e-03	
  3.6000e+01	  6.6914e+00	  6.9015e-12	  6.1981e-04	  9.1204e-03	  1.2127e-03	  4.4026e-03	  9.3129e+03	  1.1256e-01	  3.0122e-01	  5.7792e-01	  9.6331e-01	  1.1876e+00	  1.7779e+01	  1.6273e+00	  1.3591e-02	  8.5133e-01	  7.9255e-02	  7.9255e-02	  1.8507e+00	  2.0353e+01	  2.8431e-01	  1.0106e+00	  1.0042e+00	  1.0010e+00	  2.5871e-02	  6.0636e-02	  1.1703e-01	  6.7434e-03	  3.5788e-04	  1.1893e-02	  5.3519e-03	  6.3377e-06	  3.2208e-02	  4.2949e-04	  2.5623e-04	  4.4026e-03	  0.0000e+00	  1.9993e-03	
  3.7000e+01	  6.6987e+00	  6.7283e-12	  6.4463e-04	  9.5722e-03	  1.2181e-03	  4.4873e-03	  9.4851e+03	  1.1123e-01	  2.9741e-01	  5.7359e-01	  9.6216e-01	  1.1350e+00	  1.7808e+01	  1.6239e+00	  1.3276e-02	  8.4745e-01	  8.0025e-02	  8.0025e-02	  1.8783e+00	  2.0214e+01	  2.8766e-01	  1.0106e+00	  1.0044e+00	  1.0010e+00	  2.5871e-02	  6.3116e-02	  1.2264e-01	  6.9288e-03	  3.6456e-04	  1.2112e-02	  5.4540e-03	  6.0719e-06	  3.2856e-02	  4.2673e-04	  2.5823e-04	  4.4873e-03	  0.0000e+00	  1.9993e-03	
  3.8000e+01	  6.7026e+00	  6.5637e-12	  6.6914e-04	  1.0029e-02	  1.2262e-03	  4.5563e-03	  9.6529e+03	  1.0997e-01	  2.9379e-01	  5.6943e-01	  9.6103e-01	  1.0845e+00	  1.7837e+01	  1.6204e+00	  1.2970e-02	  8.4326e-01	  8.0790e-02	  8.0790e-02	  1.9051e+00	  2.0069e+01	  2.9090e-01	  1.0106e+00	  1.0045e+00	  1.0011e+00	  2.5871e-02	  6.5590e-02	  1.2828e-01	  7.1126e-03	  3.7114e-04	  1.2323e-02	  5.5527e-03	  5.9009e-06	  3.3499e-02	  4.2395e-04	  2.6015e-04	  4.5563e-03	  0.0000e+00	  1.9994e-03	
  3.9000e+01	  6.6973e+00	  6.4071e-12	  6.9296e-04	  1.0491e-02	  1.2429e-03	  4.5831e-03	  9.8128e+03	  1.0880e-01	  2.9043e-01	  5.6552e-01	  9.5994e-01	  1.0359e+00	  1.7864e+01	  1.6170e+00	  1.2674e-02	  8.3879e-01	  8.1550e-02	  8.1550e-02	  1.9311e+00	  1.9920e+01	  2.9405e-01	  1.0106e+00	  1.0047e+00	  1.0011e+00	  2.5871e-02	  6.8059e-02	  1.3396e-01	  7.2930e-03	  3.7753e-04	  1.2520e-02	  5.6442e-03	  5.9586e-06	  3.4139e-02	  4.2121e-04	  2.6192e-04	  4.5831e-03	  0.0000e+00	  1.9994e-03	
  4.0000e+01	  6.6921e+00	  6.2579e-12	  7.1661e-04	  1.0958e-02	  1.2592e-03	  4.6090e-03	  9.9705e+03	  1.0768e-01	  2.8719e-01	  5.6172e-01	  9.5885e-01	  9.8929e-01	  1.7891e+01	  1.6136e+00	  1.2388e-02	  8.3404e-01	  8.2304e-02	  8.2304e-02	  1.9563e+00	  1.9766e+01	  2.9711e-01	  1.0106e+00	  1.0048e+00	  1.0012e+00	  2.5872e-02	  7.0519e-02	  1.3966e-01	  7.4726e-03	  3.8388e-04	  1.2713e-02	  5.7346e-03	  6.0150e-06	  3.4773e-02	  4.1843e-04	  2.6364e-04	  4.6090e-03	  0.0000e+00	  1.9994e-03	
  4.1000e+01	  6.6871e+00	  6.1157e-12	  7.4008e-04	  1.1429e-02	  1.2751e-03	  4.6342e-03	  1.0126e+04	  1.0660e-01	  2.8406e-01	  5.5803e-01	  9.5777e-01	  9.4458e-01	  1.7916e+01	  1.6102e+00	  1.2110e-02	  8.2904e-01	  8.3053e-02	  8.3053e-02	  1.9807e+00	  1.9607e+01	  3.0008e-01	  1.0106e+00	  1.0050e+00	  1.0012e+00	  2.5872e-02	  7.2970e-02	  1.4538e-01	  7.6513e-03	  3.9018e-04	  1.2904e-02	  5.8239e-03	  6.0698e-06	  3.5399e-02	  4.1563e-04	  2.6533e-04	  4.6342e-03	  0.0000e+00	  1.9994e-03	
  4.2000e+01	  6.6822e+00	  5.9801e-12	  7.6335e-04	  1.1904e-02	  1.2905e-03	  4.6586e-03	  1.0280e+04	  1.0556e-01	  2.8103e-01	  5.5442e-01	  9.5669e-01	  9.0172e-01	  1.7940e+01	  1.6069e+00	  1.1842e-02	  8.2378e-01	  8.3796e-02	  8.3796e-02	  2.0044e+00	  1.9444e+01	  3.0296e-01	  1.0106e+00	  1.0051e+00	  1.0013e+00	  2.5872e-02	  7.5409e-02	  1.5112e-01	  7.8291e-03	  3.9644e-04	  1.3092e-02	  5.9120e-03	  6.1232e-06	  3.6019e-02	  4.1285e-04	  2.6698e-04	  4.6586e-03	  0.0000e+00	  1.9994e-03	
  4.3000e+01	  6.6776e+00	  5.8507e-12	  7.8641e-04	  1.2383e-02	  1.3056e-03	  4.6823e-03	  1.0432e+04	  1.0455e-01	  2.7811e-01	  5.5092e-01	  9.5561e-01	  8.6066e-01	  1.7964e+01	  1.6035e+00	  1.1582e-02	  8.1829e-01	  8.4533e-02	  8.4533e-02	  2.0273e+00	  1.9275e+01	  3.0577e-01	  1.0106e+00	  1.0053e+00	  1.0013e+00	  2.5872e-02	  7.7835e-02	  1.5688e-01	  8.0060e-03	  4.0265e-04	  1.3277e-02	  5.9991e-03	  6.1751e-06	  3.6632e-02	  4.1008e-04	  2.6860e-04	  4.6823e-03	  0.0000e+00	  1.9994e-03	
  4.4000e+01	  6.6731e+00	  5.7271e-12	  8.0924e-04	  1.2864e-02	  1.3203e-03	  4.7051e-03	  1.0582e+04	  1.0358e-01	  2.7529e-01	  5.4750e-01	  9.5454e-01	  8.2134e-01	  1.7987e+01	  1.6002e+00	  1.1331e-02	  8.1259e-01	  8.5264e-02	  8.5264e-02	  2.0495e+00	  1.9101e+01	  3.0849e-01	  1.0106e+00	  1.0055e+00	  1.0014e+00	  2.5872e-02	  8.0247e-02	  1.6265e-01	  8.1819e-03	  4.0882e-04	  1.3460e-02	  6.0852e-03	  6.2255e-06	  3.7238e-02	  4.0735e-04	  2.7018e-04	  4.7051e-03	  0.0000e+00	  1.9994e-03	
  4.5000e+01	  6.6687e+00	  5.6089e-12	  8.3185e-04	  1.3349e-02	  1.3345e-03	  4.7272e-03	  1.0729e+04	  1.0265e-01	  2.7255e-01	  5.4416e-01	  9.5348e-01	  7.8371e-01	  1.8008e+01	  1.5968e+00	  1.1089e-02	  8.0667e-01	  8.5988e-02	  8.5988e-02	  2.0709e+00	  1.8923e+01	  3.1113e-01	  1.0106e+00	  1.0056e+00	  1.0014e+00	  2.5872e-02	  8.2643e-02	  1.6842e-01	  8.3569e-03	  4.1494e-04	  1.3641e-02	  6.1702e-03	  6.2744e-06	  3.7838e-02	  4.0466e-04	  2.7173e-04	  4.7272e-03	  0.0000e+00	  1.9994e-03	
  4.6000e+01	  6.6645e+00	  5.4960e-12	  8.5422e-04	  1.3837e-02	  1.3484e-03	  4.7486e-03	  1.0876e+04	  1.0174e-01	  2.6990e-01	  5.4091e-01	  9.5242e-01	  7.4772e-01	  1.8029e+01	  1.5935e+00	  1.0855e-02	  8.0057e-01	  8.6705e-02	  8.6705e-02	  2.0917e+00	  1.8739e+01	  3.1371e-01	  1.0106e+00	  1.0058e+00	  1.0015e+00	  2.5872e-02	  8.5022e-02	  1.7419e-01	  8.5310e-03	  4.2102e-04	  1.3819e-02	  6.2543e-03	  6.3219e-06	  3.8431e-02	  4.0202e-04	  2.7324e-04	  4.7486e-03	  0.0000e+00	  1.9994e-03	
  4.7000e+01	  6.6604e+00	  5.3879e-12	  8.7635e-04	  1.4327e-02	  1.3619e-03	  4.7692e-03	  1.1020e+04	  1.0086e-01	  2.6734e-01	  5.3774e-01	  9.5136e-01	  7.1331e-01	  1.8049e+01	  1.5901e+00	  1.0629e-02	  7.9428e-01	  8.7415e-02	  8.7415e-02	  2.1117e+00	  1.8550e+01	  3.1620e-01	  1.0106e+00	  1.0059e+00	  1.0015e+00	  2.5872e-02	  8.7384e-02	  1.7997e-01	  8.7041e-03	  4.2705e-04	  1.3995e-02	  6.3373e-03	  6.3680e-06	  3.9018e-02	  3.9945e-04	  2.7473e-04	  4.7692e-03	  0.0000e+00	  1.9994e-03	
  4.8000e+01	  6.6564e+00	  5.2844e-12	  8.9823e-04	  1.4819e-02	  1.3750e-03	  4.7891e-03	  1.1162e+04	  1.0002e-01	  2.6486e-01	  5.3465e-01	  9.5031e-01	  6.8044e-01	  1.8068e+01	  1.5868e+00	  1.0411e-02	  7.8782e-01	  8.8119e-02	  8.8119e-02	  2.1311e+00	  1.8356e+01	  3.1863e-01	  1.0106e+00	  1.0061e+00	  1.0016e+00	  2.5872e-02	  8.9728e-02	  1.8574e-01	  8.8761e-03	  4.3304e-04	  1.4168e-02	  6.4194e-03	  6.4127e-06	  3.9599e-02	  3.9694e-04	  2.7619e-04	  4.7891e-03	  0.0000e+00	  1.9994e-03	
  4.9000e+01	  6.6526e+00	  5.1852e-12	  9.1986e-04	  1.5313e-02	  1.3877e-03	  4.8083e-03	  1.1303e+04	  9.9197e-02	  2.6245e-01	  5.3162e-01	  9.4926e-01	  6.4904e-01	  1.8087e+01	  1.5835e+00	  1.0201e-02	  7.8121e-01	  8.8815e-02	  8.8815e-02	  2.1498e+00	  1.8156e+01	  3.2100e-01	  1.0106e+00	  1.0062e+00	  1.0016e+00	  2.5873e-02	  9.2052e-02	  1.9151e-01	  9.0472e-03	  4.3898e-04	  1.4339e-02	  6.5006e-03	  6.4560e-06	  4.0173e-02	  3.9451e-04	  2.7762e-04	  4.8083e-03	  0.0000e+00	  1.9994e-03	
  5.0000e+01	  6.6489e+00	  5.0902e-12	  9.4124e-04	  1.5808e-02	  1.4000e-03	  4.8268e-03	  1.1442e+04	  9.8403e-02	  2.6011e-01	  5.2867e-01	  9.4822e-01	  6.1907e-01	  1.8104e+01	  1.5802e+00	  9.9993e-03	  7.7446e-01	  8.9503e-02	  8.9503e-02	  2.1678e+00	  1.7951e+01	  3.2330e-01	  1.0106e+00	  1.0063e+00	  1.0017e+00	  2.5873e-02	  9.4356e-02	  1.9727e-01	  9.2173e-03	  4.4488e-04	  1.4508e-02	  6.5808e-03	  6.4979e-06	  4.0742e-02	  3.9216e-04	  2.7902e-04	  4.8268e-03	  0.0000e+00	  1.9994e-03	
  5.1000e+01	  6.6453e+00	  4.9991e-12	  9.6236e-04	  1.6305e-02	  1.4120e-03	  4.8447e-03	  1.1580e+04	  9.7633e-02	  2.5784e-01	  5.2579e-01	  9.4719e-01	  5.9048e-01	  1.8121e+01	  1.5769e+00	  9.8046e-03	  7.6757e-01	  9.0185e-02	  9.0185e-02	  2.1852e+00	  1.7741e+01	  3.2553e-01	  1.0106e+00	  1.0065e+00	  1.0017e+00	  2.5873e-02	  9.6641e-02	  2.0301e-01	  9.3863e-03	  4.5074e-04	  1.4674e-02	  6.6601e-03	  6.5386e-06	  4.1304e-02	  3.8989e-04	  2.8039e-04	  4.8447e-03	  0.0000e+00	  1.9994e-03	
  5.2000e+01	  6.6419e+00	  4.9116e-12	  9.8322e-04	  1.6802e-02	  1.4236e-03	  4.8619e-03	  1.1715e+04	  9.6887e-02	  2.5564e-01	  5.2298e-01	  9.4616e-01	  5.6322e-01	  1.8138e+01	  1.5737e+00	  9.6177e-03	  7.6056e-01	  9.0858e-02	  9.0858e-02	  2.2021e+00	  1.7526e+01	  3.2771e-01	  1.0106e+00	  1.0066e+00	  1.0018e+00	  2.5873e-02	  9.8904e-02	  2.0874e-01	  9.5543e-03	  4.5655e-04	  1.4839e-02	  6.7385e-03	  6.5780e-06	  4.1860e-02	  3.8770e-04	  2.8174e-04	  4.8619e-03	  0.0000e+00	  1.9994e-03	
  5.3000e+01	  6.6385e+00	  4.8277e-12	  1.0038e-03	  1.7300e-02	  1.4349e-03	  4.8785e-03	  1.1849e+04	  9.6163e-02	  2.5350e-01	  5.2023e-01	  9.4513e-01	  5.3723e-01	  1.8153e+01	  1.5704e+00	  9.4378e-03	  7.5345e-01	  9.1524e-02	  9.1524e-02	  2.2183e+00	  1.7305e+01	  3.2983e-01	  1.0106e+00	  1.0068e+00	  1.0018e+00	  2.5873e-02	  1.0115e-01	  2.1446e-01	  9.7212e-03	  4.6232e-04	  1.5001e-02	  6.8161e-03	  6.6161e-06	  4.2410e-02	  3.8560e-04	  2.8306e-04	  4.8785e-03	  0.0000e+00	  1.9994e-03	
  5.4000e+01	  6.6353e+00	  4.7471e-12	  1.0242e-03	  1.7798e-02	  1.4459e-03	  4.8945e-03	  1.1982e+04	  9.5460e-02	  2.5142e-01	  5.1754e-01	  9.4411e-01	  5.1247e-01	  1.8168e+01	  1.5671e+00	  9.2652e-03	  7.4623e-01	  9.2182e-02	  9.2182e-02	  2.2340e+00	  1.7079e+01	  3.3189e-01	  1.0106e+00	  1.0069e+00	  1.0019e+00	  2.5873e-02	  1.0337e-01	  2.2015e-01	  9.8871e-03	  4.6804e-04	  1.5161e-02	  6.8927e-03	  6.6531e-06	  4.2955e-02	  3.8358e-04	  2.8436e-04	  4.8945e-03	  0.0000e+00	  1.9994e-03	
  5.5000e+01	  6.6321e+00	  4.6697e-12	  1.0443e-03	  1.8296e-02	  1.4565e-03	  4.9099e-03	  1.2113e+04	  9.4778e-02	  2.4940e-01	  5.1491e-01	  9.4310e-01	  4.8889e-01	  1.8182e+01	  1.5639e+00	  9.0998e-03	  7.3893e-01	  9.2832e-02	  9.2832e-02	  2.2491e+00	  1.6847e+01	  3.3391e-01	  1.0106e+00	  1.0070e+00	  1.0019e+00	  2.5873e-02	  1.0557e-01	  2.2582e-01	  1.0052e-02	  4.7372e-04	  1.5320e-02	  6.9686e-03	  6.6889e-06	  4.3494e-02	  3.8166e-04	  2.8564e-04	  4.9099e-03	  0.0000e+00	  1.9994e-03	
  5.6000e+01	  6.6290e+00	  4.5953e-12	  1.0641e-03	  1.8794e-02	  1.4668e-03	  4.9248e-03	  1.2242e+04	  9.4115e-02	  2.4744e-01	  5.1234e-01	  9.4210e-01	  4.6644e-01	  1.8196e+01	  1.5607e+00	  8.9406e-03	  7.3155e-01	  9.3474e-02	  9.3474e-02	  2.2637e+00	  1.6610e+01	  3.3587e-01	  1.0106e+00	  1.0072e+00	  1.0020e+00	  2.5873e-02	  1.0774e-01	  2.3147e-01	  1.0216e-02	  4.7936e-04	  1.5476e-02	  7.0435e-03	  6.7236e-06	  4.4027e-02	  3.7982e-04	  2.8689e-04	  4.9248e-03	  0.0000e+00	  1.9994e-03	
  5.7000e+01	  6.6261e+00	  4.5237e-12	  1.0837e-03	  1.9291e-02	  1.4769e-03	  4.9391e-03	  1.2370e+04	  9.3471e-02	  2.4553e-01	  5.0983e-01	  9.4110e-01	  4.4507e-01	  1.8209e+01	  1.5574e+00	  8.7885e-03	  7.2411e-01	  9.4108e-02	  9.4108e-02	  2.2778e+00	  1.6367e+01	  3.3778e-01	  1.0106e+00	  1.0073e+00	  1.0020e+00	  2.5873e-02	  1.0990e-01	  2.3709e-01	  1.0378e-02	  4.8496e-04	  1.5630e-02	  7.1177e-03	  6.7573e-06	  4.4555e-02	  3.7807e-04	  2.8812e-04	  4.9391e-03	  0.0000e+00	  1.9994e-03	
  5.8000e+01	  6.6232e+00	  4.4548e-12	  1.1030e-03	  1.9788e-02	  1.4866e-03	  4.9530e-03	  1.2496e+04	  9.2844e-02	  2.4367e-01	  5.0737e-01	  9.4010e-01	  4.2475e-01	  1.8221e+01	  1.5542e+00	  8.6430e-03	  7.1660e-01	  9.4734e-02	  9.4734e-02	  2.2915e+00	  1.6119e+01	  3.3964e-01	  1.0106e+00	  1.0074e+00	  1.0021e+00	  2.5873e-02	  1.1203e-01	  2.4269e-01	  1.0540e-02	  4.9051e-04	  1.5782e-02	  7.1911e-03	  6.7899e-06	  4.5077e-02	  3.7640e-04	  2.8933e-04	  4.9530e-03	  0.0000e+00	  1.9994e-03	
  5.9000e+01	  6.6204e+00	  4.3886e-12	  1.1221e-03	  2.0284e-02	  1.4961e-03	  4.9663e-03	  1.2621e+04	  9.2235e-02	  2.4186e-01	  5.0496e-01	  9.3912e-01	  4.0542e-01	  1.8233e+01	  1.5510e+00	  8.5036e-03	  7.0905e-01	  9.5352e-02	  9.5352e-02	  2.3046e+00	  1.5866e+01	  3.4146e-01	  1.0106e+00	  1.0076e+00	  1.0021e+00	  2.5873e-02	  1.1414e-01	  2.4825e-01	  1.0701e-02	  4.9602e-04	  1.5933e-02	  7.2636e-03	  6.8215e-06	  4.5593e-02	  3.7482e-04	  2.9052e-04	  4.9663e-03	  0.0000e+00	  1.9994e-03	
  6.0000e+01	  6.6176e+00	  4.3248e-12	  1.1410e-03	  2.0778e-02	  1.5052e-03	  4.9792e-03	  1.2745e+04	  9.1642e-02	  2.4010e-01	  5.0261e-01	  9.3814e-01	  3.8704e-01	  1.8245e+01	  1.5478e+00	  8.3706e-03	  7.0145e-01	  9.5962e-02	  9.5962e-02	  2.3173e+00	  1.5606e+01	  3.4324e-01	  1.0106e+00	  1.0077e+00	  1.0022e+00	  2.5873e-02	  1.1623e-01	  2.5378e-01	  1.0860e-02	  5.0149e-04	  1.6081e-02	  7.3354e-03	  6.8522e-06	  4.6104e-02	  3.7332e-04	  2.9168e-04	  4.9792e-03	  0.0000e+00	  1.9994e-03	
  6.1000e+01	  6.6150e+00	  4.2634e-12	  1.1595e-03	  2.1271e-02	  1.5142e-03	  4.9917e-03	  1.2867e+04	  9.1066e-02	  2.3838e-01	  5.0030e-01	  9.3716e-01	  3.6958e-01	  1.8256e+01	  1.5446e+00	  8.2436e-03	  6.9382e-01	  9.6563e-02	  9.6563e-02	  2.3296e+00	  1.5342e+01	  3.4497e-01	  1.0106e+00	  1.0078e+00	  1.0022e+00	  2.5873e-02	  1.1829e-01	  2.5928e-01	  1.1018e-02	  5.0692e-04	  1.6228e-02	  7.4064e-03	  6.8820e-06	  4.6610e-02	  3.7191e-04	  2.9283e-04	  4.9917e-03	  0.0000e+00	  1.9994e-03	
  6.2000e+01	  6.6124e+00	  4.2042e-12	  1.1779e-03	  2.1762e-02	  1.5229e-03	  5.0038e-03	  1.2987e+04	  9.0504e-02	  2.3671e-01	  4.9804e-01	  9.3619e-01	  3.5298e-01	  1.8266e+01	  1.5414e+00	  8.1227e-03	  6.8617e-01	  9.7156e-02	  9.7156e-02	  2.3414e+00	  1.5072e+01	  3.4667e-01	  1.0106e+00	  1.0079e+00	  1.0023e+00	  2.5874e-02	  1.2034e-01	  2.6475e-01	  1.1176e-02	  5.1230e-04	  1.6373e-02	  7.4767e-03	  6.9110e-06	  4.7111e-02	  3.7057e-04	  2.9396e-04	  5.0038e-03	  0.0000e+00	  1.9994e-03	
  6.3000e+01	  6.6099e+00	  4.1471e-12	  1.1960e-03	  2.2252e-02	  1.5313e-03	  5.0154e-03	  1.3106e+04	  8.9957e-02	  2.3508e-01	  4.9583e-01	  9.3523e-01	  3.3722e-01	  1.8276e+01	  1.5382e+00	  8.0073e-03	  6.7850e-01	  9.7741e-02	  9.7741e-02	  2.3529e+00	  1.4796e+01	  3.4832e-01	  1.0106e+00	  1.0081e+00	  1.0023e+00	  2.5874e-02	  1.2236e-01	  2.7018e-01	  1.1332e-02	  5.1764e-04	  1.6516e-02	  7.5462e-03	  6.9391e-06	  4.7606e-02	  3.6932e-04	  2.9507e-04	  5.0154e-03	  0.0000e+00	  1.9994e-03	
  6.4000e+01	  6.6075e+00	  4.0921e-12	  1.2139e-03	  2.2739e-02	  1.5395e-03	  5.0267e-03	  1.3224e+04	  8.9424e-02	  2.3349e-01	  4.9366e-01	  9.3428e-01	  3.2225e-01	  1.8286e+01	  1.5351e+00	  7.8975e-03	  6.7082e-01	  9.8318e-02	  9.8318e-02	  2.3640e+00	  1.4515e+01	  3.4994e-01	  1.0106e+00	  1.0082e+00	  1.0024e+00	  2.5874e-02	  1.2436e-01	  2.7557e-01	  1.1487e-02	  5.2294e-04	  1.6657e-02	  7.6149e-03	  6.9664e-06	  4.8097e-02	  3.6814e-04	  2.9616e-04	  5.0267e-03	  0.0000e+00	  1.9994e-03	
  6.5000e+01	  6.6051e+00	  4.0391e-12	  1.2316e-03	  2.3225e-02	  1.5476e-03	  5.0377e-03	  1.3341e+04	  8.8904e-02	  2.3194e-01	  4.9154e-01	  9.3333e-01	  3.0804e-01	  1.8295e+01	  1.5319e+00	  7.7932e-03	  6.6314e-01	  9.8886e-02	  9.8886e-02	  2.3747e+00	  1.4229e+01	  3.5153e-01	  1.0106e+00	  1.0083e+00	  1.0024e+00	  2.5874e-02	  1.2633e-01	  2.8093e-01	  1.1641e-02	  5.2820e-04	  1.6797e-02	  7.6829e-03	  6.9930e-06	  4.8582e-02	  3.6703e-04	  2.9723e-04	  5.0377e-03	  0.0000e+00	  1.9994e-03	
  6.6000e+01	  6.6028e+00	  3.9879e-12	  1.2490e-03	  2.3708e-02	  1.5554e-03	  5.0482e-03	  1.3456e+04	  8.8397e-02	  2.3043e-01	  4.8946e-01	  9.3238e-01	  2.9454e-01	  1.8303e+01	  1.5287e+00	  7.6942e-03	  6.5546e-01	  9.9446e-02	  9.9446e-02	  2.3851e+00	  1.3937e+01	  3.5308e-01	  1.0106e+00	  1.0084e+00	  1.0025e+00	  2.5874e-02	  1.2829e-01	  2.8624e-01	  1.1794e-02	  5.3342e-04	  1.6935e-02	  7.7502e-03	  7.0189e-06	  4.9062e-02	  3.6600e-04	  2.9829e-04	  5.0482e-03	  0.0000e+00	  1.9994e-03	
  6.7000e+01	  6.6005e+00	  3.9385e-12	  1.2662e-03	  2.4188e-02	  1.5630e-03	  5.0585e-03	  1.3570e+04	  8.7903e-02	  2.2895e-01	  4.8742e-01	  9.3145e-01	  2.8174e-01	  1.8312e+01	  1.5256e+00	  7.6006e-03	  6.4780e-01	  9.9998e-02	  9.9998e-02	  2.3951e+00	  1.3639e+01	  3.5460e-01	  1.0106e+00	  1.0085e+00	  1.0026e+00	  2.5874e-02	  1.3022e-01	  2.9152e-01	  1.1946e-02	  5.3860e-04	  1.7071e-02	  7.8168e-03	  7.0441e-06	  4.9537e-02	  3.6504e-04	  2.9933e-04	  5.0585e-03	  0.0000e+00	  1.9994e-03	
  6.8000e+01	  6.5983e+00	  3.8907e-12	  1.2832e-03	  2.4666e-02	  1.5704e-03	  5.0685e-03	  1.3682e+04	  8.7421e-02	  2.2751e-01	  4.8542e-01	  9.3052e-01	  2.6959e-01	  1.8319e+01	  1.5224e+00	  7.5116e-03	  6.4014e-01	  1.0054e-01	  1.0054e-01	  2.4049e+00	  1.3336e+01	  3.5610e-01	  1.0106e+00	  1.0087e+00	  1.0026e+00	  2.5874e-02	  1.3213e-01	  2.9675e-01	  1.2096e-02	  5.4373e-04	  1.7206e-02	  7.8827e-03	  7.0687e-06	  5.0008e-02	  3.6414e-04	  3.0035e-04	  5.0685e-03	  0.0000e+00	  1.9994e-03	
  6.9000e+01	  6.5962e+00	  3.8447e-12	  1.2999e-03	  2.5141e-02	  1.5776e-03	  5.0782e-03	  1.3793e+04	  8.6951e-02	  2.2610e-01	  4.8347e-01	  9.2960e-01	  2.5806e-01	  1.8327e+01	  1.5193e+00	  7.4276e-03	  6.3251e-01	  1.0108e-01	  1.0108e-01	  2.4143e+00	  1.3028e+01	  3.5756e-01	  1.0106e+00	  1.0088e+00	  1.0027e+00	  2.5874e-02	  1.3402e-01	  3.0195e-01	  1.2246e-02	  5.4883e-04	  1.7339e-02	  7.9479e-03	  7.0926e-06	  5.0473e-02	  3.6331e-04	  3.0136e-04	  5.0782e-03	  0.0000e+00	  1.9994e-03	
  7.0000e+01	  6.5941e+00	  3.8001e-12	  1.3165e-03	  2.5613e-02	  1.5847e-03	  5.0876e-03	  1.3903e+04	  8.6492e-02	  2.2473e-01	  4.8154e-01	  9.2868e-01	  2.4712e-01	  1.8334e+01	  1.5162e+00	  7.3483e-03	  6.2491e-01	  1.0160e-01	  1.0160e-01	  2.4234e+00	  1.2715e+01	  3.5899e-01	  1.0106e+00	  1.0089e+00	  1.0027e+00	  2.5874e-02	  1.3589e-01	  3.0710e-01	  1.2394e-02	  5.5388e-04	  1.7471e-02	  8.0124e-03	  7.1160e-06	  5.0934e-02	  3.6254e-04	  3.0235e-04	  5.0876e-03	  0.0000e+00	  1.9994e-03	
  7.1000e+01	  6.5920e+00	  3.7571e-12	  1.3328e-03	  2.6083e-02	  1.5916e-03	  5.0968e-03	  1.4012e+04	  8.6044e-02	  2.2339e-01	  4.7966e-01	  9.2777e-01	  2.3674e-01	  1.8341e+01	  1.5131e+00	  7.2736e-03	  6.1734e-01	  1.0212e-01	  1.0212e-01	  2.4323e+00	  1.2395e+01	  3.6040e-01	  1.0106e+00	  1.0090e+00	  1.0027e+00	  2.5874e-02	  1.3774e-01	  3.1220e-01	  1.2542e-02	  5.5890e-04	  1.7601e-02	  8.0763e-03	  7.1388e-06	  5.1390e-02	  3.6183e-04	  3.0332e-04	  5.0968e-03	  0.0000e+00	  1.9994e-03	
  7.2000e+01	  6.5900e+00	  3.7155e-12	  1.3489e-03	  2.6549e-02	  1.5984e-03	  5.1058e-03	  1.4120e+04	  8.5606e-02	  2.2208e-01	  4.7781e-01	  9.2687e-01	  2.2690e-01	  1.8348e+01	  1.5100e+00	  7.2033e-03	  6.0980e-01	  1.0263e-01	  1.0263e-01	  2.4409e+00	  1.2071e+01	  3.6179e-01	  1.0106e+00	  1.0091e+00	  1.0028e+00	  2.5874e-02	  1.3957e-01	  3.1727e-01	  1.2688e-02	  5.6387e-04	  1.7729e-02	  8.1395e-03	  7.1611e-06	  5.1841e-02	  3.6118e-04	  3.0428e-04	  5.1058e-03	  0.0000e+00	  1.9994e-03	
  7.3000e+01	  6.5881e+00	  3.6752e-12	  1.3649e-03	  2.7011e-02	  1.6050e-03	  5.1145e-03	  1.4226e+04	  8.5178e-02	  2.2080e-01	  4.7600e-01	  9.2598e-01	  2.1756e-01	  1.8354e+01	  1.5068e+00	  7.1373e-03	  6.0230e-01	  1.0314e-01	  1.0314e-01	  2.4493e+00	  1.1741e+01	  3.6315e-01	  1.0106e+00	  1.0092e+00	  1.0028e+00	  2.5874e-02	  1.4137e-01	  3.2229e-01	  1.2833e-02	  5.6881e-04	  1.7856e-02	  8.2020e-03	  7.1830e-06	  5.2288e-02	  3.6059e-04	  3.0523e-04	  5.1145e-03	  0.0000e+00	  1.9994e-03	
  7.4000e+01	  6.5861e+00	  3.6363e-12	  1.3806e-03	  2.7471e-02	  1.6114e-03	  5.1230e-03	  1.4331e+04	  8.4760e-02	  2.1954e-01	  4.7422e-01	  9.2509e-01	  2.0870e-01	  1.8360e+01	  1.5038e+00	  7.0754e-03	  5.9485e-01	  1.0363e-01	  1.0363e-01	  2.4574e+00	  1.1406e+01	  3.6449e-01	  1.0106e+00	  1.0093e+00	  1.0029e+00	  2.5874e-02	  1.4316e-01	  3.2727e-01	  1.2978e-02	  5.7370e-04	  1.7981e-02	  8.2639e-03	  7.2043e-06	  5.2730e-02	  3.6005e-04	  3.0616e-04	  5.1230e-03	  0.0000e+00	  1.9994e-03	
  7.5000e+01	  6.5843e+00	  3.5986e-12	  1.3961e-03	  2.7927e-02	  1.6178e-03	  5.1313e-03	  1.4435e+04	  8.4352e-02	  2.1832e-01	  4.7247e-01	  9.2421e-01	  2.0030e-01	  1.8366e+01	  1.5007e+00	  7.0176e-03	  5.8744e-01	  1.0412e-01	  1.0412e-01	  2.4654e+00	  1.1066e+01	  3.6581e-01	  1.0106e+00	  1.0094e+00	  1.0029e+00	  2.5874e-02	  1.4493e-01	  3.3220e-01	  1.3121e-02	  5.7856e-04	  1.8105e-02	  8.3251e-03	  7.2252e-06	  5.3167e-02	  3.5955e-04	  3.0708e-04	  5.1313e-03	  0.0000e+00	  1.9994e-03	
  7.6000e+01	  6.5824e+00	  3.5621e-12	  1.4115e-03	  2.8379e-02	  1.6240e-03	  5.1394e-03	  1.4538e+04	  8.3953e-02	  2.1712e-01	  4.7076e-01	  9.2333e-01	  1.9234e-01	  1.8371e+01	  1.4976e+00	  6.9636e-03	  5.8009e-01	  1.0460e-01	  1.0460e-01	  2.4731e+00	  1.0720e+01	  3.6711e-01	  1.0106e+00	  1.0095e+00	  1.0030e+00	  2.5874e-02	  1.4667e-01	  3.3708e-01	  1.3263e-02	  5.8337e-04	  1.8228e-02	  8.3858e-03	  7.2457e-06	  5.3600e-02	  3.5911e-04	  3.0798e-04	  5.1394e-03	  0.0000e+00	  1.9994e-03	
  7.7000e+01	  6.5806e+00	  3.5267e-12	  1.4266e-03	  2.8828e-02	  1.6301e-03	  5.1474e-03	  1.4640e+04	  8.3562e-02	  2.1595e-01	  4.6908e-01	  9.2246e-01	  1.8478e-01	  1.8376e+01	  1.4945e+00	  6.9133e-03	  5.7279e-01	  1.0507e-01	  1.0507e-01	  2.4806e+00	  1.0370e+01	  3.6839e-01	  1.0106e+00	  1.0096e+00	  1.0030e+00	  2.5874e-02	  1.4840e-01	  3.4192e-01	  1.3403e-02	  5.8815e-04	  1.8349e-02	  8.4457e-03	  7.2658e-06	  5.4029e-02	  3.5872e-04	  3.0887e-04	  5.1474e-03	  0.0000e+00	  1.9994e-03	
  7.8000e+01	  6.5789e+00	  3.4925e-12	  1.4416e-03	  2.9274e-02	  1.6360e-03	  5.1551e-03	  1.4740e+04	  8.3181e-02	  2.1481e-01	  4.6743e-01	  9.2160e-01	  1.7761e-01	  1.8381e+01	  1.4914e+00	  6.8667e-03	  5.6555e-01	  1.0554e-01	  1.0554e-01	  2.4879e+00	  1.0014e+01	  3.6965e-01	  1.0106e+00	  1.0097e+00	  1.0031e+00	  2.5874e-02	  1.5010e-01	  3.4672e-01	  1.3543e-02	  5.9289e-04	  1.8468e-02	  8.5051e-03	  7.2855e-06	  5.4453e-02	  3.5837e-04	  3.0975e-04	  5.1551e-03	  0.0000e+00	  1.9994e-03	
  7.9000e+01	  6.5771e+00	  3.4593e-12	  1.4564e-03	  2.9715e-02	  1.6419e-03	  5.1628e-03	  1.4840e+04	  8.2807e-02	  2.1368e-01	  4.6581e-01	  9.2075e-01	  1.7081e-01	  1.8386e+01	  1.4884e+00	  6.8235e-03	  5.5836e-01	  1.0599e-01	  1.0599e-01	  2.4950e+00	  9.6527e+00	  3.7090e-01	  1.0106e+00	  1.0098e+00	  1.0031e+00	  2.5875e-02	  1.5179e-01	  3.5147e-01	  1.3682e-02	  5.9759e-04	  1.8587e-02	  8.5639e-03	  7.3049e-06	  5.4873e-02	  3.5806e-04	  3.1061e-04	  5.1628e-03	  0.0000e+00	  1.9994e-03	
  8.0000e+01	  6.5755e+00	  3.4272e-12	  1.4710e-03	  3.0154e-02	  1.6477e-03	  5.1703e-03	  1.4938e+04	  8.2442e-02	  2.1259e-01	  4.6421e-01	  9.1990e-01	  1.6436e-01	  1.8391e+01	  1.4853e+00	  6.7837e-03	  5.5124e-01	  1.0644e-01	  1.0644e-01	  2.5019e+00	  9.2865e+00	  3.7213e-01	  1.0106e+00	  1.0099e+00	  1.0032e+00	  2.5875e-02	  1.5346e-01	  3.5618e-01	  1.3819e-02	  6.0225e-04	  1.8704e-02	  8.6221e-03	  7.3239e-06	  5.5288e-02	  3.5779e-04	  3.1146e-04	  5.1703e-03	  0.0000e+00	  1.9994e-03	
  8.1000e+01	  6.5738e+00	  3.3960e-12	  1.4854e-03	  3.0588e-02	  1.6533e-03	  5.1776e-03	  1.5036e+04	  8.2084e-02	  2.1151e-01	  4.6265e-01	  9.1906e-01	  1.5823e-01	  1.8395e+01	  1.4823e+00	  6.7472e-03	  5.4419e-01	  1.0688e-01	  1.0688e-01	  2.5087e+00	  8.9153e+00	  3.7335e-01	  1.0106e+00	  1.0100e+00	  1.0032e+00	  2.5875e-02	  1.5511e-01	  3.6084e-01	  1.3956e-02	  6.0687e-04	  1.8819e-02	  8.6796e-03	  7.3426e-06	  5.5700e-02	  3.5757e-04	  3.1230e-04	  5.1776e-03	  0.0000e+00	  1.9994e-03	
  8.2000e+01	  6.5722e+00	  3.3658e-12	  1.4996e-03	  3.1018e-02	  1.6589e-03	  5.1848e-03	  1.5132e+04	  8.1734e-02	  2.1046e-01	  4.6111e-01	  9.1822e-01	  1.5242e-01	  1.8399e+01	  1.4792e+00	  6.7139e-03	  5.3720e-01	  1.0731e-01	  1.0731e-01	  2.5154e+00	  8.5390e+00	  3.7455e-01	  1.0106e+00	  1.0101e+00	  1.0033e+00	  2.5875e-02	  1.5674e-01	  3.6545e-01	  1.4091e-02	  6.1146e-04	  1.8933e-02	  8.7366e-03	  7.3610e-06	  5.6107e-02	  3.5738e-04	  3.1312e-04	  5.1848e-03	  0.0000e+00	  1.9994e-03	
  8.3000e+01	  6.5706e+00	  3.3364e-12	  1.5137e-03	  3.1445e-02	  1.6644e-03	  5.1919e-03	  1.5227e+04	  8.1391e-02	  2.0943e-01	  4.5961e-01	  9.1739e-01	  1.4690e-01	  1.8403e+01	  1.4762e+00	  6.6835e-03	  5.3028e-01	  1.0774e-01	  1.0774e-01	  2.5218e+00	  8.1578e+00	  3.7575e-01	  1.0106e+00	  1.0102e+00	  1.0033e+00	  2.5875e-02	  1.5835e-01	  3.7002e-01	  1.4226e-02	  6.1600e-04	  1.9046e-02	  8.7930e-03	  7.3791e-06	  5.6510e-02	  3.5722e-04	  3.1394e-04	  5.1919e-03	  0.0000e+00	  1.9994e-03	
  8.4000e+01	  6.5690e+00	  3.3080e-12	  1.5276e-03	  3.1868e-02	  1.6697e-03	  5.1989e-03	  1.5321e+04	  8.1056e-02	  2.0842e-01	  4.5812e-01	  9.1657e-01	  1.4166e-01	  1.8407e+01	  1.4732e+00	  6.6561e-03	  5.2343e-01	  1.0816e-01	  1.0816e-01	  2.5282e+00	  7.7715e+00	  3.7692e-01	  1.0106e+00	  1.0103e+00	  1.0034e+00	  2.5875e-02	  1.5995e-01	  3.7454e-01	  1.4359e-02	  6.2051e-04	  1.9158e-02	  8.8488e-03	  7.3970e-06	  5.6909e-02	  3.5710e-04	  3.1474e-04	  5.1989e-03	  0.0000e+00	  1.9994e-03	
  8.5000e+01	  6.5675e+00	  3.2803e-12	  1.5413e-03	  3.2287e-02	  1.6750e-03	  5.2058e-03	  1.5414e+04	  8.0727e-02	  2.0743e-01	  4.5667e-01	  9.1576e-01	  1.3669e-01	  1.8411e+01	  1.4702e+00	  6.6314e-03	  5.1665e-01	  1.0857e-01	  1.0857e-01	  2.5344e+00	  7.3804e+00	  3.7809e-01	  1.0106e+00	  1.0104e+00	  1.0034e+00	  2.5875e-02	  1.6152e-01	  3.7902e-01	  1.4491e-02	  6.2498e-04	  1.9268e-02	  8.9041e-03	  7.4146e-06	  5.7304e-02	  3.5701e-04	  3.1553e-04	  5.2058e-03	  0.0000e+00	  1.9994e-03	
  8.6000e+01	  6.5659e+00	  3.2535e-12	  1.5549e-03	  3.2702e-02	  1.6803e-03	  5.2125e-03	  1.5506e+04	  8.0405e-02	  2.0647e-01	  4.5524e-01	  9.1495e-01	  1.3196e-01	  1.8414e+01	  1.4671e+00	  6.6095e-03	  5.0994e-01	  1.0898e-01	  1.0898e-01	  2.5404e+00	  6.9844e+00	  3.7925e-01	  1.0106e+00	  1.0105e+00	  1.0034e+00	  2.5875e-02	  1.6308e-01	  3.8345e-01	  1.4623e-02	  6.2942e-04	  1.9377e-02	  8.9588e-03	  7.4319e-06	  5.7694e-02	  3.5695e-04	  3.1631e-04	  5.2125e-03	  0.0000e+00	  1.9994e-03	
  8.7000e+01	  6.5645e+00	  3.2275e-12	  1.5683e-03	  3.3113e-02	  1.6854e-03	  5.2192e-03	  1.5597e+04	  8.0090e-02	  2.0552e-01	  4.5383e-01	  9.1415e-01	  1.2747e-01	  1.8417e+01	  1.4641e+00	  6.5901e-03	  5.0331e-01	  1.0937e-01	  1.0937e-01	  2.5464e+00	  6.5836e+00	  3.8040e-01	  1.0106e+00	  1.0106e+00	  1.0035e+00	  2.5875e-02	  1.6462e-01	  3.8784e-01	  1.4753e-02	  6.3382e-04	  1.9485e-02	  9.0129e-03	  7.4490e-06	  5.8081e-02	  3.5691e-04	  3.1708e-04	  5.2192e-03	  0.0000e+00	  1.9994e-03	
  8.8000e+01	  6.5630e+00	  3.2022e-12	  1.5816e-03	  3.3520e-02	  1.6905e-03	  5.2258e-03	  1.5688e+04	  7.9780e-02	  2.0459e-01	  4.5245e-01	  9.1336e-01	  1.2320e-01	  1.8420e+01	  1.4611e+00	  6.5733e-03	  4.9675e-01	  1.0976e-01	  1.0976e-01	  2.5522e+00	  6.1779e+00	  3.8154e-01	  1.0106e+00	  1.0107e+00	  1.0035e+00	  2.5875e-02	  1.6615e-01	  3.9218e-01	  1.4882e-02	  6.3818e-04	  1.9592e-02	  9.0665e-03	  7.4659e-06	  5.8464e-02	  3.5691e-04	  3.1784e-04	  5.2258e-03	  0.0000e+00	  1.9993e-03	
  8.9000e+01	  6.5616e+00	  3.1776e-12	  1.5947e-03	  3.3924e-02	  1.6955e-03	  5.2323e-03	  1.5777e+04	  7.9477e-02	  2.0368e-01	  4.5109e-01	  9.1257e-01	  1.1914e-01	  1.8423e+01	  1.4581e+00	  6.5588e-03	  4.9027e-01	  1.1015e-01	  1.1015e-01	  2.5580e+00	  5.7675e+00	  3.8267e-01	  1.0106e+00	  1.0108e+00	  1.0036e+00	  2.5875e-02	  1.6765e-01	  3.9648e-01	  1.5010e-02	  6.4250e-04	  1.9697e-02	  9.1196e-03	  7.4826e-06	  5.8843e-02	  3.5693e-04	  3.1859e-04	  5.2323e-03	  0.0000e+00	  1.9993e-03	
  9.0000e+01	  6.5601e+00	  3.1537e-12	  1.6077e-03	  3.4323e-02	  1.7005e-03	  5.2387e-03	  1.5865e+04	  7.9181e-02	  2.0278e-01	  4.4975e-01	  9.1179e-01	  1.1528e-01	  1.8426e+01	  1.4551e+00	  6.5467e-03	  4.8387e-01	  1.1052e-01	  1.1052e-01	  2.5636e+00	  5.3524e+00	  3.8379e-01	  1.0106e+00	  1.0109e+00	  1.0036e+00	  2.5875e-02	  1.6914e-01	  4.0073e-01	  1.5137e-02	  6.4679e-04	  1.9802e-02	  9.1721e-03	  7.4990e-06	  5.9218e-02	  3.5697e-04	  3.1933e-04	  5.2387e-03	  0.0000e+00	  1.9993e-03	
  9.1000e+01	  6.5588e+00	  3.1304e-12	  1.6205e-03	  3.4719e-02	  1.7053e-03	  5.2451e-03	  1.5952e+04	  7.8889e-02	  2.0191e-01	  4.4844e-01	  9.1101e-01	  1.1161e-01	  1.8429e+01	  1.4522e+00	  6.5367e-03	  4.7754e-01	  1.1089e-01	  1.1089e-01	  2.5691e+00	  4.9326e+00	  3.8491e-01	  1.0106e+00	  1.0109e+00	  1.0037e+00	  2.5875e-02	  1.7062e-01	  4.0494e-01	  1.5263e-02	  6.5104e-04	  1.9905e-02	  9.2241e-03	  7.5153e-06	  5.9590e-02	  3.5704e-04	  3.2006e-04	  5.2451e-03	  0.0000e+00	  1.9993e-03	
  9.2000e+01	  6.5574e+00	  3.1078e-12	  1.6331e-03	  3.5110e-02	  1.7102e-03	  5.2514e-03	  1.6038e+04	  7.8604e-02	  2.0105e-01	  4.4715e-01	  9.1024e-01	  1.0811e-01	  1.8431e+01	  1.4492e+00	  6.5288e-03	  4.7129e-01	  1.1126e-01	  1.1126e-01	  2.5745e+00	  4.5082e+00	  3.8602e-01	  1.0106e+00	  1.0110e+00	  1.0037e+00	  2.5875e-02	  1.7208e-01	  4.0911e-01	  1.5388e-02	  6.5526e-04	  2.0006e-02	  9.2755e-03	  7.5314e-06	  5.9957e-02	  3.5712e-04	  3.2077e-04	  5.2514e-03	  0.0000e+00	  1.9993e-03	
  9.3000e+01	  6.5560e+00	  3.0858e-12	  1.6456e-03	  3.5498e-02	  1.7149e-03	  5.2576e-03	  1.6124e+04	  7.8324e-02	  2.0020e-01	  4.4588e-01	  9.0948e-01	  1.0479e-01	  1.8434e+01	  1.4462e+00	  6.5232e-03	  4.6512e-01	  1.1161e-01	  1.1161e-01	  2.5799e+00	  4.0792e+00	  3.8713e-01	  1.0106e+00	  1.0111e+00	  1.0037e+00	  2.5875e-02	  1.7352e-01	  4.1323e-01	  1.5512e-02	  6.5944e-04	  2.0107e-02	  9.3265e-03	  7.5473e-06	  6.0321e-02	  3.5723e-04	  3.2148e-04	  5.2576e-03	  0.0000e+00	  1.9993e-03	
  9.4000e+01	  6.5547e+00	  3.0644e-12	  1.6580e-03	  3.5882e-02	  1.7196e-03	  5.2637e-03	  1.6208e+04	  7.8049e-02	  1.9938e-01	  4.4463e-01	  9.0873e-01	  1.0162e-01	  1.8436e+01	  1.4433e+00	  6.5193e-03	  4.5902e-01	  1.1196e-01	  1.1196e-01	  2.5851e+00	  3.6457e+00	  3.8823e-01	  1.0106e+00	  1.0112e+00	  1.0038e+00	  2.5875e-02	  1.7494e-01	  4.1731e-01	  1.5635e-02	  6.6358e-04	  2.0207e-02	  9.3769e-03	  7.5630e-06	  6.0681e-02	  3.5735e-04	  3.2218e-04	  5.2637e-03	  0.0000e+00	  1.9993e-03	
  9.5000e+01	  6.5534e+00	  3.0436e-12	  1.6703e-03	  3.6262e-02	  1.7243e-03	  5.2698e-03	  1.6292e+04	  7.7780e-02	  1.9857e-01	  4.4340e-01	  9.0798e-01	  9.8594e-02	  1.8439e+01	  1.4403e+00	  6.5173e-03	  4.5301e-01	  1.1231e-01	  1.1231e-01	  2.5903e+00	  3.2077e+00	  3.8932e-01	  1.0106e+00	  1.0113e+00	  1.0038e+00	  2.5875e-02	  1.7635e-01	  4.2135e-01	  1.5757e-02	  6.6769e-04	  2.0305e-02	  9.4268e-03	  7.5786e-06	  6.1038e-02	  3.5750e-04	  3.2287e-04	  5.2698e-03	  0.0000e+00	  1.9993e-03	
  9.6000e+01	  6.5521e+00	  3.0233e-12	  1.6823e-03	  3.6639e-02	  1.7289e-03	  5.2758e-03	  1.6374e+04	  7.7515e-02	  1.9777e-01	  4.4219e-01	  9.0723e-01	  9.5714e-02	  1.8441e+01	  1.4373e+00	  6.5172e-03	  4.4707e-01	  1.1265e-01	  1.1265e-01	  2.5954e+00	  2.7652e+00	  3.9041e-01	  1.0106e+00	  1.0114e+00	  1.0039e+00	  2.5875e-02	  1.7775e-01	  4.2535e-01	  1.5877e-02	  6.7176e-04	  2.0403e-02	  9.4762e-03	  7.5941e-06	  6.1391e-02	  3.5765e-04	  3.2355e-04	  5.2758e-03	  0.0000e+00	  1.9993e-03	
  9.7000e+01	  6.5508e+00	  3.0036e-12	  1.6943e-03	  3.7011e-02	  1.7334e-03	  5.2818e-03	  1.6456e+04	  7.7256e-02	  1.9699e-01	  4.4100e-01	  9.0650e-01	  9.2966e-02	  1.8443e+01	  1.4344e+00	  6.5187e-03	  4.4122e-01	  1.1298e-01	  1.1298e-01	  2.6004e+00	  2.3183e+00	  3.9150e-01	  1.0106e+00	  1.0114e+00	  1.0039e+00	  2.5875e-02	  1.7913e-01	  4.2930e-01	  1.5997e-02	  6.7580e-04	  2.0499e-02	  9.5252e-03	  7.6093e-06	  6.1740e-02	  3.5783e-04	  3.2422e-04	  5.2818e-03	  0.0000e+00	  1.9993e-03	
  9.8000e+01	  6.5496e+00	  2.9844e-12	  1.7061e-03	  3.7380e-02	  1.7379e-03	  5.2877e-03	  1.6537e+04	  7.7001e-02	  1.9622e-01	  4.3983e-01	  9.0577e-01	  9.0344e-02	  1.8445e+01	  1.4315e+00	  6.5219e-03	  4.3544e-01	  1.1330e-01	  1.1330e-01	  2.6053e+00	  1.8670e+00	  3.9259e-01	  1.0106e+00	  1.0115e+00	  1.0039e+00	  2.5875e-02	  1.8049e-01	  4.3321e-01	  1.6116e-02	  6.7981e-04	  2.0594e-02	  9.5736e-03	  7.6245e-06	  6.2086e-02	  3.5802e-04	  3.2488e-04	  5.2877e-03	  0.0000e+00	  1.9993e-03	
  9.9000e+01	  6.5484e+00	  2.9657e-12	  1.7178e-03	  3.7745e-02	  1.7423e-03	  5.2936e-03	  1.6617e+04	  7.6752e-02	  1.9547e-01	  4.3868e-01	  9.0505e-01	  8.7841e-02	  1.8447e+01	  1.4285e+00	  6.5267e-03	  4.2973e-01	  1.1362e-01	  1.1362e-01	  2.6102e+00	  1.4113e+00	  3.9367e-01	  1.0106e+00	  1.0116e+00	  1.0040e+00	  2.5875e-02	  1.8184e-01	  4.3708e-01	  1.6234e-02	  6.8378e-04	  2.0689e-02	  9.6215e-03	  7.6394e-06	  6.2428e-02	  3.5822e-04	  3.2553e-04	  5.2936e-03	  0.0000e+00	  1.9993e-03	
  1.0000e+02	  6.5472e+00	  2.9474e-12	  1.7294e-03	  3.8106e-02	  1.7467e-03	  5.2994e-03	  1.6696e+04	  7.6506e-02	  1.9473e-01	  4.3755e-01	  9.0433e-01	  8.5449e-02	  1.8448e+01	  1.4256e+00	  6.5330e-03	  4.2411e-01	  1.1393e-01	  1.1393e-01	  2.6150e+00	  9.5142e-01	  3.9475e-01	  1.0106e+00	  1.0117e+00	  1.0040e+00	  2.5875e-02	  1.8318e-01	  4.4091e-01	  1.6351e-02	  6.8771e-04	  2.0782e-02	  9.6690e-03	  7.6543e-06	  6.2767e-02	  3.5843e-04	  3.2618e-04	  5.2994e-03	  0.0000e+00	  1.9993e-03	
