        Time	          pH	       Ozero	          HS	         CH4	        CO2g	         CO2	          SC	        fsl1	        fsl2	        fsl3	        fsl4	         POM	         MOM	         QOM	         DOM	          BA	          EP	          EM	          IC	       Total	     OrgAcid	        Aero	        SulR	        Meth	       Caero	       Csulr	       Cmeth	          Na	           K	          Ca	          Mg	         PO4	          Cl	         SO4	         NH4	        HCO3	         FeS	      Pyrite	
  0.0000e+00	  6.9509e+00	  2.5557e-04	  1.0001e-07	  0.0000e+00	  0.0000e+00	  9.0006e-06	  1.0504e+02	  7.6982e-01	  9.7338e-01	  9.9060e-01	  9.9999e-01	  0.0000e+00	  0.0000e+00	  0.0000e+00	  0.0000e+00	  0.0000e+00	  0.0000e+00	  0.0000e+00	  0.0000e+00	  0.0000e+00	  0.0000e+00	  0.0000e+00	  0.0000e+00	  0.0000e+00	  0.0000e+00	  0.0000e+00	  0.0000e+00	  1.1401e-04	  2.8002e-05	  1.8275e-04	  7.9006e-05	  5.0003e-06	  1.3301e-04	  4.0003e-06	  3.8003e-05	  9.0006e-06	  0.0000e+00	  0.0000e+00	
  0.0000e+00	  6.9509e+00	  2.5557e-04	  1.0001e-07	  0.0000e+00	  0.0000e+00	  9.0006e-06	  1.0504e+02	  7.6982e-01	  9.7338e-01	  9.9060e-01	  9.9999e-01	  0.0000e+00	  0.0000e+00	  0.0000e+00	  0.0000e+00	  0.0000e+00	  0.0000e+00	  0.0000e+00	  0.0000e+00	  0.0000e+00	  0.0000e+00	  0.0000e+00	  0.0000e+00	  0.0000e+00	  0.0000e+00	  0.0000e+00	  0.0000e+00	  1.1401e-04	  2.8002e-05	  1.8275e-04	  7.9006e-05	  5.0003e-06	  1.3301e-04	  4.0003e-06	  3.8003e-05	  9.0006e-06	  0.0000e+00	  0.0000e+00	
  1.0000e+00	  6.5897e+00	  1.6381e-08	  8.0315e-06	  1.4320e-05	  3.4707e-04	  9.3034e-04	  8.4809e+02	  4.2151e-01	  8.2218e-01	  9.3307e-01	  9.9943e-01	  4.5659e+00	  1.5974e+01	  1.7583e+00	  2.1289e-01	  6.4159e-01	  5.2531e-02	  5.2531e-02	  3.6888e-01	  2.3115e+01	  4.5867e-02	  1.0106e+00	  1.0000e+00	  1.0000e+00	  2.5882e-02	  1.5570e-04	  0.0000e+00	  3.3735e-04	  6.7418e-05	  1.0957e-03	  4.9669e-04	  1.1495e-04	  1.6209e-03	  3.5772e-04	  8.8855e-05	  9.3034e-04	  0.0000e+00	  1.4015e-03	
  2.0000e+00	  6.5358e+00	  5.1144e-10	  1.2388e-05	  1.4325e-05	  4.0622e-04	  1.0177e-03	  1.2745e+03	  3.5120e-01	  7.5544e-01	  9.0382e-01	  9.9883e-01	  4.4254e+00	  1.6047e+01	  1.7529e+00	  6.9346e-02	  7.0617e-01	  5.3157e-02	  5.3157e-02	  4.9472e-01	  2.2989e+01	  7.4076e-02	  1.0106e+00	  1.0001e+00	  1.0000e+00	  2.5893e-02	  8.1198e-04	  0.0000e+00	  4.8886e-04	  8.3094e-05	  1.6208e-03	  7.4136e-04	  9.0340e-05	  2.7803e-03	  5.7248e-04	  1.0654e-04	  1.0177e-03	  0.0000e+00	  1.4798e-03	
  3.0000e+00	  6.5080e+00	  2.5168e-10	  1.7983e-05	  1.4329e-05	  4.6901e-04	  1.1390e-03	  1.6416e+03	  3.1036e-01	  7.0624e-01	  8.8030e-01	  9.9818e-01	  4.2877e+00	  1.6119e+01	  1.7487e+00	  3.7468e-02	  7.3071e-01	  5.3823e-02	  5.3823e-02	  5.6673e-01	  2.2917e+01	  8.6357e-02	  1.0106e+00	  1.0002e+00	  1.0000e+00	  2.5895e-02	  1.8996e-03	  0.0000e+00	  6.4192e-04	  9.5757e-05	  2.0829e-03	  9.5829e-04	  7.6071e-05	  3.8059e-03	  7.4029e-04	  1.1953e-04	  1.1390e-03	  0.0000e+00	  1.6435e-03	
  4.0000e+00	  6.4929e+00	  1.6844e-10	  2.8149e-05	  1.4333e-05	  5.3323e-04	  1.2767e-03	  1.9746e+03	  2.8227e-01	  6.6692e-01	  8.6013e-01	  9.9748e-01	  4.1525e+00	  1.6190e+01	  1.7447e+00	  3.2321e-02	  7.4493e-01	  5.4507e-02	  5.4507e-02	  6.2724e-01	  2.2856e+01	  9.5488e-02	  1.0106e+00	  1.0003e+00	  1.0000e+00	  2.5897e-02	  3.3034e-03	  0.0000e+00	  7.9868e-04	  1.0691e-04	  2.5065e-03	  1.1583e-03	  6.5800e-05	  4.7532e-03	  8.8346e-04	  1.3005e-04	  1.2767e-03	  0.0000e+00	  1.8160e-03	
  5.0000e+00	  6.4864e+00	  1.2709e-10	  4.7515e-05	  1.4337e-05	  5.9746e-04	  1.4263e-03	  2.2849e+03	  2.6121e-01	  6.3409e-01	  8.4224e-01	  9.9675e-01	  4.0200e+00	  1.6259e+01	  1.7407e+00	  3.0891e-02	  7.5723e-01	  5.5204e-02	  5.5204e-02	  6.8833e-01	  2.2795e+01	  1.0386e-01	  1.0106e+00	  1.0005e+00	  1.0000e+00	  2.5898e-02	  4.9890e-03	  0.0000e+00	  9.5939e-04	  1.1717e-04	  2.9037e-03	  1.3464e-03	  5.7444e-05	  5.6464e-03	  1.0098e-03	  1.3900e-04	  1.4263e-03	  0.0000e+00	  1.9242e-03	
  6.0000e+00	  6.4858e+00	  1.0218e-10	  7.5825e-05	  1.4340e-05	  6.6109e-04	  1.5857e-03	  2.5784e+03	  2.4456e-01	  6.0591e-01	  8.2607e-01	  9.9599e-01	  3.8900e+00	  1.6327e+01	  1.7368e+00	  2.9939e-02	  7.6881e-01	  5.5911e-02	  5.5911e-02	  7.5160e-01	  2.2731e+01	  1.1180e-01	  1.0106e+00	  1.0007e+00	  1.0000e+00	  2.5900e-02	  6.9432e-03	  0.0000e+00	  1.1238e-03	  1.2682e-04	  3.2810e-03	  1.5257e-03	  5.0365e-05	  6.4991e-03	  1.1231e-03	  1.4686e-04	  1.5857e-03	  0.0000e+00	  1.9666e-03	
  7.0000e+00	  6.4890e+00	  8.5444e-11	  1.1003e-04	  1.4343e-05	  7.2419e-04	  1.7536e-03	  2.8585e+03	  2.3092e-01	  5.8127e-01	  8.1124e-01	  9.9520e-01	  3.7625e+00	  1.6394e+01	  1.7329e+00	  2.9078e-02	  7.7981e-01	  5.6629e-02	  5.6629e-02	  8.1715e-01	  2.2666e+01	  1.1936e-01	  1.0106e+00	  1.0009e+00	  1.0000e+00	  2.5900e-02	  9.1571e-03	  0.0000e+00	  1.2917e-03	  1.3604e-04	  3.6423e-03	  1.6978e-03	  4.4386e-05	  7.3196e-03	  1.2257e-03	  1.5391e-04	  1.7536e-03	  0.0000e+00	  1.9828e-03	
  8.0000e+00	  6.4945e+00	  7.3390e-11	  1.4875e-04	  1.4347e-05	  7.8677e-04	  1.9292e-03	  3.1279e+03	  2.1946e-01	  5.5943e-01	  7.9752e-01	  9.9439e-01	  3.6376e+00	  1.6460e+01	  1.7290e+00	  2.8263e-02	  7.9026e-01	  5.7357e-02	  5.7357e-02	  8.8490e-01	  2.2598e+01	  1.2655e-01	  1.0106e+00	  1.0011e+00	  1.0000e+00	  2.5901e-02	  1.1622e-02	  0.0000e+00	  1.4625e-03	  1.4494e-04	  3.9904e-03	  1.8640e-03	  3.9333e-05	  8.1137e-03	  1.3191e-03	  1.6031e-04	  1.9292e-03	  0.0000e+00	  1.9899e-03	
  9.0000e+00	  6.5017e+00	  6.4282e-11	  1.9147e-04	  1.4350e-05	  8.4879e-04	  2.1119e-03	  3.3881e+03	  2.0964e-01	  5.3984e-01	  7.8474e-01	  9.9355e-01	  3.5153e+00	  1.6524e+01	  1.7251e+00	  2.7484e-02	  8.0016e-01	  5.8095e-02	  5.8095e-02	  9.5475e-01	  2.2528e+01	  1.3338e-01	  1.0106e+00	  1.0014e+00	  1.0000e+00	  2.5902e-02	  1.4331e-02	  0.0000e+00	  1.6360e-03	  1.5359e-04	  4.3273e-03	  2.0250e-03	  3.5046e-05	  8.8852e-03	  1.4044e-03	  1.6619e-04	  2.1119e-03	  0.0000e+00	  1.9936e-03	
  1.0000e+01	  6.5098e+00	  5.7150e-11	  2.3793e-04	  1.4353e-05	  9.1023e-04	  2.3011e-03	  3.6404e+03	  2.0108e-01	  5.2213e-01	  7.7275e-01	  9.9270e-01	  3.3956e+00	  1.6587e+01	  1.7213e+00	  2.6739e-02	  8.0950e-01	  5.8841e-02	  5.8841e-02	  1.0266e+00	  2.2456e+01	  1.3988e-01	  1.0106e+00	  1.0017e+00	  1.0000e+00	  2.5903e-02	  1.7274e-02	  0.0000e+00	  1.8119e-03	  1.6204e-04	  4.6545e-03	  2.1817e-03	  3.1394e-05	  9.6371e-03	  1.4825e-03	  1.7164e-04	  2.3011e-03	  0.0000e+00	  1.9956e-03	
  1.1000e+01	  6.5186e+00	  5.1413e-11	  2.8792e-04	  1.4356e-05	  9.7108e-04	  2.4965e-03	  3.8859e+03	  1.9354e-01	  5.0599e-01	  7.6146e-01	  9.9182e-01	  3.2785e+00	  1.6649e+01	  1.7175e+00	  2.6025e-02	  8.1830e-01	  5.9596e-02	  5.9596e-02	  1.1003e+00	  2.2382e+01	  1.4606e-01	  1.0106e+00	  1.0020e+00	  1.0000e+00	  2.5903e-02	  2.0442e-02	  0.0000e+00	  1.9899e-03	  1.7031e-04	  4.9732e-03	  2.3344e-03	  2.8272e-05	  1.0372e-02	  1.5539e-03	  1.7674e-04	  2.4965e-03	  0.0000e+00	  1.9969e-03	
  1.2000e+01	  6.5277e+00	  4.6938e-11	  3.3818e-04	  5.1798e-05	  1.0277e-03	  2.6879e-03	  4.1254e+03	  1.8682e-01	  4.9119e-01	  7.5079e-01	  9.9092e-01	  3.1641e+00	  1.6710e+01	  1.7137e+00	  2.5319e-02	  8.2654e-01	  6.0359e-02	  6.0359e-02	  1.1727e+00	  2.2309e+01	  1.5194e-01	  1.0106e+00	  1.0023e+00	  1.0000e+00	  2.5904e-02	  2.3827e-02	  9.7434e-04	  2.1696e-03	  1.7845e-04	  5.2840e-03	  2.4838e-03	  2.5602e-05	  1.1091e-02	  1.6234e-03	  1.8152e-04	  2.6879e-03	  0.0000e+00	  1.9977e-03	
  1.3000e+01	  6.5369e+00	  4.3583e-11	  3.8531e-04	  1.6688e-04	  1.0766e-03	  2.8649e-03	  4.3593e+03	  1.8079e-01	  4.7755e-01	  7.4066e-01	  9.9001e-01	  3.0522e+00	  1.6769e+01	  1.7099e+00	  2.4648e-02	  8.3418e-01	  6.1128e-02	  6.1128e-02	  1.2405e+00	  2.2240e+01	  1.5758e-01	  1.0106e+00	  1.0026e+00	  1.0000e+00	  2.5905e-02	  2.7431e-02	  3.9949e-03	  2.3509e-03	  1.8646e-04	  5.5871e-03	  2.6305e-03	  2.3304e-05	  1.1795e-02	  1.6956e-03	  1.8604e-04	  2.8649e-03	  0.0000e+00	  1.9981e-03	
  1.4000e+01	  6.5463e+00	  4.0661e-11	  4.3529e-04	  2.8565e-04	  1.1249e-03	  3.0464e-03	  4.5881e+03	  1.7532e-01	  4.6493e-01	  7.3103e-01	  9.8909e-01	  2.9430e+00	  1.6827e+01	  1.7061e+00	  2.4014e-02	  8.4129e-01	  6.1904e-02	  6.1904e-02	  1.3095e+00	  2.2168e+01	  1.6292e-01	  1.0106e+00	  1.0030e+00	  1.0000e+00	  2.5905e-02	  3.1247e-02	  7.1481e-03	  2.5336e-03	  1.9436e-04	  5.8837e-03	  2.7741e-03	  2.1304e-05	  1.2487e-02	  1.7625e-03	  1.9031e-04	  3.0464e-03	  0.0000e+00	  1.9985e-03	
  1.5000e+01	  6.5557e+00	  3.8095e-11	  4.8798e-04	  4.0800e-04	  1.1727e-03	  3.2322e-03	  4.8122e+03	  1.7035e-01	  4.5320e-01	  7.2185e-01	  9.8815e-01	  2.8364e+00	  1.6884e+01	  1.7023e+00	  2.3404e-02	  8.4786e-01	  6.2687e-02	  6.2687e-02	  1.3798e+00	  2.2094e+01	  1.6799e-01	  1.0106e+00	  1.0033e+00	  1.0000e+00	  2.5906e-02	  3.5264e-02	  1.0428e-02	  2.7175e-03	  2.0217e-04	  6.1744e-03	  2.9150e-03	  1.9557e-05	  1.3167e-02	  1.8244e-03	  1.9437e-04	  3.2322e-03	  0.0000e+00	  1.9987e-03	
  1.6000e+01	  6.5649e+00	  3.5823e-11	  5.4325e-04	  5.3378e-04	  1.2201e-03	  3.4218e-03	  5.0319e+03	  1.6580e-01	  4.4227e-01	  7.1309e-01	  9.8720e-01	  2.7324e+00	  1.6939e+01	  1.6986e+00	  2.2813e-02	  8.5392e-01	  6.3475e-02	  6.3475e-02	  1.4511e+00	  2.2017e+01	  1.7278e-01	  1.0106e+00	  1.0036e+00	  1.0001e+00	  2.5906e-02	  3.9473e-02	  1.3828e-02	  2.9023e-03	  2.0989e-04	  6.4594e-03	  3.0534e-03	  1.8027e-05	  1.3835e-02	  1.8818e-03	  1.9824e-04	  3.4218e-03	  0.0000e+00	  1.9989e-03	
  1.7000e+01	  6.5740e+00	  3.3800e-11	  6.0093e-04	  6.6286e-04	  1.2671e-03	  3.6149e-03	  5.2476e+03	  1.6161e-01	  4.3205e-01	  7.0470e-01	  9.8624e-01	  2.6311e+00	  1.6993e+01	  1.6949e+00	  2.2243e-02	  8.5945e-01	  6.4267e-02	  6.4267e-02	  1.5235e+00	  2.1937e+01	  1.7732e-01	  1.0106e+00	  1.0040e+00	  1.0001e+00	  2.5907e-02	  4.3863e-02	  1.7343e-02	  3.0881e-03	  2.1753e-04	  6.7393e-03	  3.1893e-03	  1.6683e-05	  1.4492e-02	  1.9350e-03	  2.0194e-04	  3.6149e-03	  0.0000e+00	  1.9991e-03	
  1.8000e+01	  6.5829e+00	  3.1986e-11	  6.6089e-04	  7.9510e-04	  1.3137e-03	  3.8114e-03	  5.4594e+03	  1.5773e-01	  4.2246e-01	  6.9667e-01	  9.8527e-01	  2.5324e+00	  1.7046e+01	  1.6912e+00	  2.1691e-02	  8.6446e-01	  6.5065e-02	  6.5065e-02	  1.5967e+00	  2.1855e+01	  1.8160e-01	  1.0106e+00	  1.0044e+00	  1.0001e+00	  2.5907e-02	  4.8426e-02	  2.0967e-02	  3.2745e-03	  2.2511e-04	  7.0142e-03	  3.3229e-03	  1.5499e-05	  1.5140e-02	  1.9841e-03	  2.0549e-04	  3.8114e-03	  0.0000e+00	  1.9992e-03	
  1.9000e+01	  6.5915e+00	  3.0352e-11	  7.2298e-04	  9.3033e-04	  1.3599e-03	  4.0107e-03	  5.6676e+03	  1.5414e-01	  4.1344e-01	  6.8895e-01	  9.8428e-01	  2.4363e+00	  1.7098e+01	  1.6875e+00	  2.1155e-02	  8.6897e-01	  6.5866e-02	  6.5866e-02	  1.6708e+00	  2.1771e+01	  1.8565e-01	  1.0106e+00	  1.0048e+00	  1.0001e+00	  2.5908e-02	  5.3150e-02	  2.4693e-02	  3.4616e-03	  2.3261e-04	  7.2845e-03	  3.4544e-03	  1.4451e-05	  1.5778e-02	  2.0295e-03	  2.0889e-04	  4.0107e-03	  0.0000e+00	  1.9993e-03	
  2.0000e+01	  6.5998e+00	  2.8872e-11	  7.8706e-04	  1.0684e-03	  1.4058e-03	  4.2128e-03	  5.8724e+03	  1.5079e-01	  4.0495e-01	  6.8154e-01	  9.8329e-01	  2.3428e+00	  1.7148e+01	  1.6838e+00	  2.0636e-02	  8.7298e-01	  6.6671e-02	  6.6671e-02	  1.7456e+00	  2.1684e+01	  1.8947e-01	  1.0106e+00	  1.0052e+00	  1.0001e+00	  2.5908e-02	  5.8025e-02	  2.8515e-02	  3.6491e-03	  2.4005e-04	  7.5504e-03	  3.5838e-03	  1.3522e-05	  1.6406e-02	  2.0715e-03	  2.1217e-04	  4.2128e-03	  0.0000e+00	  1.9993e-03	
  2.1000e+01	  6.6078e+00	  2.7526e-11	  8.5300e-04	  1.2092e-03	  1.4515e-03	  4.4174e-03	  6.0739e+03	  1.4767e-01	  3.9692e-01	  6.7440e-01	  9.8229e-01	  2.2520e+00	  1.7197e+01	  1.6802e+00	  2.0132e-02	  8.7649e-01	  6.7479e-02	  6.7479e-02	  1.8209e+00	  2.1595e+01	  1.9308e-01	  1.0106e+00	  1.0056e+00	  1.0001e+00	  2.5909e-02	  6.3042e-02	  3.2428e-02	  3.8370e-03	  2.4743e-04	  7.8120e-03	  3.7113e-03	  1.2695e-05	  1.7026e-02	  2.1101e-03	  2.1532e-04	  4.4174e-03	  0.0000e+00	  1.9994e-03	
  2.2000e+01	  6.6154e+00	  2.6298e-11	  9.2065e-04	  1.3525e-03	  1.4968e-03	  4.6240e-03	  6.2723e+03	  1.4474e-01	  3.8933e-01	  6.6753e-01	  9.8129e-01	  2.1637e+00	  1.7245e+01	  1.6766e+00	  1.9643e-02	  8.7951e-01	  6.8289e-02	  6.8289e-02	  1.8969e+00	  2.1504e+01	  1.9647e-01	  1.0106e+00	  1.0061e+00	  1.0001e+00	  2.5909e-02	  6.8192e-02	  3.6425e-02	  4.0251e-03	  2.5475e-04	  8.0696e-03	  3.8369e-03	  1.1957e-05	  1.7638e-02	  2.1457e-03	  2.1837e-04	  4.6240e-03	  0.0000e+00	  1.9994e-03	
  2.3000e+01	  6.6228e+00	  2.5173e-11	  9.8987e-04	  1.4981e-03	  1.5419e-03	  4.8326e-03	  6.4678e+03	  1.4199e-01	  3.8213e-01	  6.6090e-01	  9.8028e-01	  2.0781e+00	  1.7291e+01	  1.6729e+00	  1.9168e-02	  8.8204e-01	  6.9101e-02	  6.9101e-02	  1.9732e+00	  2.1410e+01	  1.9967e-01	  1.0106e+00	  1.0065e+00	  1.0002e+00	  2.5910e-02	  7.3463e-02	  4.0502e-02	  4.2134e-03	  2.6202e-04	  8.3233e-03	  3.9607e-03	  1.1295e-05	  1.8241e-02	  2.1785e-03	  2.2130e-04	  4.8326e-03	  0.0000e+00	  1.9995e-03	
  2.4000e+01	  6.6298e+00	  2.4138e-11	  1.0605e-03	  1.6460e-03	  1.5867e-03	  5.0429e-03	  6.6603e+03	  1.3940e-01	  3.7529e-01	  6.5451e-01	  9.7926e-01	  1.9949e+00	  1.7336e+01	  1.6693e+00	  1.8707e-02	  8.8411e-01	  6.9914e-02	  6.9914e-02	  2.0499e+00	  2.1315e+01	  2.0268e-01	  1.0106e+00	  1.0070e+00	  1.0002e+00	  2.5910e-02	  7.8847e-02	  4.4651e-02	  4.4017e-03	  2.6923e-04	  8.5733e-03	  4.0828e-03	  1.0701e-05	  1.8836e-02	  2.2086e-03	  2.2415e-04	  5.0429e-03	  0.0000e+00	  1.9995e-03	
  2.5000e+01	  6.6365e+00	  2.3184e-11	  1.1325e-03	  1.7960e-03	  1.6312e-03	  5.2546e-03	  6.8501e+03	  1.3696e-01	  3.6879e-01	  6.4833e-01	  9.7824e-01	  1.9144e+00	  1.7380e+01	  1.6657e+00	  1.8258e-02	  8.8571e-01	  7.0729e-02	  7.0729e-02	  2.1269e+00	  2.1217e+01	  2.0550e-01	  1.0106e+00	  1.0074e+00	  1.0002e+00	  2.5910e-02	  8.4334e-02	  4.8867e-02	  4.5900e-03	  2.7640e-04	  8.8196e-03	  4.2033e-03	  1.0166e-05	  1.9424e-02	  2.2362e-03	  2.2690e-04	  5.2546e-03	  0.0000e+00	  1.9995e-03	
  2.6000e+01	  6.6429e+00	  2.2302e-11	  1.2057e-03	  1.9479e-03	  1.6756e-03	  5.4676e-03	  7.0372e+03	  1.3465e-01	  3.6260e-01	  6.4235e-01	  9.7721e-01	  1.8363e+00	  1.7422e+01	  1.6621e+00	  1.7822e-02	  8.8686e-01	  7.1544e-02	  7.1544e-02	  2.2040e+00	  2.1118e+01	  2.0816e-01	  1.0106e+00	  1.0079e+00	  1.0002e+00	  2.5911e-02	  8.9916e-02	  5.3145e-02	  4.7782e-03	  2.8351e-04	  9.0624e-03	  4.3221e-03	  9.6814e-06	  2.0004e-02	  2.2614e-03	  2.2957e-04	  5.4676e-03	  0.0000e+00	  1.9995e-03	
  2.7000e+01	  6.6490e+00	  2.1485e-11	  1.2799e-03	  2.1015e-03	  1.7196e-03	  5.6815e-03	  7.2218e+03	  1.3247e-01	  3.5670e-01	  6.3657e-01	  9.7618e-01	  1.7607e+00	  1.7464e+01	  1.6586e+00	  1.7398e-02	  8.8756e-01	  7.2360e-02	  7.2360e-02	  2.2813e+00	  2.1016e+01	  2.1065e-01	  1.0106e+00	  1.0084e+00	  1.0002e+00	  2.5911e-02	  9.5584e-02	  5.7479e-02	  4.9663e-03	  2.9057e-04	  9.3018e-03	  4.4393e-03	  9.2425e-06	  2.0577e-02	  2.2845e-03	  2.3215e-04	  5.6815e-03	  0.0000e+00	  1.9995e-03	
  2.8000e+01	  6.6548e+00	  2.0725e-11	  1.3551e-03	  2.2568e-03	  1.7635e-03	  5.8963e-03	  7.4038e+03	  1.3039e-01	  3.5107e-01	  6.3098e-01	  9.7514e-01	  1.6876e+00	  1.7504e+01	  1.6550e+00	  1.6986e-02	  8.8782e-01	  7.3175e-02	  7.3175e-02	  2.3586e+00	  2.0913e+01	  2.1299e-01	  1.0106e+00	  1.0089e+00	  1.0002e+00	  2.5911e-02	  1.0133e-01	  6.1864e-02	  5.1541e-03	  2.9758e-04	  9.5378e-03	  4.5551e-03	  8.8436e-06	  2.1143e-02	  2.3056e-03	  2.3467e-04	  5.8963e-03	  0.0000e+00	  1.9995e-03	
  2.9000e+01	  6.6559e+00	  2.0018e-11	  1.4305e-03	  2.4135e-03	  1.8136e-03	  6.0874e-03	  7.5794e+03	  1.2847e-01	  3.4580e-01	  6.2568e-01	  9.7413e-01	  1.6169e+00	  1.7542e+01	  1.6515e+00	  1.6585e-02	  8.8766e-01	  7.3989e-02	  7.3989e-02	  2.4358e+00	  2.0807e+01	  2.1518e-01	  1.0106e+00	  1.0093e+00	  1.0003e+00	  2.5912e-02	  1.0714e-01	  6.6295e-02	  5.3400e-03	  3.0444e-04	  9.7625e-03	  4.6655e-03	  8.6425e-06	  2.1706e-02	  2.3252e-03	  2.3703e-04	  6.0874e-03	  0.0000e+00	  1.9995e-03	
  3.0000e+01	  6.6446e+00	  1.9358e-11	  1.5050e-03	  2.5714e-03	  1.8822e-03	  6.2117e-03	  7.7416e+03	  1.2675e-01	  3.4107e-01	  6.2086e-01	  9.7318e-01	  1.5486e+00	  1.7580e+01	  1.6480e+00	  1.6196e-02	  8.8708e-01	  7.4802e-02	  7.4802e-02	  2.5130e+00	  2.0700e+01	  2.1723e-01	  1.0106e+00	  1.0098e+00	  1.0003e+00	  2.5912e-02	  1.1302e-01	  7.0766e-02	  5.5209e-03	  3.1099e-04	  9.9613e-03	  4.7635e-03	  8.9064e-06	  2.2269e-02	  2.3440e-03	  2.3910e-04	  6.2117e-03	  0.0000e+00	  1.9995e-03	
  3.1000e+01	  6.6338e+00	  1.8741e-11	  1.5800e-03	  2.7304e-03	  1.9516e-03	  6.3365e-03	  7.9013e+03	  1.2511e-01	  3.3654e-01	  6.1620e-01	  9.7223e-01	  1.4827e+00	  1.7616e+01	  1.6445e+00	  1.5818e-02	  8.8610e-01	  7.5613e-02	  7.5613e-02	  2.5900e+00	  2.0592e+01	  2.1914e-01	  1.0106e+00	  1.0103e+00	  1.0003e+00	  2.5913e-02	  1.1895e-01	  7.5273e-02	  5.7013e-03	  3.1749e-04	  1.0156e-02	  4.8599e-03	  9.1729e-06	  2.2826e-02	  2.3611e-03	  2.4111e-04	  6.3365e-03	  0.0000e+00	  1.9995e-03	
  3.2000e+01	  6.6232e+00	  1.8163e-11	  1.6555e-03	  2.8904e-03	  2.0218e-03	  6.4616e-03	  8.0586e+03	  1.2354e-01	  3.3220e-01	  6.1167e-01	  9.7128e-01	  1.4191e+00	  1.7652e+01	  1.6410e+00	  1.5450e-02	  8.8473e-01	  7.6423e-02	  7.6423e-02	  2.6668e+00	  2.0481e+01	  2.2093e-01	  1.0106e+00	  1.0108e+00	  1.0003e+00	  2.5913e-02	  1.2493e-01	  7.9812e-02	  5.8810e-03	  3.2394e-04	  1.0348e-02	  4.9548e-03	  9.4419e-06	  2.3377e-02	  2.3766e-03	  2.4306e-04	  6.4616e-03	  0.0000e+00	  1.9995e-03	
  3.3000e+01	  6.6129e+00	  1.7620e-11	  1.7315e-03	  3.0512e-03	  2.0926e-03	  6.5868e-03	  8.2134e+03	  1.2205e-01	  3.2803e-01	  6.0729e-01	  9.7034e-01	  1.3578e+00	  1.7686e+01	  1.6375e+00	  1.5093e-02	  8.8297e-01	  7.7230e-02	  7.7230e-02	  2.7433e+00	  2.0369e+01	  2.2260e-01	  1.0106e+00	  1.0114e+00	  1.0003e+00	  2.5913e-02	  1.3095e-01	  8.4376e-02	  6.0601e-03	  3.3033e-04	  1.0537e-02	  5.0481e-03	  9.7130e-06	  2.3921e-02	  2.3907e-03	  2.4496e-04	  6.5868e-03	  0.0000e+00	  1.9995e-03	
  3.4000e+01	  6.6029e+00	  1.7111e-11	  1.8078e-03	  3.2128e-03	  2.1639e-03	  6.7120e-03	  8.3659e+03	  1.2061e-01	  3.2403e-01	  6.0303e-01	  9.6940e-01	  1.2987e+00	  1.7719e+01	  1.6340e+00	  1.4746e-02	  8.8085e-01	  7.8034e-02	  7.8034e-02	  2.8195e+00	  2.0255e+01	  2.2416e-01	  1.0106e+00	  1.0119e+00	  1.0003e+00	  2.5913e-02	  1.3701e-01	  8.8963e-02	  6.2384e-03	  3.3668e-04	  1.0722e-02	  5.1399e-03	  9.9860e-06	  2.4459e-02	  2.4033e-03	  2.4681e-04	  6.7120e-03	  0.0000e+00	  1.9995e-03	
  3.5000e+01	  6.5932e+00	  1.6631e-11	  1.8844e-03	  3.3749e-03	  2.2358e-03	  6.8371e-03	  8.5162e+03	  1.1924e-01	  3.2018e-01	  5.9889e-01	  9.6846e-01	  1.2418e+00	  1.7750e+01	  1.6305e+00	  1.4408e-02	  8.7837e-01	  7.8835e-02	  7.8835e-02	  2.8954e+00	  2.0140e+01	  2.2561e-01	  1.0106e+00	  1.0124e+00	  1.0004e+00	  2.5914e-02	  1.4309e-01	  9.3568e-02	  6.4159e-03	  3.4298e-04	  1.0904e-02	  5.2303e-03	  1.0260e-05	  2.4991e-02	  2.4147e-03	  2.4861e-04	  6.8371e-03	  0.0000e+00	  1.9995e-03	
  3.6000e+01	  6.5838e+00	  1.6179e-11	  1.9612e-03	  3.5375e-03	  2.3081e-03	  6.9621e-03	  8.6643e+03	  1.1793e-01	  3.1647e-01	  5.9488e-01	  9.6753e-01	  1.1871e+00	  1.7781e+01	  1.6271e+00	  1.4081e-02	  8.7555e-01	  7.9633e-02	  7.9633e-02	  2.9708e+00	  2.0023e+01	  2.2696e-01	  1.0106e+00	  1.0129e+00	  1.0004e+00	  2.5914e-02	  1.4919e-01	  9.8187e-02	  6.5927e-03	  3.4923e-04	  1.1083e-02	  5.3193e-03	  1.0536e-05	  2.5516e-02	  2.4249e-03	  2.5037e-04	  6.9621e-03	  0.0000e+00	  1.9995e-03	
  3.7000e+01	  6.5746e+00	  1.5752e-11	  2.0381e-03	  3.7004e-03	  2.3807e-03	  7.0867e-03	  8.8102e+03	  1.1667e-01	  3.1291e-01	  5.9097e-01	  9.6660e-01	  1.1344e+00	  1.7811e+01	  1.6236e+00	  1.3763e-02	  8.7240e-01	  8.0427e-02	  8.0427e-02	  3.0458e+00	  1.9904e+01	  2.2822e-01	  1.0106e+00	  1.0134e+00	  1.0004e+00	  2.5914e-02	  1.5531e-01	  1.0282e-01	  6.7687e-03	  3.5544e-04	  1.1259e-02	  5.4070e-03	  1.0813e-05	  2.6036e-02	  2.4341e-03	  2.5208e-04	  7.0867e-03	  0.0000e+00	  1.9995e-03	
  3.8000e+01	  6.5657e+00	  1.5349e-11	  2.1150e-03	  3.8636e-03	  2.4536e-03	  7.2109e-03	  8.9541e+03	  1.1545e-01	  3.0947e-01	  5.8717e-01	  9.6567e-01	  1.0838e+00	  1.7839e+01	  1.6202e+00	  1.3454e-02	  8.6893e-01	  8.1217e-02	  8.1217e-02	  3.1202e+00	  1.9785e+01	  2.2939e-01	  1.0106e+00	  1.0139e+00	  1.0004e+00	  2.5915e-02	  1.6144e-01	  1.0745e-01	  6.9438e-03	  3.6160e-04	  1.1432e-02	  5.4933e-03	  1.1091e-05	  2.6550e-02	  2.4423e-03	  2.5375e-04	  7.2109e-03	  0.0000e+00	  1.9995e-03	
  3.9000e+01	  6.5571e+00	  1.4967e-11	  2.1920e-03	  4.0268e-03	  2.5267e-03	  7.3346e-03	  9.0959e+03	  1.1429e-01	  3.0615e-01	  5.8348e-01	  9.6474e-01	  1.0353e+00	  1.7867e+01	  1.6168e+00	  1.3155e-02	  8.6515e-01	  8.2002e-02	  8.2002e-02	  3.1941e+00	  1.9663e+01	  2.3048e-01	  1.0106e+00	  1.0145e+00	  1.0004e+00	  2.5915e-02	  1.6757e-01	  1.1209e-01	  7.1181e-03	  3.6770e-04	  1.1603e-02	  5.5784e-03	  1.1369e-05	  2.7059e-02	  2.4496e-03	  2.5538e-04	  7.3346e-03	  0.0000e+00	  1.9995e-03	
  4.0000e+01	  6.5486e+00	  1.4606e-11	  2.2688e-03	  4.1901e-03	  2.6000e-03	  7.4577e-03	  9.2358e+03	  1.1317e-01	  3.0295e-01	  5.7988e-01	  9.6383e-01	  9.8864e-01	  1.7893e+01	  1.6134e+00	  1.2864e-02	  8.6108e-01	  8.2783e-02	  8.2783e-02	  3.2675e+00	  1.9541e+01	  2.3149e-01	  1.0106e+00	  1.0150e+00	  1.0004e+00	  2.5915e-02	  1.7370e-01	  1.1673e-01	  7.2915e-03	  3.7377e-04	  1.1770e-02	  5.6622e-03	  1.1647e-05	  2.7561e-02	  2.4561e-03	  2.5697e-04	  7.4577e-03	  0.0000e+00	  1.9995e-03	
  4.1000e+01	  6.5405e+00	  1.4263e-11	  2.3455e-03	  4.3533e-03	  2.6734e-03	  7.5802e-03	  9.3737e+03	  1.1209e-01	  2.9986e-01	  5.7638e-01	  9.6291e-01	  9.4392e-01	  1.7919e+01	  1.6100e+00	  1.2583e-02	  8.5673e-01	  8.3559e-02	  8.3559e-02	  3.3402e+00	  1.9417e+01	  2.3242e-01	  1.0106e+00	  1.0155e+00	  1.0005e+00	  2.5915e-02	  1.7983e-01	  1.2136e-01	  7.4640e-03	  3.7978e-04	  1.1935e-02	  5.7449e-03	  1.1926e-05	  2.8059e-02	  2.4619e-03	  2.5852e-04	  7.5802e-03	  0.0000e+00	  1.9995e-03	
  4.2000e+01	  6.5325e+00	  1.3937e-11	  2.4220e-03	  4.5164e-03	  2.7469e-03	  7.7019e-03	  9.5097e+03	  1.1104e-01	  2.9688e-01	  5.7297e-01	  9.6200e-01	  9.0106e-01	  1.7943e+01	  1.6066e+00	  1.2311e-02	  8.5212e-01	  8.4329e-02	  8.4329e-02	  3.4123e+00	  1.9291e+01	  2.3329e-01	  1.0106e+00	  1.0160e+00	  1.0005e+00	  2.5916e-02	  1.8594e-01	  1.2599e-01	  7.6356e-03	  3.8575e-04	  1.2098e-02	  5.8264e-03	  1.2204e-05	  2.8550e-02	  2.4670e-03	  2.6004e-04	  7.7019e-03	  0.0000e+00	  1.9995e-03	
  4.3000e+01	  6.5248e+00	  1.3627e-11	  2.4983e-03	  4.6791e-03	  2.8203e-03	  7.8229e-03	  9.6439e+03	  1.1004e-01	  2.9399e-01	  5.6965e-01	  9.6109e-01	  8.6000e-01	  1.7967e+01	  1.6032e+00	  1.2047e-02	  8.4725e-01	  8.5094e-02	  8.5094e-02	  3.4837e+00	  1.9165e+01	  2.3409e-01	  1.0106e+00	  1.0165e+00	  1.0005e+00	  2.5916e-02	  1.9204e-01	  1.3060e-01	  7.8062e-03	  3.9168e-04	  1.2257e-02	  5.9068e-03	  1.2483e-05	  2.9037e-02	  2.4715e-03	  2.6152e-04	  7.8229e-03	  0.0000e+00	  1.9995e-03	
  4.4000e+01	  6.5172e+00	  1.3333e-11	  2.5743e-03	  4.8415e-03	  2.8938e-03	  7.9431e-03	  9.7763e+03	  1.0907e-01	  2.9119e-01	  5.6641e-01	  9.6019e-01	  8.2069e-01	  1.7990e+01	  1.5999e+00	  1.1792e-02	  8.4214e-01	  8.5853e-02	  8.5853e-02	  3.5545e+00	  1.9037e+01	  2.3484e-01	  1.0106e+00	  1.0170e+00	  1.0005e+00	  2.5916e-02	  1.9813e-01	  1.3521e-01	  7.9759e-03	  3.9756e-04	  1.2415e-02	  5.9860e-03	  1.2761e-05	  2.9518e-02	  2.4755e-03	  2.6297e-04	  7.9431e-03	  0.0000e+00	  1.9994e-03	
  4.5000e+01	  6.5099e+00	  1.3052e-11	  2.6500e-03	  5.0035e-03	  2.9671e-03	  8.0624e-03	  9.9070e+03	  1.0813e-01	  2.8849e-01	  5.6325e-01	  9.5929e-01	  7.8307e-01	  1.8012e+01	  1.5965e+00	  1.1545e-02	  8.3681e-01	  8.6607e-02	  8.6607e-02	  3.6245e+00	  1.8908e+01	  2.3553e-01	  1.0106e+00	  1.0176e+00	  1.0005e+00	  2.5916e-02	  2.0419e-01	  1.3980e-01	  8.1447e-03	  4.0339e-04	  1.2570e-02	  6.0642e-03	  1.3038e-05	  2.9993e-02	  2.4790e-03	  2.6439e-04	  8.0624e-03	  0.0000e+00	  1.9994e-03	
  4.6000e+01	  6.5028e+00	  1.2785e-11	  2.7253e-03	  5.1649e-03	  3.0403e-03	  8.1807e-03	  1.0036e+04	  1.0722e-01	  2.8587e-01	  5.6016e-01	  9.5840e-01	  7.4710e-01	  1.8033e+01	  1.5932e+00	  1.1307e-02	  8.3126e-01	  8.7354e-02	  8.7354e-02	  3.6938e+00	  1.8777e+01	  2.3617e-01	  1.0106e+00	  1.0181e+00	  1.0005e+00	  2.5916e-02	  2.1022e-01	  1.4437e-01	  8.3124e-03	  4.0918e-04	  1.2723e-02	  6.1414e-03	  1.3315e-05	  3.0464e-02	  2.4821e-03	  2.6578e-04	  8.1807e-03	  0.0000e+00	  1.9994e-03	
  4.7000e+01	  6.4958e+00	  1.2530e-11	  2.8002e-03	  5.3257e-03	  3.1133e-03	  8.2981e-03	  1.0163e+04	  1.0635e-01	  2.8333e-01	  5.5716e-01	  9.5751e-01	  7.1271e-01	  1.8053e+01	  1.5899e+00	  1.1076e-02	  8.2550e-01	  8.8094e-02	  8.8094e-02	  3.7624e+00	  1.8646e+01	  2.3676e-01	  1.0106e+00	  1.0186e+00	  1.0006e+00	  2.5917e-02	  2.1623e-01	  1.4892e-01	  8.4792e-03	  4.1493e-04	  1.2873e-02	  6.2176e-03	  1.3591e-05	  3.0930e-02	  2.4849e-03	  2.6714e-04	  8.2981e-03	  0.0000e+00	  1.9994e-03	
  4.8000e+01	  6.4891e+00	  1.2286e-11	  2.8746e-03	  5.4859e-03	  3.1861e-03	  8.4145e-03	  1.0289e+04	  1.0550e-01	  2.8086e-01	  5.5422e-01	  9.5663e-01	  6.7986e-01	  1.8072e+01	  1.5865e+00	  1.0854e-02	  8.1956e-01	  8.8828e-02	  8.8828e-02	  3.8303e+00	  1.8513e+01	  2.3730e-01	  1.0106e+00	  1.0191e+00	  1.0006e+00	  2.5917e-02	  2.2220e-01	  1.5345e-01	  8.6450e-03	  4.2063e-04	  1.3021e-02	  6.2928e-03	  1.3866e-05	  3.1390e-02	  2.4873e-03	  2.6848e-04	  8.4145e-03	  0.0000e+00	  1.9994e-03	
  4.9000e+01	  6.4825e+00	  1.2054e-11	  2.9486e-03	  5.6453e-03	  3.2587e-03	  8.5299e-03	  1.0413e+04	  1.0468e-01	  2.7847e-01	  5.5135e-01	  9.5575e-01	  6.4850e-01	  1.8091e+01	  1.5832e+00	  1.0640e-02	  8.1344e-01	  8.9556e-02	  8.9556e-02	  3.8974e+00	  1.8379e+01	  2.3781e-01	  1.0106e+00	  1.0196e+00	  1.0006e+00	  2.5917e-02	  2.2814e-01	  1.5796e-01	  8.8097e-03	  4.2629e-04	  1.3167e-02	  6.3670e-03	  1.4139e-05	  3.1846e-02	  2.4894e-03	  2.6978e-04	  8.5299e-03	  0.0000e+00	  1.9994e-03	
  5.0000e+01	  6.4761e+00	  1.1831e-11	  3.0221e-03	  5.8040e-03	  3.3310e-03	  8.6443e-03	  1.0535e+04	  1.0388e-01	  2.7615e-01	  5.4855e-01	  9.5488e-01	  6.1857e-01	  1.8108e+01	  1.5799e+00	  1.0433e-02	  8.0716e-01	  9.0276e-02	  9.0276e-02	  3.9637e+00	  1.8244e+01	  2.3828e-01	  1.0106e+00	  1.0201e+00	  1.0006e+00	  2.5917e-02	  2.3405e-01	  1.6244e-01	  8.9734e-03	  4.3190e-04	  1.3311e-02	  6.4403e-03	  1.4412e-05	  3.2297e-02	  2.4913e-03	  2.7106e-04	  8.6443e-03	  0.0000e+00	  1.9994e-03	
  5.1000e+01	  6.4698e+00	  1.1619e-11	  3.0950e-03	  5.9618e-03	  3.4029e-03	  8.7576e-03	  1.0656e+04	  1.0311e-01	  2.7390e-01	  5.4581e-01	  9.5401e-01	  5.9002e-01	  1.8125e+01	  1.5766e+00	  1.0234e-02	  8.0072e-01	  9.0990e-02	  9.0990e-02	  4.0292e+00	  1.8108e+01	  2.3871e-01	  1.0106e+00	  1.0206e+00	  1.0006e+00	  2.5917e-02	  2.3991e-01	  1.6690e-01	  9.1362e-03	  4.3747e-04	  1.3453e-02	  6.5126e-03	  1.4683e-05	  3.2743e-02	  2.4929e-03	  2.7231e-04	  8.7576e-03	  0.0000e+00	  1.9994e-03	
  5.2000e+01	  6.4638e+00	  1.1415e-11	  3.1674e-03	  6.1186e-03	  3.4746e-03	  8.8697e-03	  1.0775e+04	  1.0236e-01	  2.7171e-01	  5.4314e-01	  9.5314e-01	  5.6280e-01	  1.8142e+01	  1.5734e+00	  1.0043e-02	  7.9414e-01	  9.1696e-02	  9.1696e-02	  4.0940e+00	  1.7971e+01	  2.3911e-01	  1.0106e+00	  1.0211e+00	  1.0006e+00	  2.5918e-02	  2.4574e-01	  1.7132e-01	  9.2978e-03	  4.4300e-04	  1.3592e-02	  6.5841e-03	  1.4953e-05	  3.3184e-02	  2.4944e-03	  2.7354e-04	  8.8697e-03	  0.0000e+00	  1.9994e-03	
  5.3000e+01	  6.4578e+00	  1.1220e-11	  3.2393e-03	  6.2745e-03	  3.5459e-03	  8.9808e-03	  1.0893e+04	  1.0163e-01	  2.6959e-01	  5.4052e-01	  9.5229e-01	  5.3686e-01	  1.8158e+01	  1.5701e+00	  9.8587e-03	  7.8743e-01	  9.2394e-02	  9.2394e-02	  4.1580e+00	  1.7832e+01	  2.3948e-01	  1.0106e+00	  1.0216e+00	  1.0007e+00	  2.5918e-02	  2.5152e-01	  1.7572e-01	  9.4585e-03	  4.4848e-04	  1.3730e-02	  6.6548e-03	  1.5222e-05	  3.3621e-02	  2.4958e-03	  2.7475e-04	  8.9808e-03	  0.0000e+00	  1.9994e-03	
  5.4000e+01	  6.4520e+00	  1.1033e-11	  3.3105e-03	  6.4294e-03	  3.6168e-03	  9.0908e-03	  1.1010e+04	  1.0093e-01	  2.6752e-01	  5.3796e-01	  9.5143e-01	  5.1215e-01	  1.8173e+01	  1.5668e+00	  9.6818e-03	  7.8060e-01	  9.3086e-02	  9.3086e-02	  4.2212e+00	  1.7693e+01	  2.3982e-01	  1.0106e+00	  1.0220e+00	  1.0007e+00	  2.5918e-02	  2.5726e-01	  1.8008e-01	  9.6181e-03	  4.5392e-04	  1.3866e-02	  6.7245e-03	  1.5489e-05	  3.4052e-02	  2.4970e-03	  2.7593e-04	  9.0908e-03	  0.0000e+00	  1.9994e-03	
  5.5000e+01	  6.4464e+00	  1.0853e-11	  3.3812e-03	  6.5833e-03	  3.6873e-03	  9.1996e-03	  1.1125e+04	  1.0024e-01	  2.6551e-01	  5.3546e-01	  9.5059e-01	  4.8862e-01	  1.8187e+01	  1.5636e+00	  9.5117e-03	  7.7367e-01	  9.3769e-02	  9.3769e-02	  4.2837e+00	  1.7552e+01	  2.4013e-01	  1.0106e+00	  1.0225e+00	  1.0007e+00	  2.5918e-02	  2.6295e-01	  1.8442e-01	  9.7766e-03	  4.5932e-04	  1.4000e-02	  6.7935e-03	  1.5754e-05	  3.4480e-02	  2.4981e-03	  2.7710e-04	  9.1996e-03	  0.0000e+00	  1.9994e-03	
  5.6000e+01	  6.4409e+00	  1.0681e-11	  3.4512e-03	  6.7360e-03	  3.7574e-03	  9.3073e-03	  1.1238e+04	  9.9574e-02	  2.6355e-01	  5.3302e-01	  9.4975e-01	  4.6623e-01	  1.8201e+01	  1.5603e+00	  9.3485e-03	  7.6663e-01	  9.4445e-02	  9.4445e-02	  4.3454e+00	  1.7411e+01	  2.4043e-01	  1.0106e+00	  1.0230e+00	  1.0007e+00	  2.5918e-02	  2.6859e-01	  1.8872e-01	  9.9341e-03	  4.6468e-04	  1.4132e-02	  6.8616e-03	  1.6018e-05	  3.4903e-02	  2.4992e-03	  2.7824e-04	  9.3073e-03	  0.0000e+00	  1.9994e-03	
  5.7000e+01	  6.4355e+00	  1.0515e-11	  3.5206e-03	  6.8876e-03	  3.8270e-03	  9.4138e-03	  1.1350e+04	  9.8926e-02	  2.6165e-01	  5.3062e-01	  9.4891e-01	  4.4492e-01	  1.8214e+01	  1.5571e+00	  9.1920e-03	  7.5951e-01	  9.5114e-02	  9.5114e-02	  4.4062e+00	  1.7268e+01	  2.4070e-01	  1.0106e+00	  1.0235e+00	  1.0007e+00	  2.5919e-02	  2.7419e-01	  1.9298e-01	  1.0091e-02	  4.7000e-04	  1.4262e-02	  6.9289e-03	  1.6280e-05	  3.5321e-02	  2.5002e-03	  2.7936e-04	  9.4138e-03	  0.0000e+00	  1.9993e-03	
  5.8000e+01	  6.4303e+00	  1.0356e-11	  3.5894e-03	  7.0381e-03	  3.8962e-03	  9.5192e-03	  1.1461e+04	  9.8296e-02	  2.5979e-01	  5.2828e-01	  9.4808e-01	  4.2466e-01	  1.8226e+01	  1.5539e+00	  9.0422e-03	  7.5231e-01	  9.5774e-02	  9.5774e-02	  4.4664e+00	  1.7125e+01	  2.4095e-01	  1.0106e+00	  1.0239e+00	  1.0007e+00	  2.5919e-02	  2.7973e-01	  1.9721e-01	  1.0246e-02	  4.7527e-04	  1.4391e-02	  6.9955e-03	  1.6540e-05	  3.5735e-02	  2.5013e-03	  2.8046e-04	  9.5192e-03	  0.0000e+00	  1.9993e-03	
  5.9000e+01	  6.4252e+00	  1.0203e-11	  3.6575e-03	  7.1873e-03	  3.9649e-03	  9.6234e-03	  1.1571e+04	  9.7683e-02	  2.5799e-01	  5.2598e-01	  9.4725e-01	  4.0540e-01	  1.8238e+01	  1.5507e+00	  8.8988e-03	  7.4504e-01	  9.6427e-02	  9.6427e-02	  4.5257e+00	  1.6980e+01	  2.4119e-01	  1.0106e+00	  1.0244e+00	  1.0008e+00	  2.5919e-02	  2.8523e-01	  2.0140e-01	  1.0400e-02	  4.8050e-04	  1.4518e-02	  7.0613e-03	  1.6798e-05	  3.6145e-02	  2.5022e-03	  2.8154e-04	  9.6234e-03	  0.0000e+00	  1.9993e-03	
  6.0000e+01	  6.4202e+00	  1.0056e-11	  3.7249e-03	  7.3353e-03	  4.0331e-03	  9.7265e-03	  1.1679e+04	  9.7086e-02	  2.5623e-01	  5.2373e-01	  9.4643e-01	  3.8709e-01	  1.8250e+01	  1.5474e+00	  8.7617e-03	  7.3771e-01	  9.7071e-02	  9.7071e-02	  4.5843e+00	  1.6834e+01	  2.4141e-01	  1.0106e+00	  1.0249e+00	  1.0008e+00	  2.5919e-02	  2.9067e-01	  2.0556e-01	  1.0553e-02	  4.8569e-04	  1.4643e-02	  7.1263e-03	  1.7054e-05	  3.6550e-02	  2.5032e-03	  2.8260e-04	  9.7265e-03	  0.0000e+00	  1.9993e-03	
  6.1000e+01	  6.4153e+00	  9.9145e-12	  3.7917e-03	  7.4820e-03	  4.1008e-03	  9.8284e-03	  1.1786e+04	  9.6505e-02	  2.5451e-01	  5.2153e-01	  9.4562e-01	  3.6970e-01	  1.8261e+01	  1.5442e+00	  8.6308e-03	  7.3033e-01	  9.7708e-02	  9.7708e-02	  4.6421e+00	  1.6687e+01	  2.4162e-01	  1.0106e+00	  1.0253e+00	  1.0008e+00	  2.5919e-02	  2.9606e-01	  2.0967e-01	  1.0706e-02	  4.9084e-04	  1.4766e-02	  7.1906e-03	  1.7309e-05	  3.6951e-02	  2.5043e-03	  2.8364e-04	  9.8284e-03	  0.0000e+00	  1.9993e-03	
  6.2000e+01	  6.4106e+00	  9.7782e-12	  3.8578e-03	  7.6275e-03	  4.1680e-03	  9.9291e-03	  1.1891e+04	  9.5939e-02	  2.5284e-01	  5.1937e-01	  9.4481e-01	  3.5318e-01	  1.8272e+01	  1.5411e+00	  8.5055e-03	  7.2290e-01	  9.8337e-02	  9.8337e-02	  4.6992e+00	  1.6540e+01	  2.4181e-01	  1.0106e+00	  1.0258e+00	  1.0008e+00	  2.5919e-02	  3.0140e-01	  2.1375e-01	  1.0857e-02	  4.9595e-04	  1.4888e-02	  7.2542e-03	  1.7561e-05	  3.7348e-02	  2.5053e-03	  2.8466e-04	  9.9291e-03	  0.0000e+00	  1.9993e-03	
  6.3000e+01	  6.4059e+00	  9.6468e-12	  3.9232e-03	  7.7716e-03	  4.2347e-03	  1.0029e-02	  1.1996e+04	  9.5387e-02	  2.5121e-01	  5.1726e-01	  9.4401e-01	  3.3749e-01	  1.8282e+01	  1.5379e+00	  8.3862e-03	  7.1544e-01	  9.8957e-02	  9.8957e-02	  4.7555e+00	  1.6391e+01	  2.4200e-01	  1.0106e+00	  1.0262e+00	  1.0008e+00	  2.5919e-02	  3.0669e-01	  2.1779e-01	  1.1007e-02	  5.0102e-04	  1.5008e-02	  7.3171e-03	  1.7812e-05	  3.7741e-02	  2.5064e-03	  2.8567e-04	  1.0029e-02	  0.0000e+00	  1.9993e-03	
  6.4000e+01	  6.4014e+00	  9.5202e-12	  3.9879e-03	  7.9145e-03	  4.3008e-03	  1.0127e-02	  1.2099e+04	  9.4849e-02	  2.4962e-01	  5.1519e-01	  9.4321e-01	  3.2259e-01	  1.8291e+01	  1.5347e+00	  8.2729e-03	  7.0796e-01	  9.9570e-02	  9.9570e-02	  4.8111e+00	  1.6241e+01	  2.4217e-01	  1.0106e+00	  1.0267e+00	  1.0008e+00	  2.5920e-02	  3.1192e-01	  2.2179e-01	  1.1156e-02	  5.0605e-04	  1.5126e-02	  7.3793e-03	  1.8060e-05	  3.8129e-02	  2.5076e-03	  2.8666e-04	  1.0127e-02	  0.0000e+00	  1.9993e-03	
  6.5000e+01	  6.3969e+00	  9.3982e-12	  4.0520e-03	  8.0560e-03	  4.3665e-03	  1.0225e-02	  1.2201e+04	  9.4325e-02	  2.4806e-01	  5.1316e-01	  9.4242e-01	  3.0846e-01	  1.8301e+01	  1.5315e+00	  8.1648e-03	  7.0045e-01	  1.0017e-01	  1.0017e-01	  4.8660e+00	  1.6091e+01	  2.4234e-01	  1.0106e+00	  1.0271e+00	  1.0008e+00	  2.5920e-02	  3.1710e-01	  2.2576e-01	  1.1304e-02	  5.1104e-04	  1.5243e-02	  7.4409e-03	  1.8307e-05	  3.8514e-02	  2.5088e-03	  2.8764e-04	  1.0225e-02	  0.0000e+00	  1.9993e-03	
  6.6000e+01	  6.3926e+00	  9.2804e-12	  4.1154e-03	  8.1961e-03	  4.4315e-03	  1.0321e-02	  1.2302e+04	  9.3813e-02	  2.4655e-01	  5.1117e-01	  9.4163e-01	  2.9504e-01	  1.8309e+01	  1.5284e+00	  8.0618e-03	  6.9293e-01	  1.0077e-01	  1.0077e-01	  4.9202e+00	  1.5939e+01	  2.4250e-01	  1.0106e+00	  1.0275e+00	  1.0009e+00	  2.5920e-02	  3.2223e-01	  2.2968e-01	  1.1450e-02	  5.1599e-04	  1.5359e-02	  7.5017e-03	  1.8551e-05	  3.8895e-02	  2.5100e-03	  2.8860e-04	  1.0321e-02	  0.0000e+00	  1.9993e-03	
  6.7000e+01	  6.3884e+00	  9.1667e-12	  4.1781e-03	  8.3349e-03	  4.4961e-03	  1.0416e-02	  1.2401e+04	  9.3314e-02	  2.4507e-01	  5.0922e-01	  9.4085e-01	  2.8232e-01	  1.8318e+01	  1.5252e+00	  7.9643e-03	  6.8541e-01	  1.0136e-01	  1.0136e-01	  4.9736e+00	  1.5786e+01	  2.4266e-01	  1.0106e+00	  1.0280e+00	  1.0009e+00	  2.5920e-02	  3.2730e-01	  2.3356e-01	  1.1596e-02	  5.2090e-04	  1.5473e-02	  7.5619e-03	  1.8794e-05	  3.9271e-02	  2.5114e-03	  2.8954e-04	  1.0416e-02	  0.0000e+00	  1.9993e-03	
  6.8000e+01	  6.3842e+00	  9.0570e-12	  4.2401e-03	  8.4723e-03	  4.5601e-03	  1.0510e-02	  1.2500e+04	  9.2827e-02	  2.4362e-01	  5.0730e-01	  9.4008e-01	  2.7024e-01	  1.8326e+01	  1.5221e+00	  7.8719e-03	  6.7789e-01	  1.0194e-01	  1.0194e-01	  5.0264e+00	  1.5633e+01	  2.4281e-01	  1.0106e+00	  1.0284e+00	  1.0009e+00	  2.5920e-02	  3.3232e-01	  2.3740e-01	  1.1741e-02	  5.2577e-04	  1.5586e-02	  7.6215e-03	  1.9034e-05	  3.9644e-02	  2.5128e-03	  2.9047e-04	  1.0510e-02	  0.0000e+00	  1.9993e-03	
  6.9000e+01	  6.3801e+00	  8.9510e-12	  4.3014e-03	  8.6083e-03	  4.6235e-03	  1.0603e-02	  1.2597e+04	  9.2352e-02	  2.4221e-01	  5.0542e-01	  9.3931e-01	  2.5879e-01	  1.8334e+01	  1.5189e+00	  7.7845e-03	  6.7037e-01	  1.0251e-01	  1.0251e-01	  5.0784e+00	  1.5478e+01	  2.4295e-01	  1.0106e+00	  1.0288e+00	  1.0009e+00	  2.5920e-02	  3.3728e-01	  2.4120e-01	  1.1884e-02	  5.3060e-04	  1.5697e-02	  7.6804e-03	  1.9272e-05	  4.0013e-02	  2.5143e-03	  2.9138e-04	  1.0603e-02	  0.0000e+00	  1.9993e-03	
  7.0000e+01	  6.3762e+00	  8.8485e-12	  4.3620e-03	  8.7430e-03	  4.6864e-03	  1.0694e-02	  1.2693e+04	  9.1887e-02	  2.4083e-01	  5.0358e-01	  9.3854e-01	  2.4793e-01	  1.8341e+01	  1.5158e+00	  7.7019e-03	  6.6286e-01	  1.0307e-01	  1.0307e-01	  5.1298e+00	  1.5323e+01	  2.4309e-01	  1.0106e+00	  1.0292e+00	  1.0009e+00	  2.5920e-02	  3.4219e-01	  2.4497e-01	  1.2027e-02	  5.3539e-04	  1.5806e-02	  7.7387e-03	  1.9508e-05	  4.0378e-02	  2.5159e-03	  2.9228e-04	  1.0694e-02	  0.0000e+00	  1.9993e-03	
  7.1000e+01	  6.3723e+00	  8.7495e-12	  4.4220e-03	  8.8762e-03	  4.7487e-03	  1.0785e-02	  1.2788e+04	  9.1434e-02	  2.3948e-01	  5.0177e-01	  9.3778e-01	  2.3763e-01	  1.8348e+01	  1.5127e+00	  7.6239e-03	  6.5538e-01	  1.0363e-01	  1.0363e-01	  5.1805e+00	  1.5166e+01	  2.4324e-01	  1.0106e+00	  1.0296e+00	  1.0009e+00	  2.5920e-02	  3.4705e-01	  2.4869e-01	  1.2168e-02	  5.4015e-04	  1.5915e-02	  7.7964e-03	  1.9742e-05	  4.0739e-02	  2.5176e-03	  2.9316e-04	  1.0785e-02	  0.0000e+00	  1.9992e-03	
  7.2000e+01	  6.3685e+00	  8.6537e-12	  4.4812e-03	  9.0081e-03	  4.8105e-03	  1.0875e-02	  1.2883e+04	  9.0990e-02	  2.3816e-01	  5.0000e-01	  9.3703e-01	  2.2787e-01	  1.8355e+01	  1.5096e+00	  7.5502e-03	  6.4791e-01	  1.0418e-01	  1.0418e-01	  5.2306e+00	  1.5009e+01	  2.4338e-01	  1.0106e+00	  1.0300e+00	  1.0009e+00	  2.5921e-02	  3.5185e-01	  2.5237e-01	  1.2309e-02	  5.4486e-04	  1.6022e-02	  7.8534e-03	  1.9974e-05	  4.1097e-02	  2.5193e-03	  2.9403e-04	  1.0875e-02	  0.0000e+00	  1.9992e-03	
  7.3000e+01	  6.3648e+00	  8.5611e-12	  4.5399e-03	  9.1386e-03	  4.8717e-03	  1.0963e-02	  1.2976e+04	  9.0557e-02	  2.3687e-01	  4.9826e-01	  9.3629e-01	  2.1861e-01	  1.8361e+01	  1.5065e+00	  7.4809e-03	  6.4047e-01	  1.0472e-01	  1.0472e-01	  5.2800e+00	  1.4851e+01	  2.4352e-01	  1.0106e+00	  1.0304e+00	  1.0010e+00	  2.5921e-02	  3.5660e-01	  2.5601e-01	  1.2448e-02	  5.4954e-04	  1.6127e-02	  7.9099e-03	  2.0204e-05	  4.1451e-02	  2.5212e-03	  2.9489e-04	  1.0963e-02	  0.0000e+00	  1.9992e-03	
  7.4000e+01	  6.3611e+00	  8.4714e-12	  4.5978e-03	  9.2677e-03	  4.9324e-03	  1.1051e-02	  1.3067e+04	  9.0134e-02	  2.3561e-01	  4.9655e-01	  9.3554e-01	  2.0983e-01	  1.8367e+01	  1.5034e+00	  7.4157e-03	  6.3307e-01	  1.0525e-01	  1.0525e-01	  5.3288e+00	  1.4691e+01	  2.4366e-01	  1.0106e+00	  1.0308e+00	  1.0010e+00	  2.5921e-02	  3.6130e-01	  2.5961e-01	  1.2586e-02	  5.5418e-04	  1.6232e-02	  7.9658e-03	  2.0432e-05	  4.1801e-02	  2.5232e-03	  2.9573e-04	  1.1051e-02	  0.0000e+00	  1.9992e-03	
  7.5000e+01	  6.3576e+00	  8.3846e-12	  4.6551e-03	  9.3953e-03	  4.9925e-03	  1.1137e-02	  1.3158e+04	  8.9720e-02	  2.3437e-01	  4.9487e-01	  9.3481e-01	  2.0150e-01	  1.8373e+01	  1.5003e+00	  7.3547e-03	  6.2569e-01	  1.0577e-01	  1.0577e-01	  5.3769e+00	  1.4531e+01	  2.4380e-01	  1.0106e+00	  1.0312e+00	  1.0010e+00	  2.5921e-02	  3.6594e-01	  2.6317e-01	  1.2724e-02	  5.5878e-04	  1.6335e-02	  8.0211e-03	  2.0658e-05	  4.2148e-02	  2.5252e-03	  2.9657e-04	  1.1137e-02	  0.0000e+00	  1.9992e-03	
  7.6000e+01	  6.3541e+00	  8.3005e-12	  4.7117e-03	  9.5216e-03	  5.0521e-03	  1.1222e-02	  1.3248e+04	  8.9315e-02	  2.3317e-01	  4.9322e-01	  9.3408e-01	  1.9361e-01	  1.8379e+01	  1.4972e+00	  7.2976e-03	  6.1836e-01	  1.0629e-01	  1.0629e-01	  5.4244e+00	  1.4370e+01	  2.4394e-01	  1.0106e+00	  1.0316e+00	  1.0010e+00	  2.5921e-02	  3.7054e-01	  2.6670e-01	  1.2860e-02	  5.6334e-04	  1.6436e-02	  8.0758e-03	  2.0881e-05	  4.2491e-02	  2.5273e-03	  2.9739e-04	  1.1222e-02	  0.0000e+00	  1.9992e-03	
  7.7000e+01	  6.3507e+00	  8.2191e-12	  4.7677e-03	  9.6466e-03	  5.1110e-03	  1.1307e-02	  1.3337e+04	  8.8919e-02	  2.3198e-01	  4.9160e-01	  9.3335e-01	  1.8612e-01	  1.8384e+01	  1.4941e+00	  7.2443e-03	  6.1107e-01	  1.0680e-01	  1.0680e-01	  5.4714e+00	  1.4208e+01	  2.4409e-01	  1.0106e+00	  1.0320e+00	  1.0010e+00	  2.5921e-02	  3.7508e-01	  2.7018e-01	  1.2995e-02	  5.6787e-04	  1.6537e-02	  8.1300e-03	  2.1103e-05	  4.2830e-02	  2.5295e-03	  2.9819e-04	  1.1307e-02	  0.0000e+00	  1.9992e-03	
  7.8000e+01	  6.3473e+00	  8.1401e-12	  4.8231e-03	  9.7701e-03	  5.1695e-03	  1.1390e-02	  1.3425e+04	  8.8532e-02	  2.3083e-01	  4.9001e-01	  9.3264e-01	  1.7902e-01	  1.8389e+01	  1.4910e+00	  7.1947e-03	  6.0383e-01	  1.0730e-01	  1.0730e-01	  5.5177e+00	  1.4045e+01	  2.4423e-01	  1.0106e+00	  1.0324e+00	  1.0010e+00	  2.5921e-02	  3.7957e-01	  2.7362e-01	  1.3129e-02	  5.7235e-04	  1.6636e-02	  8.1836e-03	  2.1322e-05	  4.3166e-02	  2.5319e-03	  2.9899e-04	  1.1390e-02	  0.0000e+00	  1.9992e-03	
  7.9000e+01	  6.3440e+00	  8.0636e-12	  4.8778e-03	  9.8923e-03	  5.2274e-03	  1.1472e-02	  1.3512e+04	  8.8152e-02	  2.2969e-01	  4.8845e-01	  9.3192e-01	  1.7229e-01	  1.8394e+01	  1.4880e+00	  7.1486e-03	  5.9664e-01	  1.0779e-01	  1.0779e-01	  5.5634e+00	  1.3882e+01	  2.4439e-01	  1.0106e+00	  1.0327e+00	  1.0010e+00	  2.5921e-02	  3.8400e-01	  2.7703e-01	  1.3262e-02	  5.7680e-04	  1.6734e-02	  8.2367e-03	  2.1540e-05	  4.3499e-02	  2.5343e-03	  2.9977e-04	  1.1472e-02	  0.0000e+00	  1.9992e-03	
  8.0000e+01	  6.3408e+00	  7.9894e-12	  4.9319e-03	  1.0013e-02	  5.2847e-03	  1.1554e-02	  1.3598e+04	  8.7781e-02	  2.2859e-01	  4.8692e-01	  9.3122e-01	  1.6590e-01	  1.8399e+01	  1.4849e+00	  7.1061e-03	  5.8950e-01	  1.0828e-01	  1.0828e-01	  5.6086e+00	  1.3717e+01	  2.4454e-01	  1.0106e+00	  1.0331e+00	  1.0011e+00	  2.5921e-02	  3.8839e-01	  2.8039e-01	  1.3394e-02	  5.8122e-04	  1.6831e-02	  8.2892e-03	  2.1755e-05	  4.3828e-02	  2.5367e-03	  3.0054e-04	  1.1554e-02	  0.0000e+00	  1.9992e-03	
  8.1000e+01	  6.3376e+00	  7.9173e-12	  4.9853e-03	  1.0133e-02	  5.3415e-03	  1.1634e-02	  1.3683e+04	  8.7418e-02	  2.2750e-01	  4.8541e-01	  9.3051e-01	  1.5984e-01	  1.8403e+01	  1.4819e+00	  7.0665e-03	  5.8242e-01	  1.0875e-01	  1.0875e-01	  5.6532e+00	  1.3552e+01	  2.4470e-01	  1.0106e+00	  1.0335e+00	  1.0011e+00	  2.5922e-02	  3.9273e-01	  2.8372e-01	  1.3525e-02	  5.8560e-04	  1.6927e-02	  8.3412e-03	  2.1969e-05	  4.4154e-02	  2.5393e-03	  3.0130e-04	  1.1634e-02	  0.0000e+00	  1.9992e-03	
  8.2000e+01	  6.3345e+00	  7.8475e-12	  5.0381e-03	  1.0251e-02	  5.3978e-03	  1.1714e-02	  1.3767e+04	  8.7062e-02	  2.2644e-01	  4.8393e-01	  9.2982e-01	  1.5410e-01	  1.8407e+01	  1.4788e+00	  7.0305e-03	  5.7539e-01	  1.0922e-01	  1.0922e-01	  5.6972e+00	  1.3385e+01	  2.4487e-01	  1.0106e+00	  1.0338e+00	  1.0011e+00	  2.5922e-02	  3.9702e-01	  2.8701e-01	  1.3655e-02	  5.8994e-04	  1.7021e-02	  8.3926e-03	  2.2180e-05	  4.4476e-02	  2.5420e-03	  3.0205e-04	  1.1714e-02	  0.0000e+00	  1.9992e-03	
  8.3000e+01	  6.3315e+00	  7.7796e-12	  5.0904e-03	  1.0367e-02	  5.4535e-03	  1.1792e-02	  1.3850e+04	  8.6714e-02	  2.2539e-01	  4.8247e-01	  9.2913e-01	  1.4864e-01	  1.8411e+01	  1.4758e+00	  6.9972e-03	  5.6842e-01	  1.0968e-01	  1.0968e-01	  5.7407e+00	  1.3218e+01	  2.4504e-01	  1.0106e+00	  1.0342e+00	  1.0011e+00	  2.5922e-02	  4.0126e-01	  2.9026e-01	  1.3783e-02	  5.9424e-04	  1.7115e-02	  8.4435e-03	  2.2389e-05	  4.4796e-02	  2.5447e-03	  3.0279e-04	  1.1792e-02	  0.0000e+00	  1.9992e-03	
  8.4000e+01	  6.3285e+00	  7.7138e-12	  5.1420e-03	  1.0483e-02	  5.5087e-03	  1.1870e-02	  1.3932e+04	  8.6372e-02	  2.2437e-01	  4.8104e-01	  9.2844e-01	  1.4346e-01	  1.8415e+01	  1.4727e+00	  6.9671e-03	  5.6152e-01	  1.1014e-01	  1.1014e-01	  5.7837e+00	  1.3050e+01	  2.4521e-01	  1.0106e+00	  1.0345e+00	  1.0011e+00	  2.5922e-02	  4.0545e-01	  2.9348e-01	  1.3911e-02	  5.9851e-04	  1.7207e-02	  8.4939e-03	  2.2597e-05	  4.5111e-02	  2.5475e-03	  3.0352e-04	  1.1870e-02	  0.0000e+00	  1.9992e-03	
  8.5000e+01	  6.3256e+00	  7.6498e-12	  5.1930e-03	  1.0597e-02	  5.5633e-03	  1.1947e-02	  1.4014e+04	  8.6038e-02	  2.2337e-01	  4.7963e-01	  9.2776e-01	  1.3854e-01	  1.8419e+01	  1.4697e+00	  6.9396e-03	  5.5468e-01	  1.1059e-01	  1.1059e-01	  5.8261e+00	  1.2881e+01	  2.4540e-01	  1.0106e+00	  1.0349e+00	  1.0011e+00	  2.5922e-02	  4.0959e-01	  2.9665e-01	  1.4038e-02	  6.0275e-04	  1.7298e-02	  8.5438e-03	  2.2802e-05	  4.5424e-02	  2.5504e-03	  3.0424e-04	  1.1947e-02	  0.0000e+00	  1.9992e-03	
  8.6000e+01	  6.3227e+00	  7.5876e-12	  5.2435e-03	  1.0710e-02	  5.6175e-03	  1.2022e-02	  1.4094e+04	  8.5710e-02	  2.2239e-01	  4.7825e-01	  9.2709e-01	  1.3387e-01	  1.8423e+01	  1.4667e+00	  6.9149e-03	  5.4790e-01	  1.1103e-01	  1.1103e-01	  5.8680e+00	  1.2711e+01	  2.4559e-01	  1.0106e+00	  1.0352e+00	  1.0011e+00	  2.5922e-02	  4.1369e-01	  2.9980e-01	  1.4164e-02	  6.0695e-04	  1.7388e-02	  8.5932e-03	  2.3006e-05	  4.5734e-02	  2.5533e-03	  3.0494e-04	  1.2022e-02	  0.0000e+00	  1.9992e-03	
  8.7000e+01	  6.3199e+00	  7.5272e-12	  5.2933e-03	  1.0821e-02	  5.6711e-03	  1.2097e-02	  1.4174e+04	  8.5389e-02	  2.2143e-01	  4.7689e-01	  9.2642e-01	  1.2943e-01	  1.8426e+01	  1.4637e+00	  6.8929e-03	  5.4120e-01	  1.1146e-01	  1.1146e-01	  5.9094e+00	  1.2541e+01	  2.4578e-01	  1.0106e+00	  1.0356e+00	  1.0011e+00	  2.5922e-02	  4.1773e-01	  3.0290e-01	  1.4289e-02	  6.1111e-04	  1.7477e-02	  8.6421e-03	  2.3207e-05	  4.6040e-02	  2.5563e-03	  3.0564e-04	  1.2097e-02	  0.0000e+00	  1.9991e-03	
  8.8000e+01	  6.3172e+00	  7.4685e-12	  5.3426e-03	  1.0932e-02	  5.7242e-03	  1.2171e-02	  1.4252e+04	  8.5074e-02	  2.2048e-01	  4.7556e-01	  9.2576e-01	  1.2521e-01	  1.8429e+01	  1.4607e+00	  6.8732e-03	  5.3455e-01	  1.1189e-01	  1.1189e-01	  5.9504e+00	  1.2369e+01	  2.4598e-01	  1.0106e+00	  1.0359e+00	  1.0012e+00	  2.5922e-02	  4.2174e-01	  3.0597e-01	  1.4412e-02	  6.1524e-04	  1.7565e-02	  8.6905e-03	  2.3407e-05	  4.6343e-02	  2.5594e-03	  3.0633e-04	  1.2171e-02	  0.0000e+00	  1.9991e-03	
  8.9000e+01	  6.3145e+00	  7.4114e-12	  5.3914e-03	  1.1041e-02	  5.7767e-03	  1.2245e-02	  1.4330e+04	  8.4765e-02	  2.1956e-01	  4.7424e-01	  9.2510e-01	  1.2120e-01	  1.8432e+01	  1.4577e+00	  6.8562e-03	  5.2798e-01	  1.1231e-01	  1.1231e-01	  5.9908e+00	  1.2197e+01	  2.4619e-01	  1.0106e+00	  1.0363e+00	  1.0012e+00	  2.5922e-02	  4.2570e-01	  3.0901e-01	  1.4535e-02	  6.1933e-04	  1.7652e-02	  8.7385e-03	  2.3605e-05	  4.6643e-02	  2.5625e-03	  3.0701e-04	  1.2245e-02	  0.0000e+00	  1.9991e-03	
  9.0000e+01	  6.3118e+00	  7.3558e-12	  5.4395e-03	  1.1148e-02	  5.8288e-03	  1.2317e-02	  1.4407e+04	  8.4463e-02	  2.1865e-01	  4.7295e-01	  9.2445e-01	  1.1739e-01	  1.8435e+01	  1.4547e+00	  6.8414e-03	  5.2148e-01	  1.1272e-01	  1.1272e-01	  6.0307e+00	  1.2024e+01	  2.4641e-01	  1.0106e+00	  1.0366e+00	  1.0012e+00	  2.5922e-02	  4.2961e-01	  3.1201e-01	  1.4657e-02	  6.2339e-04	  1.7738e-02	  8.7859e-03	  2.3801e-05	  4.6940e-02	  2.5657e-03	  3.0768e-04	  1.2317e-02	  0.0000e+00	  1.9991e-03	
  9.1000e+01	  6.3092e+00	  7.3018e-12	  5.4872e-03	  1.1255e-02	  5.8804e-03	  1.2388e-02	  1.4483e+04	  8.4166e-02	  2.1776e-01	  4.7167e-01	  9.2380e-01	  1.1376e-01	  1.8438e+01	  1.4517e+00	  6.8289e-03	  5.1506e-01	  1.1312e-01	  1.1312e-01	  6.0702e+00	  1.1850e+01	  2.4663e-01	  1.0106e+00	  1.0369e+00	  1.0012e+00	  2.5922e-02	  4.3348e-01	  3.1497e-01	  1.4778e-02	  6.2741e-04	  1.7823e-02	  8.8328e-03	  2.3995e-05	  4.7234e-02	  2.5690e-03	  3.0834e-04	  1.2388e-02	  0.0000e+00	  1.9991e-03	
  9.2000e+01	  6.3066e+00	  7.2491e-12	  5.5343e-03	  1.1360e-02	  5.9314e-03	  1.2459e-02	  1.4558e+04	  8.3875e-02	  2.1689e-01	  4.7042e-01	  9.2316e-01	  1.1031e-01	  1.8441e+01	  1.4487e+00	  6.8184e-03	  5.0870e-01	  1.1352e-01	  1.1352e-01	  6.1092e+00	  1.1675e+01	  2.4686e-01	  1.0106e+00	  1.0372e+00	  1.0012e+00	  2.5922e-02	  4.3730e-01	  3.1790e-01	  1.4897e-02	  6.3140e-04	  1.7907e-02	  8.8793e-03	  2.4187e-05	  4.7525e-02	  2.5723e-03	  3.0899e-04	  1.2459e-02	  0.0000e+00	  1.9991e-03	
  9.3000e+01	  6.3041e+00	  7.1979e-12	  5.5808e-03	  1.1464e-02	  5.9820e-03	  1.2529e-02	  1.4633e+04	  8.3589e-02	  2.1603e-01	  4.6919e-01	  9.2252e-01	  1.0702e-01	  1.8444e+01	  1.4458e+00	  6.8100e-03	  5.0242e-01	  1.1391e-01	  1.1391e-01	  6.1478e+00	  1.1500e+01	  2.4711e-01	  1.0106e+00	  1.0376e+00	  1.0012e+00	  2.5923e-02	  4.4108e-01	  3.2080e-01	  1.5016e-02	  6.3536e-04	  1.7990e-02	  8.9253e-03	  2.4377e-05	  4.7813e-02	  2.5756e-03	  3.0963e-04	  1.2529e-02	  0.0000e+00	  1.9991e-03	
  9.4000e+01	  6.3016e+00	  7.1481e-12	  5.6268e-03	  1.1567e-02	  6.0321e-03	  1.2598e-02	  1.4707e+04	  8.3309e-02	  2.1519e-01	  4.6798e-01	  9.2189e-01	  1.0388e-01	  1.8446e+01	  1.4428e+00	  6.8036e-03	  4.9620e-01	  1.1430e-01	  1.1430e-01	  6.1859e+00	  1.1324e+01	  2.4735e-01	  1.0106e+00	  1.0379e+00	  1.0012e+00	  2.5923e-02	  4.4482e-01	  3.2367e-01	  1.5134e-02	  6.3928e-04	  1.8072e-02	  8.9709e-03	  2.4566e-05	  4.8098e-02	  2.5790e-03	  3.1026e-04	  1.2598e-02	  0.0000e+00	  1.9991e-03	
  9.5000e+01	  6.2992e+00	  7.0995e-12	  5.6723e-03	  1.1669e-02	  6.0817e-03	  1.2666e-02	  1.4779e+04	  8.3034e-02	  2.1436e-01	  4.6679e-01	  9.2127e-01	  1.0090e-01	  1.8448e+01	  1.4398e+00	  6.7991e-03	  4.9007e-01	  1.1468e-01	  1.1468e-01	  6.2236e+00	  1.1146e+01	  2.4761e-01	  1.0106e+00	  1.0382e+00	  1.0012e+00	  2.5923e-02	  4.4852e-01	  3.2650e-01	  1.5251e-02	  6.4317e-04	  1.8152e-02	  9.0160e-03	  2.4753e-05	  4.8381e-02	  2.5824e-03	  3.1089e-04	  1.2666e-02	  0.0000e+00	  1.9991e-03	
  9.6000e+01	  6.2968e+00	  7.0522e-12	  5.7173e-03	  1.1770e-02	  6.1308e-03	  1.2734e-02	  1.4852e+04	  8.2764e-02	  2.1355e-01	  4.6562e-01	  9.2065e-01	  9.8051e-02	  1.8451e+01	  1.4369e+00	  6.7963e-03	  4.8401e-01	  1.1505e-01	  1.1505e-01	  6.2608e+00	  1.0969e+01	  2.4788e-01	  1.0106e+00	  1.0385e+00	  1.0012e+00	  2.5923e-02	  4.5218e-01	  3.2930e-01	  1.5366e-02	  6.4702e-04	  1.8233e-02	  9.0606e-03	  2.4938e-05	  4.8660e-02	  2.5859e-03	  3.1150e-04	  1.2734e-02	  0.0000e+00	  1.9991e-03	
  9.7000e+01	  6.2945e+00	  7.0061e-12	  5.7618e-03	  1.1869e-02	  6.1794e-03	  1.2800e-02	  1.4923e+04	  8.2499e-02	  2.1276e-01	  4.6446e-01	  9.2003e-01	  9.5335e-02	  1.8453e+01	  1.4339e+00	  6.7953e-03	  4.7802e-01	  1.1542e-01	  1.1542e-01	  6.2976e+00	  1.0790e+01	  2.4815e-01	  1.0106e+00	  1.0388e+00	  1.0012e+00	  2.5923e-02	  4.5579e-01	  3.3207e-01	  1.5481e-02	  6.5084e-04	  1.8312e-02	  9.1048e-03	  2.5121e-05	  4.8937e-02	  2.5894e-03	  3.1211e-04	  1.2800e-02	  0.0000e+00	  1.9991e-03	
  9.8000e+01	  6.2921e+00	  6.9611e-12	  5.8058e-03	  1.1967e-02	  6.2276e-03	  1.2866e-02	  1.4993e+04	  8.2239e-02	  2.1198e-01	  4.6333e-01	  9.1942e-01	  9.2742e-02	  1.8455e+01	  1.4310e+00	  6.7959e-03	  4.7210e-01	  1.1578e-01	  1.1578e-01	  6.3340e+00	  1.0610e+01	  2.4844e-01	  1.0106e+00	  1.0391e+00	  1.0013e+00	  2.5923e-02	  4.5937e-01	  3.3480e-01	  1.5595e-02	  6.5463e-04	  1.8390e-02	  9.1486e-03	  2.5302e-05	  4.9210e-02	  2.5929e-03	  3.1271e-04	  1.2866e-02	  0.0000e+00	  1.9991e-03	
  9.9000e+01	  6.2899e+00	  6.9173e-12	  5.8494e-03	  1.2065e-02	  6.2753e-03	  1.2932e-02	  1.5063e+04	  8.1983e-02	  2.1121e-01	  4.6221e-01	  9.1882e-01	  9.0266e-02	  1.8457e+01	  1.4281e+00	  6.7982e-03	  4.6626e-01	  1.1613e-01	  1.1613e-01	  6.3700e+00	  1.0430e+01	  2.4873e-01	  1.0106e+00	  1.0394e+00	  1.0013e+00	  2.5923e-02	  4.6290e-01	  3.3751e-01	  1.5708e-02	  6.5839e-04	  1.8467e-02	  9.1919e-03	  2.5482e-05	  4.9481e-02	  2.5965e-03	  3.1330e-04	  1.2932e-02	  0.0000e+00	  1.9991e-03	
  1.0000e+02	  6.2876e+00	  6.8746e-12	  5.8924e-03	  1.2161e-02	  6.3226e-03	  1.2996e-02	  1.5132e+04	  8.1733e-02	  2.1046e-01	  4.6111e-01	  9.1822e-01	  8.7900e-02	  1.8459e+01	  1.4251e+00	  6.8020e-03	  4.6050e-01	  1.1648e-01	  1.1648e-01	  6.4056e+00	  1.0249e+01	  2.4903e-01	  1.0106e+00	  1.0397e+00	  1.0013e+00	  2.5923e-02	  4.6640e-01	  3.4018e-01	  1.5820e-02	  6.6211e-04	  1.8543e-02	  9.2348e-03	  2.5660e-05	  4.9750e-02	  2.6001e-03	  3.1389e-04	  1.2996e-02	  0.0000e+00	  1.9991e-03	
