        Time	          pH	       Ozero	          HS	         CH4	        CO2g	         CO2	          SC	        fsl1	        fsl2	        fsl3	        fsl4	         POM	         MOM	         QOM	         DOM	          BA	          EP	          EM	          IC	       Total	     OrgAcid	        Aero	        SulR	        Meth	       Caero	       Csulr	       Cmeth	          Na	           K	          Ca	          Mg	         PO4	          Cl	         SO4	         NH4	        HCO3	         FeS	      Pyrite	
  0.0000e+00	  6.9509e+00	  2.5557e-04	  1.0001e-07	  0.0000e+00	  0.0000e+00	  9.0006e-06	  1.0504e+02	  7.6982e-01	  9.7338e-01	  9.9060e-01	  9.9999e-01	  0.0000e+00	  0.0000e+00	  0.0000e+00	  0.0000e+00	  0.0000e+00	  0.0000e+00	  0.0000e+00	  0.0000e+00	  0.0000e+00	  0.0000e+00	  0.0000e+00	  0.0000e+00	  0.0000e+00	  0.0000e+00	  0.0000e+00	  0.0000e+00	  1.1401e-04	  2.8002e-05	  1.8275e-04	  7.9006e-05	  5.0003e-06	  1.3301e-04	  4.0003e-06	  3.8003e-05	  9.0006e-06	  0.0000e+00	  0.0000e+00	
  0.0000e+00	  6.9509e+00	  2.5557e-04	  1.0001e-07	  0.0000e+00	  0.0000e+00	  9.0006e-06	  1.0504e+02	  7.6982e-01	  9.7338e-01	  9.9060e-01	  9.9999e-01	  0.0000e+00	  0.0000e+00	  0.0000e+00	  0.0000e+00	  0.0000e+00	  0.0000e+00	  0.0000e+00	  0.0000e+00	  0.0000e+00	  0.0000e+00	  0.0000e+00	  0.0000e+00	  0.0000e+00	  0.0000e+00	  0.0000e+00	  0.0000e+00	  1.1401e-04	  2.8002e-05	  1.8275e-04	  7.9006e-05	  5.0003e-06	  1.3301e-04	  4.0003e-06	  3.8003e-05	  9.0006e-06	  0.0000e+00	  0.0000e+00	
  1.0000e+00	  6.5899e+00	  1.1147e-08	  8.6215e-06	  1.4321e-05	  3.4672e-04	  9.2992e-04	  8.5021e+02	  4.2106e-01	  8.2181e-01	  9.3292e-01	  9.9942e-01	  4.5659e+00	  1.5974e+01	  1.7583e+00	  2.1288e-01	  6.4159e-01	  5.2531e-02	  5.2531e-02	  3.6880e-01	  2.3115e+01	  4.5874e-02	  1.0106e+00	  1.0000e+00	  1.0000e+00	  2.5865e-02	  7.2747e-05	  0.0000e+00	  3.3777e-04	  6.7512e-05	  1.0991e-03	  5.0256e-04	  1.1481e-04	  1.4797e-03	  4.4700e-04	  8.9009e-05	  9.2992e-04	  0.0000e+00	  1.3923e-03	
  2.0000e+00	  6.5362e+00	  2.6094e-10	  1.2457e-05	  1.4325e-05	  4.0088e-04	  1.0053e-03	  1.2747e+03	  3.5117e-01	  7.5541e-01	  9.0380e-01	  9.9883e-01	  4.4254e+00	  1.6047e+01	  1.7529e+00	  6.9176e-02	  7.0609e-01	  5.3157e-02	  5.3157e-02	  4.9124e-01	  2.2992e+01	  7.4371e-02	  1.0106e+00	  1.0000e+00	  1.0000e+00	  2.5870e-02	  4.0525e-04	  0.0000e+00	  4.8907e-04	  8.3145e-05	  1.6226e-03	  7.5190e-04	  9.0480e-05	  2.5330e-03	  7.3183e-04	  1.0666e-04	  1.0053e-03	  0.0000e+00	  1.4081e-03	
  3.0000e+00	  6.5081e+00	  1.3129e-10	  1.6060e-05	  1.4330e-05	  4.5602e-04	  1.1081e-03	  1.6389e+03	  3.1062e-01	  7.0658e-01	  8.8047e-01	  9.9818e-01	  4.2877e+00	  1.6119e+01	  1.7487e+00	  3.7237e-02	  7.3043e-01	  5.3823e-02	  5.3823e-02	  5.5766e-01	  2.2926e+01	  8.7105e-02	  1.0106e+00	  1.0001e+00	  1.0000e+00	  2.5872e-02	  9.9188e-04	  0.0000e+00	  6.4175e-04	  9.5752e-05	  2.0813e-03	  9.7319e-04	  7.6482e-05	  3.4656e-03	  9.6405e-04	  1.1961e-04	  1.1081e-03	  0.0000e+00	  1.4871e-03	
  4.0000e+00	  6.4921e+00	  8.9695e-11	  2.0513e-05	  1.4334e-05	  5.1164e-04	  1.2240e-03	  1.9681e+03	  2.8276e-01	  6.6765e-01	  8.6051e-01	  9.9750e-01	  4.1525e+00	  1.6190e+01	  1.7447e+00	  3.2062e-02	  7.4438e-01	  5.4507e-02	  5.4507e-02	  6.1130e-01	  2.2872e+01	  9.6791e-02	  1.0106e+00	  1.0002e+00	  1.0000e+00	  2.5873e-02	  1.7856e-03	  0.0000e+00	  7.9796e-04	  1.0684e-04	  2.5002e-03	  1.1771e-03	  6.6631e-05	  4.3276e-03	  1.1680e-03	  1.3006e-04	  1.2240e-03	  0.0000e+00	  1.6012e-03	
  5.0000e+00	  6.4831e+00	  6.8901e-11	  2.7117e-05	  1.4337e-05	  5.6745e-04	  1.3487e-03	  2.2737e+03	  2.6190e-01	  6.3521e-01	  8.4288e-01	  9.9678e-01	  4.0200e+00	  1.6259e+01	  1.7407e+00	  3.0611e-02	  7.5637e-01	  5.5202e-02	  5.5202e-02	  6.6452e-01	  2.2819e+01	  1.0580e-01	  1.0106e+00	  1.0003e+00	  1.0000e+00	  2.5873e-02	  2.7751e-03	  0.0000e+00	  9.5790e-04	  1.1701e-04	  2.8912e-03	  1.3688e-03	  5.8974e-05	  5.1410e-03	  1.3528e-03	  1.3894e-04	  1.3487e-03	  0.0000e+00	  1.7297e-03	
  6.0000e+00	  6.4792e+00	  5.6290e-11	  3.7913e-05	  1.4341e-05	  6.2309e-04	  1.4807e-03	  2.5618e+03	  2.4542e-01	  6.0743e-01	  8.2696e-01	  9.9604e-01	  3.8899e+00	  1.6327e+01	  1.7368e+00	  2.9644e-02	  7.6762e-01	  5.5909e-02	  5.5909e-02	  7.1908e-01	  2.2764e+01	  1.1445e-01	  1.0106e+00	  1.0004e+00	  1.0000e+00	  2.5874e-02	  3.9590e-03	  0.0000e+00	  1.1214e-03	  1.2657e-04	  3.2612e-03	  1.5512e-03	  5.2617e-05	  5.9180e-03	  1.5230e-03	  1.4672e-04	  1.4807e-03	  0.0000e+00	  1.8432e-03	
  7.0000e+00	  6.4792e+00	  4.7745e-11	  5.4629e-05	  1.4344e-05	  6.7811e-04	  1.6195e-03	  2.8364e+03	  2.3193e-01	  5.8314e-01	  8.1239e-01	  9.9527e-01	  3.7625e+00	  1.6394e+01	  1.7329e+00	  2.8772e-02	  7.7826e-01	  5.6626e-02	  5.6626e-02	  7.7516e-01	  2.2708e+01	  1.2277e-01	  1.0106e+00	  1.0005e+00	  1.0000e+00	  2.5874e-02	  5.3370e-03	  0.0000e+00	  1.2881e-03	  1.3570e-04	  3.6146e-03	  1.7262e-03	  4.7111e-05	  6.6659e-03	  1.6815e-03	  1.5368e-04	  1.6195e-03	  0.0000e+00	  1.9170e-03	
  8.0000e+00	  6.4822e+00	  4.1542e-11	  7.6926e-05	  1.4347e-05	  7.3238e-04	  1.7644e-03	  3.1000e+03	  2.2058e-01	  5.6161e-01	  7.9892e-01	  9.9448e-01	  3.6376e+00	  1.6460e+01	  1.7290e+00	  2.7948e-02	  7.8833e-01	  5.7352e-02	  5.7352e-02	  8.3277e-01	  2.2650e+01	  1.3078e-01	  1.0106e+00	  1.0007e+00	  1.0000e+00	  2.5875e-02	  6.9087e-03	  0.0000e+00	  1.4578e-03	  1.4451e-04	  3.9545e-03	  1.8951e-03	  4.2291e-05	  7.3898e-03	  1.8298e-03	  1.6000e-04	  1.7644e-03	  0.0000e+00	  1.9550e-03	
  9.0000e+00	  6.4871e+00	  3.6820e-11	  1.0358e-04	  1.4350e-05	  7.8600e-04	  1.9150e-03	  3.3543e+03	  2.1085e-01	  5.4231e-01	  7.8638e-01	  9.9366e-01	  3.5153e+00	  1.6524e+01	  1.7252e+00	  2.7165e-02	  7.9782e-01	  5.8087e-02	  5.8087e-02	  8.9190e-01	  2.2591e+01	  1.3849e-01	  1.0106e+00	  1.0009e+00	  1.0000e+00	  2.5875e-02	  8.6729e-03	  0.0000e+00	  1.6300e-03	  1.5306e-04	  4.2828e-03	  2.0588e-03	  3.8086e-05	  8.0932e-03	  1.9693e-03	  1.6581e-04	  1.9150e-03	  0.0000e+00	  1.9737e-03	
  1.0000e+01	  6.4935e+00	  3.3096e-11	  1.3381e-04	  1.4353e-05	  8.3907e-04	  2.0711e-03	  3.6005e+03	  2.0238e-01	  5.2485e-01	  7.7462e-01	  9.9283e-01	  3.3956e+00	  1.6587e+01	  1.7213e+00	  2.6418e-02	  8.0675e-01	  5.8831e-02	  5.8831e-02	  9.5253e-01	  2.2530e+01	  1.4589e-01	  1.0106e+00	  1.0011e+00	  1.0000e+00	  2.5876e-02	  1.0628e-02	  0.0000e+00	  1.8046e-03	  1.6142e-04	  4.6011e-03	  2.2180e-03	  3.4425e-05	  8.7788e-03	  2.1009e-03	  1.7119e-04	  2.0711e-03	  0.0000e+00	  1.9835e-03	
  1.1000e+01	  6.5009e+00	  3.0364e-11	  1.6369e-04	  8.2130e-05	  8.8616e-04	  2.2192e-03	  3.8398e+03	  1.9491e-01	  5.0894e-01	  7.6356e-01	  9.9199e-01	  3.2785e+00	  1.6649e+01	  1.7175e+00	  2.5748e-02	  8.1511e-01	  5.9583e-02	  5.9583e-02	  1.0104e+00	  2.2472e+01	  1.5294e-01	  1.0106e+00	  1.0012e+00	  1.0000e+00	  2.5876e-02	  1.2771e-02	  1.2405e-03	  1.9810e-03	  1.6960e-04	  4.9101e-03	  2.3734e-03	  3.1218e-05	  9.4487e-03	  2.2303e-03	  1.7622e-04	  2.2192e-03	  0.0000e+00	  1.9886e-03	
  1.2000e+01	  6.5092e+00	  2.8391e-11	  1.9150e-04	  2.4379e-04	  9.2535e-04	  2.3539e-03	  4.0728e+03	  1.8825e-01	  4.9436e-01	  7.5311e-01	  9.9112e-01	  3.1640e+00	  1.6710e+01	  1.7137e+00	  2.5083e-02	  8.2295e-01	  6.0342e-02	  6.0342e-02	  1.0639e+00	  2.2416e+01	  1.5962e-01	  1.0106e+00	  1.0014e+00	  1.0000e+00	  2.5877e-02	  1.5104e-02	  4.2485e-03	  2.1592e-03	  1.7763e-04	  5.2104e-03	  2.5254e-03	  2.8387e-05	  1.0105e-02	  2.3598e-03	  1.8093e-04	  2.3539e-03	  0.0000e+00	  1.9914e-03	
  1.3000e+01	  6.5180e+00	  2.6663e-11	  2.2178e-04	  4.1012e-04	  9.6393e-04	  2.4926e-03	  4.3000e+03	  1.8227e-01	  4.8093e-01	  7.4320e-01	  9.9025e-01	  3.0522e+00	  1.6769e+01	  1.7099e+00	  2.4424e-02	  8.3025e-01	  6.1108e-02	  6.1108e-02	  1.1183e+00	  2.2358e+01	  1.6603e-01	  1.0106e+00	  1.0016e+00	  1.0000e+00	  2.5877e-02	  1.7623e-02	  7.4086e-03	  2.3388e-03	  1.8554e-04	  5.5035e-03	  2.6740e-03	  2.5899e-05	  1.0748e-02	  2.4833e-03	  1.8537e-04	  2.4926e-03	  0.0000e+00	  1.9934e-03	
  1.4000e+01	  6.5272e+00	  2.5136e-11	  2.5448e-04	  5.8098e-04	  1.0019e-03	  2.6350e-03	  4.5220e+03	  1.7686e-01	  4.6850e-01	  7.3378e-01	  9.8936e-01	  2.9429e+00	  1.6827e+01	  1.7061e+00	  2.3789e-02	  8.3700e-01	  6.1880e-02	  6.1880e-02	  1.1737e+00	  2.2296e+01	  1.7218e-01	  1.0106e+00	  1.0018e+00	  1.0001e+00	  2.5877e-02	  2.0326e-02	  1.0716e-02	  2.5197e-03	  1.9334e-04	  5.7898e-03	  2.8195e-03	  2.3706e-05	  1.1379e-02	  2.6012e-03	  1.8958e-04	  2.6350e-03	  0.0000e+00	  1.9948e-03	
  1.5000e+01	  6.5366e+00	  2.3779e-11	  2.8951e-04	  7.5621e-04	  1.0394e-03	  2.7809e-03	  4.7392e+03	  1.7193e-01	  4.5695e-01	  7.2481e-01	  9.8846e-01	  2.8363e+00	  1.6884e+01	  1.7024e+00	  2.3178e-02	  8.4322e-01	  6.2658e-02	  6.2658e-02	  1.2300e+00	  2.2232e+01	  1.7806e-01	  1.0106e+00	  1.0020e+00	  1.0001e+00	  2.5878e-02	  2.3207e-02	  1.4164e-02	  2.7018e-03	  2.0105e-04	  6.0700e-03	  2.9623e-03	  2.1771e-05	  1.1999e-02	  2.7139e-03	  1.9357e-04	  2.7809e-03	  0.0000e+00	  1.9959e-03	
  1.6000e+01	  6.5460e+00	  2.2563e-11	  3.2682e-04	  9.3564e-04	  1.0764e-03	  2.9301e-03	  4.9520e+03	  1.6742e-01	  4.4618e-01	  7.1625e-01	  9.8755e-01	  2.7324e+00	  1.6939e+01	  1.6987e+00	  2.2589e-02	  8.4891e-01	  6.3441e-02	  6.3441e-02	  1.2871e+00	  2.2165e+01	  1.8369e-01	  1.0106e+00	  1.0023e+00	  1.0001e+00	  2.5878e-02	  2.6260e-02	  1.7748e-02	  2.8848e-03	  2.0867e-04	  6.3445e-03	  3.1023e-03	  2.0059e-05	  1.2608e-02	  2.8216e-03	  1.9738e-04	  2.9301e-03	  0.0000e+00	  1.9967e-03	
  1.7000e+01	  6.5554e+00	  2.1469e-11	  3.6631e-04	  1.1191e-03	  1.1129e-03	  3.0825e-03	  5.1607e+03	  1.6326e-01	  4.3611e-01	  7.0806e-01	  9.8663e-01	  2.6311e+00	  1.6993e+01	  1.6950e+00	  2.2021e-02	  8.5408e-01	  6.4229e-02	  6.4229e-02	  1.3449e+00	  2.2095e+01	  1.8908e-01	  1.0106e+00	  1.0025e+00	  1.0001e+00	  2.5878e-02	  2.9481e-02	  2.1462e-02	  3.0686e-03	  2.1621e-04	  6.6137e-03	  3.2400e-03	  1.8541e-05	  1.3208e-02	  2.9246e-03	  2.0102e-04	  3.0825e-03	  0.0000e+00	  1.9973e-03	
  1.8000e+01	  6.5648e+00	  2.0479e-11	  4.0792e-04	  1.3063e-03	  1.1491e-03	  3.2380e-03	  5.3655e+03	  1.5942e-01	  4.2665e-01	  7.0020e-01	  9.8570e-01	  2.5324e+00	  1.7046e+01	  1.6913e+00	  2.1472e-02	  8.5873e-01	  6.5021e-02	  6.5021e-02	  1.4036e+00	  2.2022e+01	  1.9422e-01	  1.0106e+00	  1.0028e+00	  1.0001e+00	  2.5879e-02	  3.2864e-02	  2.5301e-02	  3.2531e-03	  2.2368e-04	  6.8779e-03	  3.3752e-03	  1.7193e-05	  1.3799e-02	  3.0232e-03	  2.0451e-04	  3.2380e-03	  0.0000e+00	  1.9978e-03	
  1.9000e+01	  6.5740e+00	  1.9579e-11	  4.5156e-04	  1.4972e-03	  1.1849e-03	  3.3963e-03	  5.5667e+03	  1.5585e-01	  4.1776e-01	  6.9267e-01	  9.8476e-01	  2.4363e+00	  1.7098e+01	  1.6876e+00	  2.0940e-02	  8.6288e-01	  6.5816e-02	  6.5816e-02	  1.4629e+00	  2.1945e+01	  1.9914e-01	  1.0106e+00	  1.0031e+00	  1.0002e+00	  2.5879e-02	  3.6403e-02	  2.9257e-02	  3.4382e-03	  2.3109e-04	  7.1375e-03	  3.5083e-03	  1.5992e-05	  1.4381e-02	  3.1175e-03	  2.0786e-04	  3.3963e-03	  0.0000e+00	  1.9981e-03	
  2.0000e+01	  6.5830e+00	  1.8757e-11	  4.9715e-04	  1.6915e-03	  1.2204e-03	  3.5573e-03	  5.7645e+03	  1.5253e-01	  4.0938e-01	  6.8542e-01	  9.8382e-01	  2.3429e+00	  1.7148e+01	  1.6839e+00	  2.0426e-02	  8.6653e-01	  6.6615e-02	  6.6615e-02	  1.5228e+00	  2.1866e+01	  2.0383e-01	  1.0106e+00	  1.0034e+00	  1.0002e+00	  2.5879e-02	  4.0091e-02	  3.3326e-02	  3.6237e-03	  2.3843e-04	  7.3925e-03	  3.6393e-03	  1.4921e-05	  1.4955e-02	  3.2079e-03	  2.1108e-04	  3.5573e-03	  0.0000e+00	  1.9984e-03	
  2.1000e+01	  6.5918e+00	  1.8003e-11	  5.4459e-04	  1.8890e-03	  1.2556e-03	  3.7207e-03	  5.9590e+03	  1.4943e-01	  4.0146e-01	  6.7845e-01	  9.8287e-01	  2.2520e+00	  1.7197e+01	  1.6803e+00	  1.9928e-02	  8.6970e-01	  6.7416e-02	  6.7416e-02	  1.5833e+00	  2.1784e+01	  2.0829e-01	  1.0106e+00	  1.0037e+00	  1.0002e+00	  2.5880e-02	  4.3922e-02	  3.7501e-02	  3.8095e-03	  2.4571e-04	  7.6434e-03	  3.7683e-03	  1.3963e-05	  1.5520e-02	  3.2945e-03	  2.1418e-04	  3.7207e-03	  0.0000e+00	  1.9986e-03	
  2.2000e+01	  6.6003e+00	  1.7311e-11	  5.9381e-04	  2.0895e-03	  1.2906e-03	  3.8866e-03	  6.1503e+03	  1.4652e-01	  3.9396e-01	  6.7174e-01	  9.8191e-01	  2.1638e+00	  1.7244e+01	  1.6766e+00	  1.9444e-02	  8.7238e-01	  6.8219e-02	  6.8219e-02	  1.6444e+00	  2.1699e+01	  2.1255e-01	  1.0106e+00	  1.0040e+00	  1.0002e+00	  2.5880e-02	  4.7890e-02	  4.1777e-02	  3.9955e-03	  2.5293e-04	  7.8902e-03	  3.8954e-03	  1.3103e-05	  1.6078e-02	  3.3774e-03	  2.1718e-04	  3.8866e-03	  0.0000e+00	  1.9988e-03	
  2.3000e+01	  6.6086e+00	  1.6672e-11	  6.4470e-04	  2.2929e-03	  1.3253e-03	  4.0546e-03	  6.3388e+03	  1.4379e-01	  3.8685e-01	  6.6526e-01	  9.8095e-01	  2.0782e+00	  1.7290e+01	  1.6730e+00	  1.8975e-02	  8.7458e-01	  6.9024e-02	  6.9024e-02	  1.7059e+00	  2.1612e+01	  2.1660e-01	  1.0106e+00	  1.0043e+00	  1.0002e+00	  2.5880e-02	  5.1987e-02	  4.6146e-02	  4.1817e-03	  2.6010e-04	  8.1331e-03	  4.0206e-03	  1.2331e-05	  1.6628e-02	  3.4569e-03	  2.2007e-04	  4.0546e-03	  0.0000e+00	  1.9989e-03	
  2.4000e+01	  6.6167e+00	  1.6080e-11	  6.9719e-04	  2.4988e-03	  1.3598e-03	  4.2246e-03	  6.5243e+03	  1.4122e-01	  3.8010e-01	  6.5901e-01	  9.7998e-01	  1.9951e+00	  1.7335e+01	  1.6694e+00	  1.8520e-02	  8.7633e-01	  6.9830e-02	  6.9830e-02	  1.7679e+00	  2.1521e+01	  2.2045e-01	  1.0106e+00	  1.0047e+00	  1.0003e+00	  2.5880e-02	  5.6206e-02	  5.0604e-02	  4.3679e-03	  2.6722e-04	  8.3723e-03	  4.1441e-03	  1.1635e-05	  1.7171e-02	  3.5331e-03	  2.2287e-04	  4.2246e-03	  0.0000e+00	  1.9990e-03	
  2.5000e+01	  6.6244e+00	  1.5532e-11	  7.5117e-04	  2.7071e-03	  1.3942e-03	  4.3965e-03	  6.7072e+03	  1.3879e-01	  3.7367e-01	  6.5297e-01	  9.7901e-01	  1.9145e+00	  1.7379e+01	  1.6658e+00	  1.8078e-02	  8.7762e-01	  7.0637e-02	  7.0637e-02	  1.8301e+00	  2.1427e+01	  2.2412e-01	  1.0106e+00	  1.0050e+00	  1.0003e+00	  2.5881e-02	  6.0542e-02	  5.5143e-02	  4.5541e-03	  2.7428e-04	  8.6079e-03	  4.2658e-03	  1.1007e-05	  1.7707e-02	  3.6062e-03	  2.2558e-04	  4.3965e-03	  0.0000e+00	  1.9991e-03	
  2.6000e+01	  6.6319e+00	  1.5022e-11	  8.0655e-04	  2.9175e-03	  1.4284e-03	  4.5701e-03	  6.8874e+03	  1.3649e-01	  3.6755e-01	  6.4713e-01	  9.7803e-01	  1.8365e+00	  1.7422e+01	  1.6622e+00	  1.7649e-02	  8.7846e-01	  7.1444e-02	  7.1444e-02	  1.8927e+00	  2.1331e+01	  2.2759e-01	  1.0106e+00	  1.0054e+00	  1.0003e+00	  2.5881e-02	  6.4986e-02	  5.9759e-02	  4.7402e-03	  2.8130e-04	  8.8401e-03	  4.3859e-03	  1.0437e-05	  1.8236e-02	  3.6763e-03	  2.2820e-04	  4.5701e-03	  0.0000e+00	  1.9991e-03	
  2.7000e+01	  6.6391e+00	  1.4546e-11	  8.6325e-04	  3.1300e-03	  1.4624e-03	  4.7452e-03	  7.0650e+03	  1.3432e-01	  3.6170e-01	  6.4148e-01	  9.7706e-01	  1.7609e+00	  1.7463e+01	  1.6587e+00	  1.7232e-02	  8.7887e-01	  7.2251e-02	  7.2251e-02	  1.9556e+00	  2.1232e+01	  2.3089e-01	  1.0106e+00	  1.0057e+00	  1.0003e+00	  2.5881e-02	  6.9533e-02	  6.4446e-02	  4.9261e-03	  2.8827e-04	  9.0689e-03	  4.5045e-03	  9.9210e-06	  1.8759e-02	  3.7436e-03	  2.3075e-04	  4.7452e-03	  0.0000e+00	  1.9992e-03	
  2.8000e+01	  6.6460e+00	  1.4102e-11	  9.2118e-04	  3.3442e-03	  1.4963e-03	  4.9217e-03	  7.2402e+03	  1.3225e-01	  3.5612e-01	  6.3600e-01	  9.7607e-01	  1.6879e+00	  1.7503e+01	  1.6551e+00	  1.6827e-02	  8.7886e-01	  7.3057e-02	  7.3057e-02	  2.0186e+00	  2.1130e+01	  2.3402e-01	  1.0106e+00	  1.0061e+00	  1.0004e+00	  2.5882e-02	  7.4175e-02	  6.9197e-02	  5.1118e-03	  2.9518e-04	  9.2945e-03	  4.6214e-03	  9.4513e-06	  1.9275e-02	  3.8081e-03	  2.3322e-04	  4.9217e-03	  0.0000e+00	  1.9992e-03	
  2.9000e+01	  6.6526e+00	  1.3686e-11	  9.8024e-04	  3.5600e-03	  1.5301e-03	  5.0995e-03	  7.4130e+03	  1.3029e-01	  3.5079e-01	  6.3070e-01	  9.7509e-01	  1.6172e+00	  1.7542e+01	  1.6516e+00	  1.6433e-02	  8.7844e-01	  7.3862e-02	  7.3862e-02	  2.0818e+00	  2.1025e+01	  2.3699e-01	  1.0106e+00	  1.0065e+00	  1.0004e+00	  2.5882e-02	  7.8906e-02	  7.4007e-02	  5.2971e-03	  3.0205e-04	  9.5170e-03	  4.7369e-03	  9.0230e-06	  1.9785e-02	  3.8701e-03	  2.3563e-04	  5.0995e-03	  0.0000e+00	  1.9993e-03	
  3.0000e+01	  6.6590e+00	  1.3296e-11	  1.0404e-03	  3.7772e-03	  1.5637e-03	  5.2783e-03	  7.5834e+03	  1.2842e-01	  3.4568e-01	  6.2556e-01	  9.7411e-01	  1.5489e+00	  1.7579e+01	  1.6481e+00	  1.6051e-02	  8.7761e-01	  7.4666e-02	  7.4666e-02	  2.1451e+00	  2.0918e+01	  2.3980e-01	  1.0106e+00	  1.0069e+00	  1.0004e+00	  2.5882e-02	  8.3720e-02	  7.8871e-02	  5.4821e-03	  3.0888e-04	  9.7364e-03	  4.8509e-03	  8.6316e-06	  2.0289e-02	  3.9297e-03	  2.3796e-04	  5.2783e-03	  0.0000e+00	  1.9993e-03	
  3.1000e+01	  6.6651e+00	  1.2929e-11	  1.1014e-03	  3.9956e-03	  1.5972e-03	  5.4580e-03	  7.7516e+03	  1.2664e-01	  3.4078e-01	  6.2057e-01	  9.7312e-01	  1.4830e+00	  1.7616e+01	  1.6445e+00	  1.5679e-02	  8.7639e-01	  7.5468e-02	  7.5468e-02	  2.2084e+00	  2.0808e+01	  2.4245e-01	  1.0106e+00	  1.0073e+00	  1.0004e+00	  2.5882e-02	  8.8609e-02	  8.3784e-02	  5.6667e-03	  3.1565e-04	  9.9528e-03	  4.9635e-03	  8.2732e-06	  2.0787e-02	  3.9870e-03	  2.4024e-04	  5.4580e-03	  0.0000e+00	  1.9993e-03	
  3.2000e+01	  6.6709e+00	  1.2584e-11	  1.1634e-03	  4.2150e-03	  1.6306e-03	  5.6386e-03	  7.9176e+03	  1.2494e-01	  3.3608e-01	  6.1572e-01	  9.7213e-01	  1.4195e+00	  1.7651e+01	  1.6410e+00	  1.5317e-02	  8.7480e-01	  7.6268e-02	  7.6268e-02	  2.2718e+00	  2.0696e+01	  2.4497e-01	  1.0106e+00	  1.0077e+00	  1.0004e+00	  2.5882e-02	  9.3567e-02	  8.8739e-02	  5.8508e-03	  3.2238e-04	  1.0166e-02	  5.0747e-03	  7.9443e-06	  2.1279e-02	  4.0421e-03	  2.4246e-04	  5.6386e-03	  0.0000e+00	  1.9993e-03	
  3.3000e+01	  6.6644e+00	  1.2259e-11	  1.2248e-03	  4.4352e-03	  1.6804e-03	  5.7574e-03	  8.0717e+03	  1.2341e-01	  3.3184e-01	  6.1130e-01	  9.7120e-01	  1.3582e+00	  1.7685e+01	  1.6376e+00	  1.4967e-02	  8.7284e-01	  7.7065e-02	  7.7065e-02	  2.3351e+00	  2.0580e+01	  2.4734e-01	  1.0106e+00	  1.0081e+00	  1.0005e+00	  2.5883e-02	  9.8589e-02	  9.3732e-02	  6.0302e-03	  3.2883e-04	  1.0357e-02	  5.1748e-03	  8.0398e-06	  2.1772e-02	  4.0966e-03	  2.4442e-04	  5.7574e-03	  0.0000e+00	  1.9993e-03	
  3.4000e+01	  6.6547e+00	  1.1952e-11	  1.2865e-03	  4.6559e-03	  1.7354e-03	  5.8592e-03	  8.2208e+03	  1.2198e-01	  3.2783e-01	  6.0708e-01	  9.7030e-01	  1.2991e+00	  1.7718e+01	  1.6341e+00	  1.4627e-02	  8.7052e-01	  7.7859e-02	  7.7859e-02	  2.3983e+00	  2.0463e+01	  2.4958e-01	  1.0106e+00	  1.0085e+00	  1.0005e+00	  2.5883e-02	  1.0367e-01	  9.8757e-02	  6.2077e-03	  3.3515e-04	  1.0538e-02	  5.2707e-03	  8.2523e-06	  2.2261e-02	  4.1495e-03	  2.4628e-04	  5.8592e-03	  0.0000e+00	  1.9993e-03	
  3.5000e+01	  6.6453e+00	  1.1663e-11	  1.3488e-03	  4.8770e-03	  1.7912e-03	  5.9616e-03	  8.3677e+03	  1.2060e-01	  3.2398e-01	  6.0298e-01	  9.6939e-01	  1.2422e+00	  1.7749e+01	  1.6306e+00	  1.4296e-02	  8.6786e-01	  7.8650e-02	  7.8650e-02	  2.4614e+00	  2.0342e+01	  2.5169e-01	  1.0106e+00	  1.0089e+00	  1.0005e+00	  2.5883e-02	  1.0881e-01	  1.0381e-01	  6.3845e-03	  3.4143e-04	  1.0717e-02	  5.3651e-03	  8.4672e-06	  2.2745e-02	  4.2004e-03	  2.4808e-04	  5.9616e-03	  0.0000e+00	  1.9993e-03	
  3.6000e+01	  6.6360e+00	  1.1388e-11	  1.4117e-03	  5.0984e-03	  1.8475e-03	  6.0644e-03	  8.5124e+03	  1.1928e-01	  3.2027e-01	  5.9900e-01	  9.6849e-01	  1.1875e+00	  1.7780e+01	  1.6272e+00	  1.3976e-02	  8.6488e-01	  7.9437e-02	  7.9437e-02	  2.5244e+00	  2.0219e+01	  2.5368e-01	  1.0106e+00	  1.0093e+00	  1.0005e+00	  2.5883e-02	  1.1399e-01	  1.0889e-01	  6.5605e-03	  3.4766e-04	  1.0892e-02	  5.4580e-03	  8.6842e-06	  2.3223e-02	  4.2495e-03	  2.4985e-04	  6.0644e-03	  0.0000e+00	  1.9993e-03	
  3.7000e+01	  6.6270e+00	  1.1129e-11	  1.4751e-03	  5.3198e-03	  1.9045e-03	  6.1675e-03	  8.6550e+03	  1.1801e-01	  3.1670e-01	  5.9512e-01	  9.6759e-01	  1.1349e+00	  1.7809e+01	  1.6237e+00	  1.3665e-02	  8.6157e-01	  8.0221e-02	  8.0221e-02	  2.5873e+00	  2.0094e+01	  2.5555e-01	  1.0106e+00	  1.0097e+00	  1.0006e+00	  2.5884e-02	  1.1922e-01	  1.1398e-01	  6.7357e-03	  3.5385e-04	  1.1065e-02	  5.5496e-03	  8.9033e-06	  2.3696e-02	  4.2967e-03	  2.5156e-04	  6.1675e-03	  0.0000e+00	  1.9993e-03	
  3.8000e+01	  6.6182e+00	  1.0882e-11	  1.5389e-03	  5.5412e-03	  1.9619e-03	  6.2709e-03	  8.7956e+03	  1.1679e-01	  3.1326e-01	  5.9136e-01	  9.6669e-01	  1.0843e+00	  1.7838e+01	  1.6203e+00	  1.3363e-02	  8.5797e-01	  8.1000e-02	  8.1000e-02	  2.6499e+00	  1.9966e+01	  2.5731e-01	  1.0106e+00	  1.0101e+00	  1.0006e+00	  2.5884e-02	  1.2448e-01	  1.1910e-01	  6.9100e-03	  3.5998e-04	  1.1235e-02	  5.6398e-03	  9.1241e-06	  2.4163e-02	  4.3423e-03	  2.5324e-04	  6.2709e-03	  0.0000e+00	  1.9993e-03	
  3.9000e+01	  6.6096e+00	  1.0648e-11	  1.6031e-03	  5.7623e-03	  2.0198e-03	  6.3744e-03	  8.9342e+03	  1.1562e-01	  3.0994e-01	  5.8770e-01	  9.6580e-01	  1.0358e+00	  1.7865e+01	  1.6169e+00	  1.3070e-02	  8.5407e-01	  8.1775e-02	  8.1775e-02	  2.7122e+00	  1.9836e+01	  2.5897e-01	  1.0106e+00	  1.0106e+00	  1.0006e+00	  2.5884e-02	  1.2977e-01	  1.2422e-01	  7.0836e-03	  3.6607e-04	  1.1402e-02	  5.7286e-03	  9.3464e-06	  2.4626e-02	  4.3863e-03	  2.5488e-04	  6.3744e-03	  0.0000e+00	  1.9993e-03	
  4.0000e+01	  6.6012e+00	  1.0426e-11	  1.6675e-03	  5.9831e-03	  2.0782e-03	  6.4780e-03	  9.0708e+03	  1.1449e-01	  3.0673e-01	  5.8413e-01	  9.6491e-01	  9.8918e-01	  1.7892e+01	  1.6135e+00	  1.2786e-02	  8.4990e-01	  8.2544e-02	  8.2544e-02	  2.7743e+00	  1.9704e+01	  2.6052e-01	  1.0106e+00	  1.0110e+00	  1.0006e+00	  2.5884e-02	  1.3509e-01	  1.2934e-01	  7.2562e-03	  3.7211e-04	  1.1566e-02	  5.8162e-03	  9.5702e-06	  2.5083e-02	  4.4288e-03	  2.5647e-04	  6.4780e-03	  0.0000e+00	  1.9993e-03	
  4.1000e+01	  6.5931e+00	  1.0214e-11	  1.7322e-03	  6.2035e-03	  2.1369e-03	  6.5816e-03	  9.2055e+03	  1.1341e-01	  3.0364e-01	  5.8066e-01	  9.6403e-01	  9.4448e-01	  1.7917e+01	  1.6101e+00	  1.2511e-02	  8.4545e-01	  8.3309e-02	  8.3309e-02	  2.8361e+00	  1.9569e+01	  2.6198e-01	  1.0106e+00	  1.0114e+00	  1.0007e+00	  2.5884e-02	  1.4043e-01	  1.3447e-01	  7.4280e-03	  3.7811e-04	  1.1728e-02	  5.9025e-03	  9.7951e-06	  2.5535e-02	  4.4699e-03	  2.5803e-04	  6.5816e-03	  0.0000e+00	  1.9993e-03	
  4.2000e+01	  6.5851e+00	  1.0013e-11	  1.7971e-03	  6.4232e-03	  2.1959e-03	  6.6851e-03	  9.3383e+03	  1.1236e-01	  3.0065e-01	  5.7728e-01	  9.6315e-01	  9.0163e-01	  1.7942e+01	  1.6067e+00	  1.2245e-02	  8.4076e-01	  8.4069e-02	  8.4069e-02	  2.8975e+00	  1.9431e+01	  2.6335e-01	  1.0106e+00	  1.0119e+00	  1.0007e+00	  2.5884e-02	  1.4579e-01	  1.3960e-01	  7.5988e-03	  3.8406e-04	  1.1887e-02	  5.9876e-03	  1.0021e-05	  2.5982e-02	  4.5096e-03	  2.5955e-04	  6.6851e-03	  0.0000e+00	  1.9993e-03	
  4.3000e+01	  6.5773e+00	  9.8205e-12	  1.8621e-03	  6.6422e-03	  2.2552e-03	  6.7884e-03	  9.4693e+03	  1.1135e-01	  2.9776e-01	  5.7398e-01	  9.6227e-01	  8.6058e-01	  1.7965e+01	  1.6033e+00	  1.1987e-02	  8.3583e-01	  8.4823e-02	  8.4823e-02	  2.9586e+00	  1.9292e+01	  2.6463e-01	  1.0106e+00	  1.0123e+00	  1.0007e+00	  2.5885e-02	  1.5116e-01	  1.4473e-01	  7.7687e-03	  3.8997e-04	  1.2043e-02	  6.0715e-03	  1.0248e-05	  2.6424e-02	  4.5481e-03	  2.6104e-04	  6.7884e-03	  0.0000e+00	  1.9993e-03	
  4.4000e+01	  6.5697e+00	  9.6371e-12	  1.9272e-03	  6.8604e-03	  2.3147e-03	  6.8916e-03	  9.5985e+03	  1.1038e-01	  2.9496e-01	  5.7077e-01	  9.6140e-01	  8.2127e-01	  1.7988e+01	  1.6000e+00	  1.1738e-02	  8.3067e-01	  8.5571e-02	  8.5571e-02	  3.0193e+00	  1.9150e+01	  2.6583e-01	  1.0106e+00	  1.0128e+00	  1.0007e+00	  2.5885e-02	  1.5654e-01	  1.4984e-01	  7.9376e-03	  3.9582e-04	  1.2198e-02	  6.1542e-03	  1.0476e-05	  2.6862e-02	  4.5853e-03	  2.6250e-04	  6.8916e-03	  0.0000e+00	  1.9993e-03	
  4.5000e+01	  6.5623e+00	  9.4619e-12	  1.9923e-03	  7.0776e-03	  2.3745e-03	  6.9944e-03	  9.7260e+03	  1.0943e-01	  2.9225e-01	  5.6763e-01	  9.6053e-01	  7.8366e-01	  1.8010e+01	  1.5966e+00	  1.1497e-02	  8.2529e-01	  8.6313e-02	  8.6313e-02	  3.0795e+00	  1.9006e+01	  2.6695e-01	  1.0106e+00	  1.0132e+00	  1.0007e+00	  2.5885e-02	  1.6193e-01	  1.5495e-01	  8.1056e-03	  4.0164e-04	  1.2349e-02	  6.2358e-03	  1.0704e-05	  2.7295e-02	  4.6215e-03	  2.6392e-04	  6.9944e-03	  0.0000e+00	  1.9993e-03	
  4.6000e+01	  6.5550e+00	  9.2945e-12	  2.0575e-03	  7.2938e-03	  2.4344e-03	  7.0969e-03	  9.8518e+03	  1.0852e-01	  2.8962e-01	  5.6458e-01	  9.5967e-01	  7.4769e-01	  1.8031e+01	  1.5933e+00	  1.1264e-02	  8.1971e-01	  8.7049e-02	  8.7049e-02	  3.1394e+00	  1.8860e+01	  2.6800e-01	  1.0106e+00	  1.0136e+00	  1.0008e+00	  2.5885e-02	  1.6731e-01	  1.6004e-01	  8.2726e-03	  4.0741e-04	  1.2499e-02	  6.3163e-03	  1.0932e-05	  2.7723e-02	  4.6566e-03	  2.6532e-04	  7.0969e-03	  0.0000e+00	  1.9993e-03	
  4.7000e+01	  6.5480e+00	  9.1344e-12	  2.1225e-03	  7.5089e-03	  2.4944e-03	  7.1989e-03	  9.9759e+03	  1.0764e-01	  2.8708e-01	  5.6159e-01	  9.5881e-01	  7.1330e-01	  1.8051e+01	  1.5900e+00	  1.1039e-02	  8.1394e-01	  8.7778e-02	  8.7778e-02	  3.1988e+00	  1.8712e+01	  2.6899e-01	  1.0106e+00	  1.0141e+00	  1.0008e+00	  2.5885e-02	  1.7269e-01	  1.6512e-01	  8.4386e-03	  4.1313e-04	  1.2646e-02	  6.3957e-03	  1.1161e-05	  2.8146e-02	  4.6906e-03	  2.6668e-04	  7.1989e-03	  0.0000e+00	  1.9993e-03	
  4.8000e+01	  6.5411e+00	  8.9811e-12	  2.1875e-03	  7.7227e-03	  2.5545e-03	  7.3006e-03	  1.0098e+04	  1.0679e-01	  2.8461e-01	  5.5868e-01	  9.5796e-01	  6.8046e-01	  1.8070e+01	  1.5867e+00	  1.0822e-02	  8.0799e-01	  8.8501e-02	  8.8501e-02	  3.2577e+00	  1.8562e+01	  2.6990e-01	  1.0106e+00	  1.0145e+00	  1.0008e+00	  2.5885e-02	  1.7807e-01	  1.7017e-01	  8.6036e-03	  4.1881e-04	  1.2791e-02	  6.4740e-03	  1.1390e-05	  2.8565e-02	  4.7238e-03	  2.6802e-04	  7.3006e-03	  0.0000e+00	  1.9993e-03	
  4.9000e+01	  6.5343e+00	  8.8343e-12	  2.2524e-03	  7.9353e-03	  2.6146e-03	  7.4017e-03	  1.0219e+04	  1.0597e-01	  2.8222e-01	  5.5584e-01	  9.5712e-01	  6.4909e-01	  1.8089e+01	  1.5833e+00	  1.0612e-02	  8.0188e-01	  8.9217e-02	  8.9217e-02	  3.3162e+00	  1.8409e+01	  2.7076e-01	  1.0106e+00	  1.0149e+00	  1.0008e+00	  2.5886e-02	  1.8343e-01	  1.7521e-01	  8.7676e-03	  4.2445e-04	  1.2934e-02	  6.5514e-03	  1.1619e-05	  2.8980e-02	  4.7560e-03	  2.6932e-04	  7.4017e-03	  0.0000e+00	  1.9993e-03	
  5.0000e+01	  6.5277e+00	  8.6936e-12	  2.3171e-03	  8.1464e-03	  2.6748e-03	  7.5024e-03	  1.0339e+04	  1.0517e-01	  2.7990e-01	  5.5306e-01	  9.5628e-01	  6.1915e-01	  1.8106e+01	  1.5800e+00	  1.0410e-02	  7.9561e-01	  8.9926e-02	  8.9926e-02	  3.3742e+00	  1.8255e+01	  2.7156e-01	  1.0106e+00	  1.0154e+00	  1.0009e+00	  2.5886e-02	  1.8879e-01	  1.8022e-01	  8.9306e-03	  4.3004e-04	  1.3075e-02	  6.6277e-03	  1.1848e-05	  2.9390e-02	  4.7874e-03	  2.7061e-04	  7.5024e-03	  0.0000e+00	  1.9993e-03	
  5.1000e+01	  6.5213e+00	  8.5586e-12	  2.3815e-03	  8.3561e-03	  2.7349e-03	  7.6024e-03	  1.0456e+04	  1.0439e-01	  2.7764e-01	  5.5035e-01	  9.5544e-01	  5.9060e-01	  1.8123e+01	  1.5768e+00	  1.0216e-02	  7.8920e-01	  9.0628e-02	  9.0628e-02	  3.4316e+00	  1.8098e+01	  2.7230e-01	  1.0106e+00	  1.0158e+00	  1.0009e+00	  2.5886e-02	  1.9412e-01	  1.8520e-01	  9.0926e-03	  4.3559e-04	  1.3213e-02	  6.7030e-03	  1.2077e-05	  2.9796e-02	  4.8180e-03	  2.7186e-04	  7.6024e-03	  0.0000e+00	  1.9993e-03	
  5.2000e+01	  6.5150e+00	  8.4290e-12	  2.4458e-03	  8.5642e-03	  2.7950e-03	  7.7019e-03	  1.0573e+04	  1.0364e-01	  2.7545e-01	  5.4770e-01	  9.5461e-01	  5.6337e-01	  1.8140e+01	  1.5735e+00	  1.0029e-02	  7.8265e-01	  9.1323e-02	  9.1323e-02	  3.4886e+00	  1.7940e+01	  2.7300e-01	  1.0106e+00	  1.0163e+00	  1.0009e+00	  2.5886e-02	  1.9944e-01	  1.9016e-01	  9.2535e-03	  4.4109e-04	  1.3350e-02	  6.7774e-03	  1.2305e-05	  3.0197e-02	  4.8479e-03	  2.7309e-04	  7.7019e-03	  0.0000e+00	  1.9993e-03	
  5.3000e+01	  6.5089e+00	  8.3046e-12	  2.5098e-03	  8.7708e-03	  2.8550e-03	  7.8007e-03	  1.0687e+04	  1.0291e-01	  2.7332e-01	  5.4511e-01	  9.5378e-01	  5.3742e-01	  1.8155e+01	  1.5702e+00	  9.8486e-03	  7.7598e-01	  9.2011e-02	  9.2011e-02	  3.5450e+00	  1.7779e+01	  2.7365e-01	  1.0106e+00	  1.0167e+00	  1.0009e+00	  2.5886e-02	  2.0474e-01	  1.9509e-01	  9.4133e-03	  4.4655e-04	  1.3485e-02	  6.8508e-03	  1.2533e-05	  3.0594e-02	  4.8770e-03	  2.7430e-04	  7.8007e-03	  0.0000e+00	  1.9993e-03	
  5.4000e+01	  6.5029e+00	  8.1850e-12	  2.5735e-03	  8.9757e-03	  2.9149e-03	  7.8989e-03	  1.0801e+04	  1.0220e-01	  2.7125e-01	  5.4257e-01	  9.5296e-01	  5.1270e-01	  1.8170e+01	  1.5669e+00	  9.6757e-03	  7.6920e-01	  9.2691e-02	  9.2691e-02	  3.6009e+00	  1.7617e+01	  2.7425e-01	  1.0106e+00	  1.0171e+00	  1.0009e+00	  2.5886e-02	  2.1001e-01	  1.9998e-01	  9.5722e-03	  4.5197e-04	  1.3617e-02	  6.9233e-03	  1.2761e-05	  3.0987e-02	  4.9055e-03	  2.7548e-04	  7.8989e-03	  0.0000e+00	  1.9993e-03	
  5.5000e+01	  6.4971e+00	  8.0700e-12	  2.6369e-03	  9.1790e-03	  2.9747e-03	  7.9964e-03	  1.0913e+04	  1.0151e-01	  2.6924e-01	  5.4009e-01	  9.5215e-01	  4.8916e-01	  1.8185e+01	  1.5637e+00	  9.5095e-03	  7.6233e-01	  9.3364e-02	  9.3364e-02	  3.6563e+00	  1.7453e+01	  2.7481e-01	  1.0106e+00	  1.0175e+00	  1.0010e+00	  2.5886e-02	  2.1526e-01	  2.0484e-01	  9.7299e-03	  4.5735e-04	  1.3748e-02	  6.9950e-03	  1.2988e-05	  3.1376e-02	  4.9334e-03	  2.7665e-04	  7.9964e-03	  0.0000e+00	  1.9992e-03	
  5.6000e+01	  6.4914e+00	  7.9594e-12	  2.6999e-03	  9.3805e-03	  3.0344e-03	  8.0931e-03	  1.1023e+04	  1.0084e-01	  2.6728e-01	  5.3767e-01	  9.5134e-01	  4.6675e-01	  1.8198e+01	  1.5604e+00	  9.3502e-03	  7.5536e-01	  9.4029e-02	  9.4029e-02	  3.7112e+00	  1.7287e+01	  2.7533e-01	  1.0106e+00	  1.0180e+00	  1.0010e+00	  2.5887e-02	  2.2048e-01	  2.0967e-01	  9.8866e-03	  4.6268e-04	  1.3877e-02	  7.0657e-03	  1.3214e-05	  3.1761e-02	  4.9607e-03	  2.7779e-04	  8.0931e-03	  0.0000e+00	  1.9992e-03	
  5.7000e+01	  6.4858e+00	  7.8530e-12	  2.7626e-03	  9.5802e-03	  3.0938e-03	  8.1892e-03	  1.1132e+04	  1.0019e-01	  2.6538e-01	  5.3530e-01	  9.5053e-01	  4.4543e-01	  1.8212e+01	  1.5572e+00	  9.1976e-03	  7.4831e-01	  9.4686e-02	  9.4686e-02	  3.7655e+00	  1.7118e+01	  2.7582e-01	  1.0106e+00	  1.0184e+00	  1.0010e+00	  2.5887e-02	  2.2568e-01	  2.1446e-01	  1.0042e-02	  4.6797e-04	  1.4004e-02	  7.1356e-03	  1.3439e-05	  3.2142e-02	  4.9875e-03	  2.7891e-04	  8.1892e-03	  0.0000e+00	  1.9992e-03	
  5.8000e+01	  6.4803e+00	  7.7504e-12	  2.8250e-03	  9.7781e-03	  3.1531e-03	  8.2844e-03	  1.1240e+04	  9.9563e-02	  2.6352e-01	  5.3297e-01	  9.4973e-01	  4.2515e-01	  1.8224e+01	  1.5540e+00	  9.0509e-03	  7.4118e-01	  9.5336e-02	  9.5336e-02	  3.8192e+00	  1.6949e+01	  2.7627e-01	  1.0106e+00	  1.0188e+00	  1.0010e+00	  2.5887e-02	  2.3084e-01	  2.1921e-01	  1.0197e-02	  4.7322e-04	  1.4130e-02	  7.2046e-03	  1.3664e-05	  3.2518e-02	  5.0137e-03	  2.8001e-04	  8.2844e-03	  0.0000e+00	  1.9992e-03	
  5.9000e+01	  6.4750e+00	  7.6517e-12	  2.8869e-03	  9.9741e-03	  3.2122e-03	  8.3790e-03	  1.1347e+04	  9.8948e-02	  2.6171e-01	  5.3070e-01	  9.4894e-01	  4.0587e-01	  1.8236e+01	  1.5508e+00	  8.9108e-03	  7.3400e-01	  9.5978e-02	  9.5978e-02	  3.8724e+00	  1.6777e+01	  2.7669e-01	  1.0106e+00	  1.0192e+00	  1.0011e+00	  2.5887e-02	  2.3597e-01	  2.2393e-01	  1.0350e-02	  4.7843e-04	  1.4253e-02	  7.2729e-03	  1.3888e-05	  3.2891e-02	  5.0394e-03	  2.8108e-04	  8.3790e-03	  0.0000e+00	  1.9992e-03	
  6.0000e+01	  6.4698e+00	  7.5564e-12	  2.9484e-03	  1.0168e-02	  3.2710e-03	  8.4727e-03	  1.1452e+04	  9.8349e-02	  2.5995e-01	  5.2847e-01	  9.4815e-01	  3.8755e-01	  1.8248e+01	  1.5475e+00	  8.7768e-03	  7.2676e-01	  9.6612e-02	  9.6612e-02	  3.9250e+00	  1.6603e+01	  2.7709e-01	  1.0106e+00	  1.0197e+00	  1.0011e+00	  2.5887e-02	  2.4106e-01	  2.2860e-01	  1.0503e-02	  4.8360e-04	  1.4375e-02	  7.3403e-03	  1.4110e-05	  3.3260e-02	  5.0647e-03	  2.8214e-04	  8.4727e-03	  0.0000e+00	  1.9992e-03	
  6.1000e+01	  6.4646e+00	  7.4646e-12	  3.0095e-03	  1.0360e-02	  3.3296e-03	  8.5656e-03	  1.1556e+04	  9.7766e-02	  2.5823e-01	  5.2629e-01	  9.4737e-01	  3.7013e-01	  1.8259e+01	  1.5443e+00	  8.6488e-03	  7.1947e-01	  9.7238e-02	  9.7238e-02	  3.9771e+00	  1.6428e+01	  2.7746e-01	  1.0106e+00	  1.0201e+00	  1.0011e+00	  2.5887e-02	  2.4612e-01	  2.3323e-01	  1.0654e-02	  4.8872e-04	  1.4495e-02	  7.4069e-03	  1.4332e-05	  3.3625e-02	  5.0896e-03	  2.8319e-04	  8.5656e-03	  0.0000e+00	  1.9992e-03	
  6.2000e+01	  6.4597e+00	  7.3760e-12	  3.0701e-03	  1.0551e-02	  3.3879e-03	  8.6578e-03	  1.1658e+04	  9.7199e-02	  2.5656e-01	  5.2416e-01	  9.4659e-01	  3.5359e-01	  1.8269e+01	  1.5412e+00	  8.5266e-03	  7.1215e-01	  9.7857e-02	  9.7857e-02	  4.0287e+00	  1.6251e+01	  2.7780e-01	  1.0106e+00	  1.0205e+00	  1.0011e+00	  2.5887e-02	  2.5115e-01	  2.3783e-01	  1.0804e-02	  4.9381e-04	  1.4614e-02	  7.4727e-03	  1.4553e-05	  3.3986e-02	  5.1140e-03	  2.8421e-04	  8.6578e-03	  0.0000e+00	  1.9992e-03	
  6.3000e+01	  6.4548e+00	  7.2905e-12	  3.1303e-03	  1.0739e-02	  3.4459e-03	  8.7491e-03	  1.1760e+04	  9.6645e-02	  2.5493e-01	  5.2206e-01	  9.4582e-01	  3.3788e-01	  1.8279e+01	  1.5380e+00	  8.4101e-03	  7.0479e-01	  9.8467e-02	  9.8467e-02	  4.0797e+00	  1.6072e+01	  2.7812e-01	  1.0106e+00	  1.0209e+00	  1.0011e+00	  2.5887e-02	  2.5613e-01	  2.4238e-01	  1.0954e-02	  4.9885e-04	  1.4731e-02	  7.5378e-03	  1.4772e-05	  3.4343e-02	  5.1381e-03	  2.8521e-04	  8.7491e-03	  0.0000e+00	  1.9992e-03	
  6.4000e+01	  6.4500e+00	  7.2079e-12	  3.1900e-03	  1.0925e-02	  3.5036e-03	  8.8396e-03	  1.1860e+04	  9.6106e-02	  2.5333e-01	  5.2001e-01	  9.4505e-01	  3.2297e-01	  1.8289e+01	  1.5348e+00	  8.2992e-03	  6.9742e-01	  9.9069e-02	  9.9069e-02	  4.1301e+00	  1.5892e+01	  2.7842e-01	  1.0106e+00	  1.0213e+00	  1.0012e+00	  2.5888e-02	  2.6108e-01	  2.4689e-01	  1.1102e-02	  5.0385e-04	  1.4847e-02	  7.6022e-03	  1.4991e-05	  3.4697e-02	  5.1618e-03	  2.8620e-04	  8.8396e-03	  0.0000e+00	  1.9992e-03	
  6.5000e+01	  6.4453e+00	  7.1281e-12	  3.2492e-03	  1.1110e-02	  3.5610e-03	  8.9292e-03	  1.1959e+04	  9.5581e-02	  2.5178e-01	  5.1800e-01	  9.4429e-01	  3.0881e-01	  1.8298e+01	  1.5316e+00	  8.1935e-03	  6.9003e-01	  9.9664e-02	  9.9664e-02	  4.1800e+00	  1.5710e+01	  2.7870e-01	  1.0106e+00	  1.0217e+00	  1.0012e+00	  2.5888e-02	  2.6599e-01	  2.5135e-01	  1.1249e-02	  5.0881e-04	  1.4961e-02	  7.6658e-03	  1.5208e-05	  3.5047e-02	  5.1851e-03	  2.8717e-04	  8.9292e-03	  0.0000e+00	  1.9992e-03	
  6.6000e+01	  6.4408e+00	  7.0509e-12	  3.3080e-03	  1.1292e-02	  3.6181e-03	  9.0180e-03	  1.2057e+04	  9.5068e-02	  2.5026e-01	  5.1603e-01	  9.4354e-01	  2.9537e-01	  1.8307e+01	  1.5285e+00	  8.0933e-03	  6.8262e-01	  1.0025e-01	  1.0025e-01	  4.2294e+00	  1.5526e+01	  2.7897e-01	  1.0106e+00	  1.0221e+00	  1.0012e+00	  2.5888e-02	  2.7086e-01	  2.5578e-01	  1.1395e-02	  5.1374e-04	  1.5073e-02	  7.7287e-03	  1.5424e-05	  3.5394e-02	  5.2081e-03	  2.8813e-04	  9.0180e-03	  0.0000e+00	  1.9992e-03	
  6.7000e+01	  6.4363e+00	  6.9764e-12	  3.3662e-03	  1.1472e-02	  3.6749e-03	  9.1060e-03	  1.2154e+04	  9.4568e-02	  2.4878e-01	  5.1410e-01	  9.4279e-01	  2.8262e-01	  1.8315e+01	  1.5253e+00	  7.9982e-03	  6.7522e-01	  1.0083e-01	  1.0083e-01	  4.2782e+00	  1.5341e+01	  2.7922e-01	  1.0106e+00	  1.0225e+00	  1.0012e+00	  2.5888e-02	  2.7569e-01	  2.6016e-01	  1.1540e-02	  5.1862e-04	  1.5184e-02	  7.7909e-03	  1.5638e-05	  3.5736e-02	  5.2308e-03	  2.8907e-04	  9.1060e-03	  0.0000e+00	  1.9992e-03	
  6.8000e+01	  6.4319e+00	  6.9042e-12	  3.4240e-03	  1.1651e-02	  3.7313e-03	  9.1931e-03	  1.2249e+04	  9.4079e-02	  2.4734e-01	  5.1221e-01	  9.4204e-01	  2.7053e-01	  1.8323e+01	  1.5222e+00	  7.9082e-03	  6.6782e-01	  1.0140e-01	  1.0140e-01	  4.3265e+00	  1.5154e+01	  2.7945e-01	  1.0106e+00	  1.0229e+00	  1.0012e+00	  2.5888e-02	  2.8047e-01	  2.6449e-01	  1.1684e-02	  5.2346e-04	  1.5293e-02	  7.8523e-03	  1.5852e-05	  3.6076e-02	  5.2532e-03	  2.8999e-04	  9.1931e-03	  0.0000e+00	  1.9991e-03	
  6.9000e+01	  6.4276e+00	  6.8344e-12	  3.4812e-03	  1.1827e-02	  3.7874e-03	  9.2794e-03	  1.2344e+04	  9.3603e-02	  2.4592e-01	  5.1035e-01	  9.4130e-01	  2.5906e-01	  1.8331e+01	  1.5190e+00	  7.8224e-03	  6.6042e-01	  1.0196e-01	  1.0196e-01	  4.3742e+00	  1.4965e+01	  2.7968e-01	  1.0106e+00	  1.0233e+00	  1.0012e+00	  2.5888e-02	  2.8522e-01	  2.6878e-01	  1.1826e-02	  5.2827e-04	  1.5401e-02	  7.9131e-03	  1.6064e-05	  3.6411e-02	  5.2753e-03	  2.9090e-04	  9.2794e-03	  0.0000e+00	  1.9991e-03	
  7.0000e+01	  6.4234e+00	  6.7669e-12	  3.5380e-03	  1.2001e-02	  3.8431e-03	  9.3649e-03	  1.2437e+04	  9.3137e-02	  2.4454e-01	  5.0852e-01	  9.4057e-01	  2.4817e-01	  1.8338e+01	  1.5159e+00	  7.7416e-03	  6.5304e-01	  1.0252e-01	  1.0252e-01	  4.4214e+00	  1.4775e+01	  2.7989e-01	  1.0106e+00	  1.0237e+00	  1.0013e+00	  2.5888e-02	  2.8992e-01	  2.7303e-01	  1.1968e-02	  5.3303e-04	  1.5508e-02	  7.9733e-03	  1.6274e-05	  3.6744e-02	  5.2972e-03	  2.9180e-04	  9.3649e-03	  0.0000e+00	  1.9991e-03	
  7.1000e+01	  6.4193e+00	  6.7014e-12	  3.5942e-03	  1.2174e-02	  3.8985e-03	  9.4495e-03	  1.2529e+04	  9.2683e-02	  2.4319e-01	  5.0673e-01	  9.3984e-01	  2.3785e-01	  1.8345e+01	  1.5128e+00	  7.6654e-03	  6.4568e-01	  1.0306e-01	  1.0306e-01	  4.4681e+00	  1.4583e+01	  2.8009e-01	  1.0106e+00	  1.0240e+00	  1.0013e+00	  2.5888e-02	  2.9458e-01	  2.7723e-01	  1.2109e-02	  5.3776e-04	  1.5613e-02	  8.0327e-03	  1.6483e-05	  3.7073e-02	  5.3188e-03	  2.9268e-04	  9.4495e-03	  0.0000e+00	  1.9991e-03	
  7.2000e+01	  6.4153e+00	  6.6380e-12	  3.6499e-03	  1.2344e-02	  3.9535e-03	  9.5332e-03	  1.2620e+04	  9.2239e-02	  2.4187e-01	  5.0498e-01	  9.3912e-01	  2.2807e-01	  1.8352e+01	  1.5097e+00	  7.5936e-03	  6.3835e-01	  1.0360e-01	  1.0360e-01	  4.5143e+00	  1.4390e+01	  2.8029e-01	  1.0106e+00	  1.0244e+00	  1.0013e+00	  2.5888e-02	  2.9920e-01	  2.8138e-01	  1.2248e-02	  5.4244e-04	  1.5717e-02	  8.0916e-03	  1.6691e-05	  3.7398e-02	  5.3402e-03	  2.9354e-04	  9.5332e-03	  0.0000e+00	  1.9991e-03	
  7.3000e+01	  6.4113e+00	  6.5766e-12	  3.7051e-03	  1.2512e-02	  4.0081e-03	  9.6161e-03	  1.2711e+04	  9.1805e-02	  2.4058e-01	  5.0325e-01	  9.3841e-01	  2.1879e-01	  1.8358e+01	  1.5066e+00	  7.5260e-03	  6.3104e-01	  1.0413e-01	  1.0413e-01	  4.5600e+00	  1.4195e+01	  2.8048e-01	  1.0106e+00	  1.0248e+00	  1.0013e+00	  2.5888e-02	  3.0377e-01	  2.8550e-01	  1.2387e-02	  5.4709e-04	  1.5820e-02	  8.1497e-03	  1.6897e-05	  3.7720e-02	  5.3613e-03	  2.9440e-04	  9.6161e-03	  0.0000e+00	  1.9991e-03	
  7.4000e+01	  6.4075e+00	  6.5171e-12	  3.7597e-03	  1.2679e-02	  4.0623e-03	  9.6982e-03	  1.2800e+04	  9.1381e-02	  2.3932e-01	  5.0156e-01	  9.3770e-01	  2.0999e-01	  1.8364e+01	  1.5035e+00	  7.4625e-03	  6.2376e-01	  1.0465e-01	  1.0465e-01	  4.6051e+00	  1.3999e+01	  2.8066e-01	  1.0106e+00	  1.0252e+00	  1.0013e+00	  2.5889e-02	  3.0830e-01	  2.8956e-01	  1.2524e-02	  5.5170e-04	  1.5921e-02	  8.2073e-03	  1.7102e-05	  3.8039e-02	  5.3822e-03	  2.9524e-04	  9.6982e-03	  0.0000e+00	  1.9991e-03	
  7.5000e+01	  6.4037e+00	  6.4593e-12	  3.8138e-03	  1.2843e-02	  4.1161e-03	  9.7794e-03	  1.2888e+04	  9.0966e-02	  2.3809e-01	  4.9990e-01	  9.3699e-01	  2.0164e-01	  1.8370e+01	  1.5004e+00	  7.4031e-03	  6.1652e-01	  1.0517e-01	  1.0517e-01	  4.6497e+00	  1.3801e+01	  2.8084e-01	  1.0106e+00	  1.0255e+00	  1.0014e+00	  2.5889e-02	  3.1279e-01	  2.9358e-01	  1.2661e-02	  5.5628e-04	  1.6021e-02	  8.2642e-03	  1.7305e-05	  3.8355e-02	  5.4029e-03	  2.9606e-04	  9.7794e-03	  0.0000e+00	  1.9991e-03	
  7.6000e+01	  6.4000e+00	  6.4033e-12	  3.8675e-03	  1.3005e-02	  4.1696e-03	  9.8598e-03	  1.2975e+04	  9.0560e-02	  2.3688e-01	  4.9827e-01	  9.3629e-01	  1.9373e-01	  1.8376e+01	  1.4973e+00	  7.3474e-03	  6.0933e-01	  1.0568e-01	  1.0568e-01	  4.6939e+00	  1.3602e+01	  2.8101e-01	  1.0106e+00	  1.0259e+00	  1.0014e+00	  2.5889e-02	  3.1723e-01	  2.9756e-01	  1.2796e-02	  5.6081e-04	  1.6120e-02	  8.3205e-03	  1.7507e-05	  3.8667e-02	  5.4233e-03	  2.9688e-04	  9.8598e-03	  0.0000e+00	  1.9991e-03	
  7.7000e+01	  6.3964e+00	  6.3490e-12	  3.9205e-03	  1.3166e-02	  4.2226e-03	  9.9394e-03	  1.3061e+04	  9.0164e-02	  2.3570e-01	  4.9667e-01	  9.3560e-01	  1.8622e-01	  1.8381e+01	  1.4942e+00	  7.2953e-03	  6.0217e-01	  1.0618e-01	  1.0618e-01	  4.7375e+00	  1.3401e+01	  2.8118e-01	  1.0106e+00	  1.0263e+00	  1.0014e+00	  2.5889e-02	  3.2163e-01	  3.0150e-01	  1.2930e-02	  5.6531e-04	  1.6217e-02	  8.3763e-03	  1.7707e-05	  3.8976e-02	  5.4436e-03	  2.9768e-04	  9.9394e-03	  0.0000e+00	  1.9991e-03	
  7.8000e+01	  6.3928e+00	  6.2962e-12	  3.9731e-03	  1.3324e-02	  4.2752e-03	  1.0018e-02	  1.3146e+04	  8.9776e-02	  2.3454e-01	  4.9510e-01	  9.3491e-01	  1.7911e-01	  1.8386e+01	  1.4911e+00	  7.2472e-03	  5.9506e-01	  1.0667e-01	  1.0667e-01	  4.7807e+00	  1.3199e+01	  2.8135e-01	  1.0106e+00	  1.0266e+00	  1.0014e+00	  2.5889e-02	  3.2598e-01	  3.0539e-01	  1.3064e-02	  5.6977e-04	  1.6313e-02	  8.4314e-03	  1.7906e-05	  3.9282e-02	  5.4637e-03	  2.9847e-04	  1.0018e-02	  0.0000e+00	  1.9991e-03	
  7.9000e+01	  6.3893e+00	  6.2450e-12	  4.0251e-03	  1.3481e-02	  4.3275e-03	  1.0096e-02	  1.3230e+04	  8.9396e-02	  2.3341e-01	  4.9355e-01	  9.3423e-01	  1.7236e-01	  1.8391e+01	  1.4881e+00	  7.2024e-03	  5.8800e-01	  1.0715e-01	  1.0715e-01	  4.8234e+00	  1.2995e+01	  2.8151e-01	  1.0106e+00	  1.0270e+00	  1.0014e+00	  2.5889e-02	  3.3030e-01	  3.0923e-01	  1.3196e-02	  5.7419e-04	  1.6409e-02	  8.4859e-03	  1.8103e-05	  3.9585e-02	  5.4836e-03	  2.9925e-04	  1.0096e-02	  0.0000e+00	  1.9991e-03	
  8.0000e+01	  6.3859e+00	  6.1953e-12	  4.0767e-03	  1.3635e-02	  4.3793e-03	  1.0173e-02	  1.3313e+04	  8.9024e-02	  2.3230e-01	  4.9203e-01	  9.3355e-01	  1.6595e-01	  1.8396e+01	  1.4850e+00	  7.1606e-03	  5.8100e-01	  1.0763e-01	  1.0763e-01	  4.8656e+00	  1.2790e+01	  2.8168e-01	  1.0106e+00	  1.0273e+00	  1.0014e+00	  2.5889e-02	  3.3456e-01	  3.1303e-01	  1.3327e-02	  5.7858e-04	  1.6502e-02	  8.5399e-03	  1.8299e-05	  3.9884e-02	  5.5033e-03	  3.0001e-04	  1.0173e-02	  0.0000e+00	  1.9991e-03	
  8.1000e+01	  6.3825e+00	  6.1470e-12	  4.1276e-03	  1.3788e-02	  4.4307e-03	  1.0249e-02	  1.3396e+04	  8.8660e-02	  2.3121e-01	  4.9054e-01	  9.3288e-01	  1.5988e-01	  1.8400e+01	  1.4819e+00	  7.1224e-03	  5.7405e-01	  1.0810e-01	  1.0810e-01	  4.9073e+00	  1.2584e+01	  2.8184e-01	  1.0106e+00	  1.0277e+00	  1.0015e+00	  2.5889e-02	  3.3879e-01	  3.1679e-01	  1.3457e-02	  5.8293e-04	  1.6595e-02	  8.5933e-03	  1.8493e-05	  4.0181e-02	  5.5229e-03	  3.0077e-04	  1.0249e-02	  0.0000e+00	  1.9991e-03	
  8.2000e+01	  6.3792e+00	  6.1000e-12	  4.1781e-03	  1.3939e-02	  4.4817e-03	  1.0325e-02	  1.3477e+04	  8.8304e-02	  2.3015e-01	  4.8908e-01	  9.3221e-01	  1.5411e-01	  1.8404e+01	  1.4789e+00	  7.0872e-03	  5.6715e-01	  1.0856e-01	  1.0856e-01	  4.9486e+00	  1.2377e+01	  2.8201e-01	  1.0106e+00	  1.0280e+00	  1.0015e+00	  2.5889e-02	  3.4297e-01	  3.2051e-01	  1.3586e-02	  5.8724e-04	  1.6687e-02	  8.6461e-03	  1.8686e-05	  4.0474e-02	  5.5422e-03	  3.0151e-04	  1.0325e-02	  0.0000e+00	  1.9990e-03	
  8.3000e+01	  6.3760e+00	  6.0543e-12	  4.2281e-03	  1.4088e-02	  4.5323e-03	  1.0400e-02	  1.3558e+04	  8.7955e-02	  2.2910e-01	  4.8764e-01	  9.3155e-01	  1.4864e-01	  1.8408e+01	  1.4759e+00	  7.0550e-03	  5.6032e-01	  1.0902e-01	  1.0902e-01	  4.9894e+00	  1.2168e+01	  2.8218e-01	  1.0106e+00	  1.0284e+00	  1.0015e+00	  2.5889e-02	  3.4711e-01	  3.2418e-01	  1.3714e-02	  5.9152e-04	  1.6777e-02	  8.6984e-03	  1.8877e-05	  4.0765e-02	  5.5614e-03	  3.0225e-04	  1.0400e-02	  0.0000e+00	  1.9990e-03	
  8.4000e+01	  6.3728e+00	  6.0099e-12	  4.2776e-03	  1.4235e-02	  4.5825e-03	  1.0473e-02	  1.3637e+04	  8.7613e-02	  2.2808e-01	  4.8622e-01	  9.3089e-01	  1.4345e-01	  1.8412e+01	  1.4728e+00	  7.0256e-03	  5.5355e-01	  1.0947e-01	  1.0947e-01	  5.0298e+00	  1.1957e+01	  2.8235e-01	  1.0106e+00	  1.0287e+00	  1.0015e+00	  2.5889e-02	  3.5121e-01	  3.2781e-01	  1.3841e-02	  5.9576e-04	  1.6866e-02	  8.7502e-03	  1.9067e-05	  4.1053e-02	  5.5805e-03	  3.0297e-04	  1.0473e-02	  0.0000e+00	  1.9990e-03	
  8.5000e+01	  6.3697e+00	  5.9668e-12	  4.3265e-03	  1.4381e-02	  4.6323e-03	  1.0547e-02	  1.3716e+04	  8.7278e-02	  2.2708e-01	  4.8483e-01	  9.3024e-01	  1.3852e-01	  1.8416e+01	  1.4698e+00	  6.9991e-03	  5.4684e-01	  1.0991e-01	  1.0991e-01	  5.0697e+00	  1.1746e+01	  2.8253e-01	  1.0106e+00	  1.0290e+00	  1.0015e+00	  2.5889e-02	  3.5526e-01	  3.3140e-01	  1.3967e-02	  5.9996e-04	  1.6955e-02	  8.8014e-03	  1.9255e-05	  4.1337e-02	  5.5993e-03	  3.0368e-04	  1.0547e-02	  0.0000e+00	  1.9990e-03	
  8.6000e+01	  6.3666e+00	  5.9248e-12	  4.3749e-03	  1.4524e-02	  4.6817e-03	  1.0619e-02	  1.3794e+04	  8.6950e-02	  2.2610e-01	  4.8346e-01	  9.2960e-01	  1.3383e-01	  1.8419e+01	  1.4668e+00	  6.9752e-03	  5.4019e-01	  1.1034e-01	  1.1034e-01	  5.1092e+00	  1.1533e+01	  2.8270e-01	  1.0106e+00	  1.0294e+00	  1.0015e+00	  2.5890e-02	  3.5928e-01	  3.3495e-01	  1.4092e-02	  6.0413e-04	  1.7042e-02	  8.8520e-03	  1.9441e-05	  4.1619e-02	  5.6180e-03	  3.0439e-04	  1.0619e-02	  0.0000e+00	  1.9990e-03	
  8.7000e+01	  6.3636e+00	  5.8839e-12	  4.4229e-03	  1.4666e-02	  4.7307e-03	  1.0690e-02	  1.3871e+04	  8.6628e-02	  2.2514e-01	  4.8211e-01	  9.2896e-01	  1.2938e-01	  1.8423e+01	  1.4638e+00	  6.9539e-03	  5.3361e-01	  1.1077e-01	  1.1077e-01	  5.1483e+00	  1.1319e+01	  2.8289e-01	  1.0106e+00	  1.0297e+00	  1.0015e+00	  2.5890e-02	  3.6325e-01	  3.3846e-01	  1.4216e-02	  6.0827e-04	  1.7128e-02	  8.9022e-03	  1.9626e-05	  4.1898e-02	  5.6366e-03	  3.0508e-04	  1.0690e-02	  0.0000e+00	  1.9990e-03	
  8.8000e+01	  6.3607e+00	  5.8441e-12	  4.4703e-03	  1.4806e-02	  4.7792e-03	  1.0761e-02	  1.3947e+04	  8.6313e-02	  2.2419e-01	  4.8079e-01	  9.2832e-01	  1.2515e-01	  1.8426e+01	  1.4608e+00	  6.9350e-03	  5.2710e-01	  1.1119e-01	  1.1119e-01	  5.1869e+00	  1.1103e+01	  2.8307e-01	  1.0106e+00	  1.0300e+00	  1.0016e+00	  2.5890e-02	  3.6718e-01	  3.4192e-01	  1.4339e-02	  6.1237e-04	  1.7213e-02	  8.9518e-03	  1.9810e-05	  4.2174e-02	  5.6550e-03	  3.0576e-04	  1.0761e-02	  0.0000e+00	  1.9990e-03	
  8.9000e+01	  6.3578e+00	  5.8053e-12	  4.5173e-03	  1.4944e-02	  4.8274e-03	  1.0831e-02	  1.4022e+04	  8.6003e-02	  2.2327e-01	  4.7949e-01	  9.2769e-01	  1.2113e-01	  1.8429e+01	  1.4578e+00	  6.9185e-03	  5.2066e-01	  1.1160e-01	  1.1160e-01	  5.2251e+00	  1.0886e+01	  2.8326e-01	  1.0106e+00	  1.0303e+00	  1.0016e+00	  2.5890e-02	  3.7107e-01	  3.4535e-01	  1.4461e-02	  6.1643e-04	  1.7297e-02	  9.0009e-03	  1.9992e-05	  4.2447e-02	  5.6733e-03	  3.0643e-04	  1.0831e-02	  0.0000e+00	  1.9990e-03	
  9.0000e+01	  6.3550e+00	  5.7676e-12	  4.5638e-03	  1.5081e-02	  4.8751e-03	  1.0901e-02	  1.4096e+04	  8.5700e-02	  2.2236e-01	  4.7821e-01	  9.2707e-01	  1.1731e-01	  1.8432e+01	  1.4548e+00	  6.9043e-03	  5.1429e-01	  1.1200e-01	  1.1200e-01	  5.2629e+00	  1.0668e+01	  2.8346e-01	  1.0106e+00	  1.0307e+00	  1.0016e+00	  2.5890e-02	  3.7491e-01	  3.4874e-01	  1.4582e-02	  6.2046e-04	  1.7380e-02	  9.0495e-03	  2.0172e-05	  4.2717e-02	  5.6914e-03	  3.0710e-04	  1.0901e-02	  0.0000e+00	  1.9990e-03	
  9.1000e+01	  6.3522e+00	  5.7309e-12	  4.6097e-03	  1.5216e-02	  4.9224e-03	  1.0969e-02	  1.4170e+04	  8.5403e-02	  2.2147e-01	  4.7695e-01	  9.2645e-01	  1.1367e-01	  1.8435e+01	  1.4518e+00	  6.8923e-03	  5.0798e-01	  1.1240e-01	  1.1240e-01	  5.3003e+00	  1.0449e+01	  2.8366e-01	  1.0106e+00	  1.0310e+00	  1.0016e+00	  2.5890e-02	  3.7872e-01	  3.5208e-01	  1.4702e-02	  6.2446e-04	  1.7462e-02	  9.0976e-03	  2.0351e-05	  4.2985e-02	  5.7093e-03	  3.0775e-04	  1.0969e-02	  0.0000e+00	  1.9990e-03	
  9.2000e+01	  6.3494e+00	  5.6950e-12	  4.6553e-03	  1.5349e-02	  4.9694e-03	  1.1037e-02	  1.4243e+04	  8.5111e-02	  2.2060e-01	  4.7571e-01	  9.2584e-01	  1.1021e-01	  1.8438e+01	  1.4488e+00	  6.8824e-03	  5.0175e-01	  1.1279e-01	  1.1279e-01	  5.3373e+00	  1.0229e+01	  2.8387e-01	  1.0106e+00	  1.0313e+00	  1.0016e+00	  2.5890e-02	  3.8249e-01	  3.5539e-01	  1.4821e-02	  6.2842e-04	  1.7543e-02	  9.1452e-03	  2.0528e-05	  4.3250e-02	  5.7271e-03	  3.0840e-04	  1.1037e-02	  0.0000e+00	  1.9990e-03	
  9.3000e+01	  6.3467e+00	  5.6601e-12	  4.7003e-03	  1.5480e-02	  5.0159e-03	  1.1104e-02	  1.4315e+04	  8.4825e-02	  2.1974e-01	  4.7450e-01	  9.2523e-01	  1.0691e-01	  1.8440e+01	  1.4459e+00	  6.8745e-03	  4.9559e-01	  1.1318e-01	  1.1318e-01	  5.3739e+00	  1.0007e+01	  2.8409e-01	  1.0106e+00	  1.0316e+00	  1.0016e+00	  2.5890e-02	  3.8622e-01	  3.5866e-01	  1.4939e-02	  6.3234e-04	  1.7624e-02	  9.1923e-03	  2.0704e-05	  4.3512e-02	  5.7448e-03	  3.0903e-04	  1.1104e-02	  0.0000e+00	  1.9990e-03	
  9.4000e+01	  6.3441e+00	  5.6261e-12	  4.7449e-03	  1.5610e-02	  5.0620e-03	  1.1171e-02	  1.4386e+04	  8.4545e-02	  2.1890e-01	  4.7330e-01	  9.2462e-01	  1.0377e-01	  1.8443e+01	  1.4429e+00	  6.8685e-03	  4.8950e-01	  1.1356e-01	  1.1356e-01	  5.4101e+00	  9.7845e+00	  2.8431e-01	  1.0106e+00	  1.0319e+00	  1.0016e+00	  2.5890e-02	  3.8991e-01	  3.6190e-01	  1.5056e-02	  6.3624e-04	  1.7703e-02	  9.2390e-03	  2.0878e-05	  4.3772e-02	  5.7623e-03	  3.0966e-04	  1.1171e-02	  0.0000e+00	  1.9990e-03	
  9.5000e+01	  6.3415e+00	  5.5929e-12	  4.7890e-03	  1.5739e-02	  5.1078e-03	  1.1236e-02	  1.4457e+04	  8.4269e-02	  2.1807e-01	  4.7212e-01	  9.2403e-01	  1.0078e-01	  1.8445e+01	  1.4399e+00	  6.8642e-03	  4.8348e-01	  1.1393e-01	  1.1393e-01	  5.4459e+00	  9.5606e+00	  2.8454e-01	  1.0106e+00	  1.0322e+00	  1.0017e+00	  2.5890e-02	  3.9356e-01	  3.6509e-01	  1.5172e-02	  6.4010e-04	  1.7781e-02	  9.2851e-03	  2.1051e-05	  4.4029e-02	  5.7796e-03	  3.1028e-04	  1.1236e-02	  0.0000e+00	  1.9990e-03	
  9.6000e+01	  6.3389e+00	  5.5606e-12	  4.8326e-03	  1.5866e-02	  5.1531e-03	  1.1301e-02	  1.4526e+04	  8.3999e-02	  2.1726e-01	  4.7096e-01	  9.2343e-01	  9.7929e-02	  1.8447e+01	  1.4370e+00	  6.8619e-03	  4.7754e-01	  1.1430e-01	  1.1430e-01	  5.4814e+00	  9.3355e+00	  2.8477e-01	  1.0106e+00	  1.0325e+00	  1.0017e+00	  2.5890e-02	  3.9717e-01	  3.6825e-01	  1.5287e-02	  6.4393e-04	  1.7858e-02	  9.3308e-03	  2.1223e-05	  4.4283e-02	  5.7969e-03	  3.1089e-04	  1.1301e-02	  0.0000e+00	  1.9990e-03	
  9.7000e+01	  6.3364e+00	  5.5290e-12	  4.8758e-03	  1.5991e-02	  5.1981e-03	  1.1366e-02	  1.4595e+04	  8.3734e-02	  2.1646e-01	  4.6982e-01	  9.2285e-01	  9.5207e-02	  1.8450e+01	  1.4340e+00	  6.8613e-03	  4.7166e-01	  1.1466e-01	  1.1466e-01	  5.5165e+00	  9.1093e+00	  2.8502e-01	  1.0106e+00	  1.0328e+00	  1.0017e+00	  2.5890e-02	  4.0075e-01	  3.7137e-01	  1.5401e-02	  6.4772e-04	  1.7935e-02	  9.3761e-03	  2.1393e-05	  4.4535e-02	  5.8139e-03	  3.1149e-04	  1.1366e-02	  0.0000e+00	  1.9990e-03	
  9.8000e+01	  6.3340e+00	  5.4982e-12	  4.9185e-03	  1.6115e-02	  5.2426e-03	  1.1429e-02	  1.4663e+04	  8.3473e-02	  2.1568e-01	  4.6869e-01	  9.2226e-01	  9.2610e-02	  1.8452e+01	  1.4311e+00	  6.8623e-03	  4.6587e-01	  1.1501e-01	  1.1501e-01	  5.5512e+00	  8.8819e+00	  2.8527e-01	  1.0106e+00	  1.0331e+00	  1.0017e+00	  2.5890e-02	  4.0428e-01	  3.7446e-01	  1.5514e-02	  6.5148e-04	  1.8010e-02	  9.4208e-03	  2.1561e-05	  4.4784e-02	  5.8309e-03	  3.1209e-04	  1.1429e-02	  0.0000e+00	  1.9989e-03	
  9.9000e+01	  6.3315e+00	  5.4681e-12	  4.9608e-03	  1.6237e-02	  5.2868e-03	  1.1492e-02	  1.4731e+04	  8.3217e-02	  2.1492e-01	  4.6759e-01	  9.2168e-01	  9.0130e-02	  1.8454e+01	  1.4281e+00	  6.8650e-03	  4.6014e-01	  1.1536e-01	  1.1536e-01	  5.5855e+00	  8.6535e+00	  2.8553e-01	  1.0106e+00	  1.0334e+00	  1.0017e+00	  2.5890e-02	  4.0779e-01	  3.7751e-01	  1.5626e-02	  6.5521e-04	  1.8085e-02	  9.4651e-03	  2.1728e-05	  4.5031e-02	  5.8477e-03	  3.1267e-04	  1.1492e-02	  0.0000e+00	  1.9989e-03	
  1.0000e+02	  6.3292e+00	  5.4388e-12	  5.0027e-03	  1.6357e-02	  5.3306e-03	  1.1555e-02	  1.4797e+04	  8.2966e-02	  2.1416e-01	  4.6650e-01	  9.2111e-01	  8.7760e-02	  1.8455e+01	  1.4252e+00	  6.8687e-03	  4.5449e-01	  1.1570e-01	  1.1570e-01	  5.6195e+00	  8.4239e+00	  2.8580e-01	  1.0106e+00	  1.0337e+00	  1.0017e+00	  2.5890e-02	  4.1125e-01	  3.8052e-01	  1.5737e-02	  6.5891e-04	  1.8158e-02	  9.5090e-03	  2.1894e-05	  4.5275e-02	  5.8643e-03	  3.1325e-04	  1.1555e-02	  0.0000e+00	  1.9989e-03	
