          pe	        Time	          pH	       Ozero	          HS	         CH4	        CO2g	         CO2	          SC	        fsl1	        fsl2	        fsl3	        fsl4	         POM	         MOM	         QOM	         DOM	          BA	          EP	          EM	          IC	       Total	     OrgAcid	        Aero	        SulR	        Meth	       Caero	       Csulr	       Cmeth	          Na	           K	          Ca	          Mg	         PO4	          Cl	         SO4	         NH4	        HCO3	         FeS	      Pyrite	
           4	  0.0000e+00	  6.9509e+00	  2.5557e-04	  1.0001e-07	  0.0000e+00	  0.0000e+00	  9.0006e-06	  1.0504e+02	  7.6982e-01	  9.7338e-01	  9.9060e-01	  9.9999e-01	  0.0000e+00	  0.0000e+00	  0.0000e+00	  0.0000e+00	  0.0000e+00	  0.0000e+00	  0.0000e+00	  0.0000e+00	  0.0000e+00	  0.0000e+00	  0.0000e+00	  0.0000e+00	  0.0000e+00	  0.0000e+00	  0.0000e+00	  0.0000e+00	  1.1401e-04	  2.8002e-05	  1.8275e-04	  7.9006e-05	  5.0003e-06	  1.3301e-04	  4.0003e-06	  3.8003e-05	  9.0006e-06	  0.0000e+00	  0.0000e+00	
           4	  0.0000e+00	  6.9509e+00	  2.5557e-04	  1.0001e-07	  0.0000e+00	  0.0000e+00	  9.0006e-06	  1.0504e+02	  7.6982e-01	  9.7338e-01	  9.9060e-01	  9.9999e-01	  0.0000e+00	  0.0000e+00	  0.0000e+00	  0.0000e+00	  0.0000e+00	  0.0000e+00	  0.0000e+00	  0.0000e+00	  0.0000e+00	  0.0000e+00	  0.0000e+00	  0.0000e+00	  0.0000e+00	  0.0000e+00	  0.0000e+00	  0.0000e+00	  1.1401e-04	  2.8002e-05	  1.8275e-04	  7.9006e-05	  5.0003e-06	  1.3301e-04	  4.0003e-06	  3.8003e-05	  9.0006e-06	  0.0000e+00	  0.0000e+00	
    -6.77824	  1.0000e+00	  6.6802e+00	  8.0744e-05	  8.8046e-06	  1.4320e-05	  8.5535e-05	  2.6345e-04	  7.9426e+02	  4.3322e-01	  8.3147e-01	  9.3693e-01	  9.9949e-01	  4.5659e+00	  1.5974e+01	  1.7585e+00	  1.9941e-01	  6.2843e-01	  5.2524e-02	  5.2524e-02	  1.9382e-01	  2.3290e+01	  6.7828e-02	  1.0008e+00	  1.0000e+00	  1.0000e+00	  1.8607e-03	  1.3050e-05	  0.0000e+00	  3.2263e-04	  6.4463e-05	  9.9452e-04	  4.5453e-04	  8.6425e-05	  1.5273e-03	  4.6813e-04	  8.5019e-05	  2.6345e-04	  0.0000e+00	  1.3962e-03	
    -6.84894	  2.0000e+00	  6.6049e+00	  8.0692e-05	  1.1551e-05	  1.4325e-05	  1.7694e-04	  4.9110e-04	  1.2389e+03	  3.5593e-01	  7.6059e-01	  9.0618e-01	  9.9889e-01	  4.4252e+00	  1.6047e+01	  1.7531e+00	  6.9797e-02	  6.9127e-01	  5.3136e-02	  5.3136e-02	  3.3804e-01	  2.3146e+01	  9.1261e-02	  1.0025e+00	  1.0000e+00	  1.0000e+00	  6.0763e-03	  8.9662e-05	  0.0000e+00	  4.7925e-04	  8.1460e-05	  1.5508e-03	  7.1883e-04	  6.9759e-05	  2.5689e-03	  7.5509e-04	  1.0452e-04	  4.9110e-04	  0.0000e+00	  1.3722e-03	
    -6.88603	  3.0000e+00	  6.5568e+00	  8.0648e-05	  1.3835e-05	  1.4329e-05	  2.7932e-04	  7.2809e-04	  1.6181e+03	  3.1261e-01	  7.0919e-01	  8.8176e-01	  9.9822e-01	  4.2874e+00	  1.6119e+01	  1.7489e+00	  4.0083e-02	  7.1879e-01	  5.3789e-02	  5.3789e-02	  4.3752e-01	  2.3046e+01	  9.9650e-02	  1.0046e+00	  1.0000e+00	  1.0000e+00	  1.1224e-02	  2.4360e-04	  0.0000e+00	  6.3561e-04	  9.4826e-05	  2.0363e-03	  9.5312e-04	  6.2797e-05	  3.4885e-03	  9.9356e-04	  1.1847e-04	  7.2809e-04	  0.0000e+00	  1.3721e-03	
    -6.91012	  4.0000e+00	  6.5205e+00	  8.0607e-05	  1.6052e-05	  1.4333e-05	  3.8795e-04	  9.6645e-04	  1.9600e+03	  2.8337e-01	  6.6855e-01	  8.6099e-01	  9.9752e-01	  4.1523e+00	  1.6190e+01	  1.7448e+00	  3.4801e-02	  7.3700e-01	  5.4463e-02	  5.4463e-02	  5.2731e-01	  2.2956e+01	  1.0484e-01	  1.0069e+00	  1.0000e+00	  1.0000e+00	  1.6798e-02	  4.7274e-04	  0.0000e+00	  7.9493e-04	  1.0643e-04	  2.4783e-03	  1.1689e-03	  5.9103e-05	  4.3385e-03	  1.2068e-03	  1.2959e-04	  9.6645e-04	  0.0000e+00	  1.3900e-03	
    -6.92711	  5.0000e+00	  6.4909e+00	  8.0568e-05	  1.8396e-05	  1.4337e-05	  5.0206e-04	  1.2066e-03	  2.2767e+03	  2.6171e-01	  6.3491e-01	  8.4271e-01	  9.9677e-01	  4.0198e+00	  1.6259e+01	  1.7408e+00	  3.3147e-02	  7.5340e-01	  5.5153e-02	  5.5153e-02	  6.1784e-01	  2.2865e+01	  1.0913e-01	  1.0093e+00	  1.0001e+00	  1.0000e+00	  2.2693e-02	  7.7737e-04	  0.0000e+00	  9.5774e-04	  1.1700e-04	  2.8898e-03	  1.3716e-03	  5.6981e-05	  5.1413e-03	  1.4035e-03	  1.3895e-04	  1.2066e-03	  0.0000e+00	  1.4231e-03	
    -6.93959	  6.0000e+00	  6.4654e+00	  8.0532e-05	  2.1026e-05	  1.4341e-05	  6.2155e-04	  1.4494e-03	  2.5748e+03	  2.4474e-01	  6.0623e-01	  8.2626e-01	  9.9600e-01	  3.8899e+00	  1.6327e+01	  1.7369e+00	  3.2001e-02	  7.6914e-01	  5.5859e-02	  5.5859e-02	  7.1058e-01	  2.2772e+01	  1.1288e-01	  1.0118e+00	  1.0001e+00	  1.0000e+00	  2.8878e-02	  1.1588e-03	  0.0000e+00	  1.1239e-03	  1.2688e-04	  3.2783e-03	  1.5643e-03	  5.5766e-05	  5.9088e-03	  1.5882e-03	  1.4709e-04	  1.4494e-03	  0.0000e+00	  1.4694e-03	
    -6.94897	  7.0000e+00	  6.4429e+00	  8.0497e-05	  2.4116e-05	  1.4344e-05	  7.4635e-04	  1.6954e-03	  2.8583e+03	  2.3093e-01	  5.8129e-01	  8.1125e-01	  9.9520e-01	  3.7626e+00	  1.6394e+01	  1.7329e+00	  3.0965e-02	  7.8434e-01	  5.6580e-02	  5.6580e-02	  8.0558e-01	  2.2677e+01	  1.1614e-01	  1.0145e+00	  1.0002e+00	  1.0000e+00	  3.5330e-02	  1.6178e-03	  0.0000e+00	  1.2932e-03	  1.3626e-04	  3.6483e-03	  1.7492e-03	  5.5124e-05	  6.6485e-03	  1.7634e-03	  1.5433e-04	  1.6954e-03	  0.0000e+00	  1.5266e-03	
    -6.95615	  8.0000e+00	  6.4226e+00	  8.0463e-05	  2.7881e-05	  1.4348e-05	  8.7628e-04	  1.9450e-03	  3.1299e+03	  2.1938e-01	  5.5927e-01	  7.9742e-01	  9.9438e-01	  3.6379e+00	  1.6459e+01	  1.7290e+00	  2.9989e-02	  7.9901e-01	  5.7315e-02	  5.7315e-02	  9.0270e-01	  2.2580e+01	  1.1895e-01	  1.0172e+00	  1.0002e+00	  1.0000e+00	  4.2027e-02	  2.1549e-03	  0.0000e+00	  1.4653e-03	  1.4529e-04	  4.0030e-03	  1.9274e-03	  5.4860e-05	  7.3652e-03	  1.9308e-03	  1.6088e-04	  1.9450e-03	  0.0000e+00	  1.5916e-03	
    -6.96178	  9.0000e+00	  6.4041e+00	  8.0431e-05	  3.2597e-05	  1.4351e-05	  1.0111e-03	  2.1982e-03	  3.3914e+03	  2.0952e-01	  5.3960e-01	  7.8458e-01	  9.9354e-01	  3.5158e+00	  1.6524e+01	  1.7251e+00	  2.9061e-02	  8.1315e-01	  5.8063e-02	  5.8063e-02	  1.0018e+00	  2.2481e+01	  1.2134e-01	  1.0201e+00	  1.0003e+00	  1.0000e+00	  4.8948e-02	  2.7698e-03	  0.0000e+00	  1.6398e-03	  1.5403e-04	  4.3446e-03	  2.1000e-03	  5.4844e-05	  8.0624e-03	  2.0916e-03	  1.6687e-04	  2.1982e-03	  0.0000e+00	  1.6602e-03	
    -6.96633	  1.0000e+01	  6.3872e+00	  8.0399e-05	  3.8590e-05	  1.4354e-05	  1.1504e-03	  2.4548e-03	  3.6442e+03	  2.0096e-01	  5.2187e-01	  7.7258e-01	  9.9268e-01	  3.3963e+00	  1.6587e+01	  1.7213e+00	  2.8176e-02	  8.2675e-01	  5.8825e-02	  5.8825e-02	  1.1026e+00	  2.2380e+01	  1.2334e-01	  1.0230e+00	  1.0003e+00	  1.0000e+00	  5.6072e-02	  3.4617e-03	  0.0000e+00	  1.8165e-03	  1.6254e-04	  4.6748e-03	  2.2676e-03	  5.4982e-05	  8.7425e-03	  2.2465e-03	  1.7240e-04	  2.4548e-03	  0.0000e+00	  1.7275e-03	
    -6.97013	  1.1000e+01	  6.3718e+00	  8.0368e-05	  4.6186e-05	  1.4357e-05	  1.2938e-03	  2.7149e-03	  3.8894e+03	  1.9344e-01	  5.0577e-01	  7.6131e-01	  9.9181e-01	  3.2794e+00	  1.6649e+01	  1.7174e+00	  2.7332e-02	  8.3979e-01	  5.9599e-02	  5.9599e-02	  1.2050e+00	  2.2277e+01	  1.2498e-01	  1.0260e+00	  1.0004e+00	  1.0000e+00	  6.3376e-02	  4.2293e-03	  0.0000e+00	  1.9951e-03	  1.7086e-04	  4.9950e-03	  2.4309e-03	  5.5206e-05	  9.4076e-03	  2.3961e-03	  1.7755e-04	  2.7149e-03	  0.0000e+00	  1.7883e-03	
    -6.97345	  1.2000e+01	  6.3576e+00	  8.0339e-05	  5.5604e-05	  1.4360e-05	  1.4408e-03	  2.9780e-03	  4.1279e+03	  1.8676e-01	  4.9104e-01	  7.5068e-01	  9.9092e-01	  3.1651e+00	  1.6709e+01	  1.7136e+00	  2.6524e-02	  8.5227e-01	  6.0385e-02	  6.0385e-02	  1.3089e+00	  2.2173e+01	  1.2628e-01	  1.0290e+00	  1.0005e+00	  1.0000e+00	  7.0839e-02	  5.0711e-03	  0.0000e+00	  2.1753e-03	  1.7903e-04	  5.3062e-03	  2.5902e-03	  5.5467e-05	  1.0059e-02	  2.5411e-03	  1.8237e-04	  2.9780e-03	  0.0000e+00	  1.8389e-03	
    -6.97645	  1.3000e+01	  6.3446e+00	  8.0309e-05	  6.6878e-05	  1.4363e-05	  1.5911e-03	  3.2440e-03	  4.3602e+03	  1.8077e-01	  4.7750e-01	  7.4062e-01	  9.9001e-01	  3.0534e+00	  1.6769e+01	  1.7098e+00	  2.5749e-02	  8.6418e-01	  6.1182e-02	  6.1182e-02	  1.4139e+00	  2.2068e+01	  1.2727e-01	  1.0321e+00	  1.0006e+00	  1.0000e+00	  7.8442e-02	  5.9849e-03	  0.0000e+00	  2.3569e-03	  1.8706e-04	  5.6093e-03	  2.7460e-03	  5.5736e-05	  1.0698e-02	  2.6816e-03	  1.8690e-04	  3.2440e-03	  0.0000e+00	  1.8781e-03	
    -6.97921	  1.4000e+01	  6.3326e+00	  8.0281e-05	  7.9881e-05	  1.4366e-05	  1.7442e-03	  3.5126e-03	  4.5869e+03	  1.7535e-01	  4.6499e-01	  7.3108e-01	  9.8909e-01	  2.9443e+00	  1.6827e+01	  1.7060e+00	  2.5005e-02	  8.7552e-01	  6.1991e-02	  6.1991e-02	  1.5200e+00	  2.1962e+01	  1.2799e-01	  1.0353e+00	  1.0007e+00	  1.0000e+00	  8.6164e-02	  6.9684e-03	  0.0000e+00	  2.5398e-03	  1.9497e-04	  5.9049e-03	  2.8985e-03	  5.5998e-05	  1.1326e-02	  2.8182e-03	  1.9119e-04	  3.5126e-03	  0.0000e+00	  1.9070e-03	
    -6.98181	  1.5000e+01	  6.3216e+00	  8.0253e-05	  9.4413e-05	  1.4369e-05	  1.8999e-03	  3.7834e-03	  4.8085e+03	  1.7043e-01	  4.5339e-01	  7.2200e-01	  9.8817e-01	  2.8378e+00	  1.6884e+01	  1.7023e+00	  2.4290e-02	  8.8627e-01	  6.2809e-02	  6.2809e-02	  1.6269e+00	  2.1855e+01	  1.2844e-01	  1.0385e+00	  1.0008e+00	  1.0000e+00	  9.3986e-02	  8.0191e-03	  0.0000e+00	  2.7237e-03	  2.0278e-04	  6.1935e-03	  3.0480e-03	  5.6249e-05	  1.1942e-02	  2.9511e-03	  1.9525e-04	  3.7834e-03	  0.0000e+00	  1.9281e-03	
    -6.98427	  1.6000e+01	  6.3114e+00	  8.0225e-05	  1.1028e-04	  1.4371e-05	  2.0577e-03	  4.0560e-03	  5.0254e+03	  1.6593e-01	  4.4259e-01	  7.1335e-01	  9.8723e-01	  2.7339e+00	  1.6939e+01	  1.6985e+00	  2.3602e-02	  8.9644e-01	  6.3637e-02	  6.3637e-02	  1.7345e+00	  2.1747e+01	  1.2866e-01	  1.0418e+00	  1.0009e+00	  1.0000e+00	  1.0189e-01	  9.1340e-03	  0.0000e+00	  2.9085e-03	  2.1049e-04	  6.4757e-03	  3.1946e-03	  5.6483e-05	  1.2549e-02	  3.0804e-03	  1.9911e-04	  4.0560e-03	  0.0000e+00	  1.9433e-03	
    -6.98664	  1.7000e+01	  6.3019e+00	  8.0198e-05	  1.2731e-04	  1.4374e-05	  2.2175e-03	  4.3302e-03	  5.2377e+03	  1.6179e-01	  4.3251e-01	  7.0508e-01	  9.8628e-01	  2.6327e+00	  1.6994e+01	  1.6948e+00	  2.2939e-02	  9.0601e-01	  6.4475e-02	  6.4475e-02	  1.8426e+00	  2.1638e+01	  1.2866e-01	  1.0450e+00	  1.0010e+00	  1.0000e+00	  1.0986e-01	  1.0310e-02	  0.0000e+00	  3.0940e-03	  2.1812e-04	  6.7519e-03	  3.3386e-03	  5.6699e-05	  1.3147e-02	  3.2065e-03	  2.0280e-04	  4.3302e-03	  0.0000e+00	  1.9544e-03	
    -6.98893	  1.8000e+01	  6.2931e+00	  8.0171e-05	  1.4538e-04	  1.4377e-05	  2.3789e-03	  4.6056e-03	  5.4458e+03	  1.5797e-01	  4.2306e-01	  6.9717e-01	  9.8533e-01	  2.5340e+00	  1.7047e+01	  1.6911e+00	  2.2299e-02	  9.1499e-01	  6.5320e-02	  6.5320e-02	  1.9511e+00	  2.1530e+01	  1.2848e-01	  1.0483e+00	  1.0012e+00	  1.0000e+00	  1.1788e-01	  1.1545e-02	  0.0000e+00	  3.2801e-03	  2.2566e-04	  7.0223e-03	  3.4800e-03	  5.6893e-05	  1.3735e-02	  3.3296e-03	  2.0633e-04	  4.6056e-03	  0.0000e+00	  1.9627e-03	
    -6.99118	  1.9000e+01	  6.2849e+00	  8.0145e-05	  1.6438e-04	  1.4379e-05	  2.5415e-03	  4.8819e-03	  5.6500e+03	  1.5443e-01	  4.1419e-01	  6.8960e-01	  9.8437e-01	  2.4379e+00	  1.7098e+01	  1.6874e+00	  2.1681e-02	  9.2337e-01	  6.6174e-02	  6.6174e-02	  2.0597e+00	  2.1421e+01	  1.2813e-01	  1.0516e+00	  1.0013e+00	  1.0000e+00	  1.2592e-01	  1.2834e-02	  0.0000e+00	  3.4666e-03	  2.3313e-04	  7.2873e-03	  3.6189e-03	  5.7063e-05	  1.4316e-02	  3.4497e-03	  2.0970e-04	  4.8819e-03	  0.0000e+00	  1.9690e-03	
     -6.9934	  2.0000e+01	  6.2773e+00	  8.0120e-05	  1.8422e-04	  1.4382e-05	  2.7051e-03	  5.1587e-03	  5.8503e+03	  1.5114e-01	  4.0584e-01	  6.8233e-01	  9.8340e-01	  2.3445e+00	  1.7149e+01	  1.6837e+00	  2.1085e-02	  9.3115e-01	  6.7034e-02	  6.7034e-02	  2.1684e+00	  2.1312e+01	  1.2762e-01	  1.0549e+00	  1.0014e+00	  1.0000e+00	  1.3399e-01	  1.4175e-02	  0.0000e+00	  3.6534e-03	  2.4053e-04	  7.5472e-03	  3.7556e-03	  5.7207e-05	  1.4888e-02	  3.5671e-03	  2.1295e-04	  5.1587e-03	  0.0000e+00	  1.9739e-03	
    -6.99561	  2.1000e+01	  6.2702e+00	  8.0094e-05	  2.0484e-04	  1.4384e-05	  2.8694e-03	  5.4358e-03	  6.0471e+03	  1.4807e-01	  3.9797e-01	  6.7534e-01	  9.8243e-01	  2.2536e+00	  1.7198e+01	  1.6800e+00	  2.0508e-02	  9.3833e-01	  6.7902e-02	  6.7902e-02	  2.2769e+00	  2.1203e+01	  1.2698e-01	  1.0582e+00	  1.0016e+00	  1.0000e+00	  1.4206e-01	  1.5565e-02	  0.0000e+00	  3.8404e-03	  2.4786e-04	  7.8022e-03	  3.8902e-03	  5.7324e-05	  1.5452e-02	  3.6819e-03	  2.1606e-04	  5.4358e-03	  0.0000e+00	  1.9777e-03	
    -6.99781	  2.2000e+01	  6.2635e+00	  8.0070e-05	  2.2615e-04	  1.4387e-05	  3.0342e-03	  5.7128e-03	  6.2405e+03	  1.4520e-01	  3.9053e-01	  6.6862e-01	  9.8145e-01	  2.1652e+00	  1.7246e+01	  1.6764e+00	  1.9951e-02	  9.4491e-01	  6.8775e-02	  6.8775e-02	  2.3853e+00	  2.1095e+01	  1.2623e-01	  1.0615e+00	  1.0017e+00	  1.0000e+00	  1.5013e-01	  1.6999e-02	  0.0000e+00	  4.0276e-03	  2.5513e-04	  8.0525e-03	  4.0226e-03	  5.7414e-05	  1.6008e-02	  3.7942e-03	  2.1907e-04	  5.7128e-03	  0.0000e+00	  1.9807e-03	
    -7.00003	  2.3000e+01	  6.2573e+00	  8.0045e-05	  2.4811e-04	  1.4389e-05	  3.1992e-03	  5.9896e-03	  6.4306e+03	  1.4250e-01	  3.8348e-01	  6.6215e-01	  9.8047e-01	  2.0794e+00	  1.7293e+01	  1.6728e+00	  1.9411e-02	  9.5090e-01	  6.9654e-02	  6.9654e-02	  2.4932e+00	  2.0987e+01	  1.2538e-01	  1.0648e+00	  1.0018e+00	  1.0000e+00	  1.5817e-01	  1.8476e-02	  0.0000e+00	  4.2148e-03	  2.6234e-04	  8.2983e-03	  4.1530e-03	  5.7476e-05	  1.6558e-02	  3.9042e-03	  2.2196e-04	  5.9896e-03	  0.0000e+00	  1.9831e-03	
    -7.00226	  2.4000e+01	  6.2515e+00	  8.0021e-05	  2.7065e-04	  1.4392e-05	  3.3641e-03	  6.2658e-03	  6.6176e+03	  1.3997e-01	  3.7679e-01	  6.5592e-01	  9.7949e-01	  1.9962e+00	  1.7338e+01	  1.6692e+00	  1.8890e-02	  9.5630e-01	  7.0537e-02	  7.0537e-02	  2.6007e+00	  2.0879e+01	  1.2443e-01	  1.0681e+00	  1.0020e+00	  1.0000e+00	  1.6619e-01	  1.9991e-02	  0.0000e+00	  4.4019e-03	  2.6949e-04	  8.5399e-03	  4.2815e-03	  5.7510e-05	  1.7100e-02	  4.0119e-03	  2.2476e-04	  6.2658e-03	  0.0000e+00	  1.9851e-03	
    -7.00451	  2.5000e+01	  6.2461e+00	  7.9997e-05	  2.9372e-04	  1.4394e-05	  3.5287e-03	  6.5411e-03	  6.8015e+03	  1.3758e-01	  3.7044e-01	  6.4990e-01	  9.7850e-01	  1.9155e+00	  1.7383e+01	  1.6656e+00	  1.8384e-02	  9.6112e-01	  7.1425e-02	  7.1425e-02	  2.7076e+00	  2.0772e+01	  1.2342e-01	  1.0714e+00	  1.0022e+00	  1.0000e+00	  1.7416e-01	  2.1542e-02	  0.0000e+00	  4.5889e-03	  2.7658e-04	  8.7773e-03	  4.4081e-03	  5.7517e-05	  1.7636e-02	  4.1175e-03	  2.2747e-04	  6.5411e-03	  0.0000e+00	  1.9868e-03	
    -7.00678	  2.6000e+01	  6.2411e+00	  7.9974e-05	  3.1728e-04	  1.4396e-05	  3.6928e-03	  6.8155e-03	  6.9825e+03	  1.3532e-01	  3.6439e-01	  6.4409e-01	  9.7751e-01	  1.8372e+00	  1.7426e+01	  1.6620e+00	  1.7895e-02	  9.6535e-01	  7.2316e-02	  7.2316e-02	  2.8138e+00	  2.0666e+01	  1.2234e-01	  1.0746e+00	  1.0023e+00	  1.0000e+00	  1.8209e-01	  2.3125e-02	  0.0000e+00	  4.7756e-03	  2.8362e-04	  9.0107e-03	  4.5329e-03	  5.7497e-05	  1.8165e-02	  4.2211e-03	  2.3009e-04	  6.8155e-03	  0.0000e+00	  1.9882e-03	
    -7.00908	  2.7000e+01	  6.2364e+00	  7.9951e-05	  3.4127e-04	  1.4399e-05	  3.8563e-03	  7.0886e-03	  7.1608e+03	  1.3318e-01	  3.5863e-01	  6.3847e-01	  9.7652e-01	  1.7615e+00	  1.7467e+01	  1.6584e+00	  1.7421e-02	  9.6902e-01	  7.3211e-02	  7.3211e-02	  2.9192e+00	  2.0560e+01	  1.2122e-01	  1.0779e+00	  1.0025e+00	  1.0000e+00	  1.8996e-01	  2.4738e-02	  0.0000e+00	  4.9621e-03	  2.9060e-04	  9.2403e-03	  4.6560e-03	  5.7451e-05	  1.8687e-02	  4.3227e-03	  2.3262e-04	  7.0886e-03	  0.0000e+00	  1.9894e-03	
    -7.01141	  2.8000e+01	  6.2320e+00	  7.9928e-05	  3.6565e-04	  1.4401e-05	  4.0189e-03	  7.3602e-03	  7.3363e+03	  1.3115e-01	  3.5314e-01	  6.3304e-01	  9.7553e-01	  1.6881e+00	  1.7508e+01	  1.6549e+00	  1.6962e-02	  9.7212e-01	  7.4108e-02	  7.4108e-02	  3.0238e+00	  2.0455e+01	  1.2006e-01	  1.0811e+00	  1.0026e+00	  1.0000e+00	  1.9776e-01	  2.6377e-02	  0.0000e+00	  5.1483e-03	  2.9753e-04	  9.4662e-03	  4.7774e-03	  5.7382e-05	  1.9204e-02	  4.4225e-03	  2.3509e-04	  7.3602e-03	  0.0000e+00	  1.9903e-03	
    -7.01375	  2.9000e+01	  6.2279e+00	  7.9906e-05	  3.9038e-04	  1.4403e-05	  4.1805e-03	  7.6303e-03	  7.5092e+03	  1.2923e-01	  3.4788e-01	  6.2779e-01	  9.7454e-01	  1.6172e+00	  1.7547e+01	  1.6513e+00	  1.6517e-02	  9.7467e-01	  7.5007e-02	  7.5007e-02	  3.1274e+00	  2.0352e+01	  1.1886e-01	  1.0842e+00	  1.0028e+00	  1.0000e+00	  2.0550e-01	  2.8040e-02	  0.0000e+00	  5.3340e-03	  3.0441e-04	  9.6885e-03	  4.8971e-03	  5.7289e-05	  1.9714e-02	  4.5205e-03	  2.3747e-04	  7.6303e-03	  0.0000e+00	  1.9912e-03	
    -7.01612	  3.0000e+01	  6.2240e+00	  7.9884e-05	  4.1542e-04	  1.4406e-05	  4.3410e-03	  7.8986e-03	  7.6795e+03	  1.2740e-01	  3.4286e-01	  6.2270e-01	  9.7355e-01	  1.5487e+00	  1.7585e+01	  1.6478e+00	  1.6087e-02	  9.7667e-01	  7.5907e-02	  7.5907e-02	  3.2300e+00	  2.0249e+01	  1.1765e-01	  1.0874e+00	  1.0030e+00	  1.0000e+00	  2.1316e-01	  2.9724e-02	  0.0000e+00	  5.5193e-03	  3.1123e-04	  9.9073e-03	  5.0153e-03	  5.7175e-05	  2.0218e-02	  4.6168e-03	  2.3980e-04	  7.8986e-03	  0.0000e+00	  1.9919e-03	
    -7.01852	  3.1000e+01	  6.2204e+00	  7.9862e-05	  4.4072e-04	  1.4408e-05	  4.5003e-03	  8.1650e-03	  7.8474e+03	  1.2565e-01	  3.3805e-01	  6.1776e-01	  9.7255e-01	  1.4826e+00	  1.7622e+01	  1.6443e+00	  1.5670e-02	  9.7814e-01	  7.6808e-02	  7.6808e-02	  3.3316e+00	  2.0147e+01	  1.1642e-01	  1.0905e+00	  1.0031e+00	  1.0000e+00	  2.2074e-01	  3.1427e-02	  0.0000e+00	  5.7042e-03	  3.1801e-04	  1.0123e-02	  5.1319e-03	  5.7040e-05	  2.0716e-02	  4.7114e-03	  2.4205e-04	  8.1650e-03	  0.0000e+00	  1.9926e-03	
    -7.02093	  3.2000e+01	  6.2171e+00	  7.9840e-05	  4.6626e-04	  1.4410e-05	  4.6582e-03	  8.4294e-03	  8.0129e+03	  1.2399e-01	  3.3345e-01	  6.1298e-01	  9.7156e-01	  1.4187e+00	  1.7658e+01	  1.6408e+00	  1.5267e-02	  9.7910e-01	  7.7710e-02	  7.7710e-02	  3.4320e+00	  2.0046e+01	  1.1518e-01	  1.0935e+00	  1.0033e+00	  1.0000e+00	  2.2823e-01	  3.3146e-02	  0.0000e+00	  5.8884e-03	  3.2474e-04	  1.0335e-02	  5.2471e-03	  5.6887e-05	  2.1209e-02	  4.8045e-03	  2.4425e-04	  8.4294e-03	  0.0000e+00	  1.9931e-03	
    -7.02336	  3.3000e+01	  6.2140e+00	  7.9819e-05	  4.9200e-04	  1.4412e-05	  4.8146e-03	  8.6916e-03	  8.1760e+03	  1.2240e-01	  3.2903e-01	  6.0834e-01	  9.7057e-01	  1.3571e+00	  1.7693e+01	  1.6373e+00	  1.4876e-02	  9.7954e-01	  7.8611e-02	  7.8611e-02	  3.5313e+00	  1.9947e+01	  1.1394e-01	  1.0966e+00	  1.0035e+00	  1.0000e+00	  2.3564e-01	  3.4879e-02	  0.0000e+00	  6.0721e-03	  3.3141e-04	  1.0544e-02	  5.3607e-03	  5.6717e-05	  2.1696e-02	  4.8961e-03	  2.4639e-04	  8.6916e-03	  0.0000e+00	  1.9936e-03	
    -7.02581	  3.4000e+01	  6.2110e+00	  7.9798e-05	  5.1790e-04	  1.4414e-05	  4.9694e-03	  8.9515e-03	  8.3369e+03	  1.2088e-01	  3.2478e-01	  6.0383e-01	  9.6958e-01	  1.2978e+00	  1.7726e+01	  1.6338e+00	  1.4498e-02	  9.7950e-01	  7.9511e-02	  7.9511e-02	  3.6294e+00	  1.9849e+01	  1.1271e-01	  1.0996e+00	  1.0037e+00	  1.0000e+00	  2.4296e-01	  3.6624e-02	  0.0000e+00	  6.2551e-03	  3.3804e-04	  1.0750e-02	  5.4730e-03	  5.6531e-05	  2.2177e-02	  4.9863e-03	  2.4847e-04	  8.9515e-03	  0.0000e+00	  1.9940e-03	
    -7.02827	  3.5000e+01	  6.2083e+00	  7.9777e-05	  5.4394e-04	  1.4416e-05	  5.1227e-03	  9.2091e-03	  8.4955e+03	  1.1943e-01	  3.2070e-01	  5.9946e-01	  9.6859e-01	  1.2407e+00	  1.7759e+01	  1.6304e+00	  1.4132e-02	  9.7897e-01	  8.0411e-02	  8.0411e-02	  3.7263e+00	  1.9752e+01	  1.1148e-01	  1.1025e+00	  1.0038e+00	  1.0000e+00	  2.5018e-01	  3.8378e-02	  0.0000e+00	  6.4375e-03	  3.4463e-04	  1.0953e-02	  5.5838e-03	  5.6331e-05	  2.2653e-02	  5.0750e-03	  2.5050e-04	  9.2091e-03	  0.0000e+00	  1.9944e-03	
    -7.03074	  3.6000e+01	  6.2057e+00	  7.9757e-05	  5.7009e-04	  1.4418e-05	  5.2742e-03	  9.4643e-03	  8.6520e+03	  1.1804e-01	  3.1678e-01	  5.9521e-01	  9.6761e-01	  1.1857e+00	  1.7790e+01	  1.6269e+00	  1.3778e-02	  9.7798e-01	  8.1308e-02	  8.1308e-02	  3.8219e+00	  1.9656e+01	  1.1026e-01	  1.1055e+00	  1.0040e+00	  1.0000e+00	  2.5730e-01	  4.0140e-02	  0.0000e+00	  6.6192e-03	  3.5116e-04	  1.1152e-02	  5.6933e-03	  5.6118e-05	  2.3124e-02	  5.1624e-03	  2.5248e-04	  9.4643e-03	  0.0000e+00	  1.9948e-03	
    -7.03321	  3.7000e+01	  6.2034e+00	  7.9737e-05	  5.9632e-04	  1.4420e-05	  5.4240e-03	  9.7171e-03	  8.8064e+03	  1.1670e-01	  3.1300e-01	  5.9107e-01	  9.6662e-01	  1.1329e+00	  1.7820e+01	  1.6235e+00	  1.3436e-02	  9.7653e-01	  8.2204e-02	  8.2204e-02	  3.9162e+00	  1.9561e+01	  1.0907e-01	  1.1083e+00	  1.0042e+00	  1.0000e+00	  2.6433e-01	  4.1909e-02	  0.0000e+00	  6.8001e-03	  3.5765e-04	  1.1349e-02	  5.8015e-03	  5.5893e-05	  2.3589e-02	  5.2485e-03	  2.5441e-04	  9.7171e-03	  0.0000e+00	  1.9951e-03	
     -7.0357	  3.8000e+01	  6.2011e+00	  7.9717e-05	  6.2261e-04	  1.4422e-05	  5.5721e-03	  9.9672e-03	  8.9587e+03	  1.1542e-01	  3.0936e-01	  5.8705e-01	  9.6564e-01	  1.0821e+00	  1.7849e+01	  1.6201e+00	  1.3105e-02	  9.7466e-01	  8.3097e-02	  8.3097e-02	  4.0092e+00	  1.9468e+01	  1.0789e-01	  1.1112e+00	  1.0044e+00	  1.0000e+00	  2.7126e-01	  4.3681e-02	  0.0000e+00	  6.9803e-03	  3.6409e-04	  1.1544e-02	  5.9084e-03	  5.5658e-05	  2.4050e-02	  5.3334e-03	  2.5629e-04	  9.9672e-03	  0.0000e+00	  1.9953e-03	
    -7.03818	  3.9000e+01	  6.1990e+00	  7.9697e-05	  6.4894e-04	  1.4424e-05	  5.7183e-03	  1.0215e-02	  9.1090e+03	  1.1418e-01	  3.0585e-01	  5.8314e-01	  9.6466e-01	  1.0333e+00	  1.7877e+01	  1.6167e+00	  1.2785e-02	  9.7236e-01	  8.3987e-02	  8.3987e-02	  4.1009e+00	  1.9376e+01	  1.0673e-01	  1.1140e+00	  1.0045e+00	  1.0000e+00	  2.7809e-01	  4.5457e-02	  0.0000e+00	  7.1597e-03	  3.7048e-04	  1.1735e-02	  6.0140e-03	  5.5413e-05	  2.4505e-02	  5.4171e-03	  2.5814e-04	  1.0215e-02	  0.0000e+00	  1.9956e-03	
    -7.04067	  4.0000e+01	  6.1971e+00	  7.9678e-05	  6.7528e-04	  1.4426e-05	  5.8626e-03	  1.0460e-02	  9.2573e+03	  1.1300e-01	  3.0247e-01	  5.7933e-01	  9.6368e-01	  9.8652e-01	  1.7905e+01	  1.6133e+00	  1.2476e-02	  9.6967e-01	  8.4873e-02	  8.4873e-02	  4.1913e+00	  1.9286e+01	  1.0559e-01	  1.1167e+00	  1.0047e+00	  1.0000e+00	  2.8482e-01	  4.7234e-02	  0.0000e+00	  7.3382e-03	  3.7683e-04	  1.1924e-02	  6.1183e-03	  5.5161e-05	  2.4955e-02	  5.4996e-03	  2.5994e-04	  1.0460e-02	  0.0000e+00	  1.9958e-03	
    -7.04316	  4.1000e+01	  6.1953e+00	  7.9658e-05	  7.0161e-04	  1.4428e-05	  6.0051e-03	  1.0702e-02	  9.4037e+03	  1.1185e-01	  2.9920e-01	  5.7563e-01	  9.6271e-01	  9.4164e-01	  1.7931e+01	  1.6099e+00	  1.2178e-02	  9.6659e-01	  8.5756e-02	  8.5756e-02	  4.2803e+00	  1.9197e+01	  1.0448e-01	  1.1194e+00	  1.0049e+00	  1.0000e+00	  2.9145e-01	  4.9011e-02	  0.0000e+00	  7.5159e-03	  3.8313e-04	  1.2110e-02	  6.2215e-03	  5.4901e-05	  2.5400e-02	  5.5810e-03	  2.6169e-04	  1.0702e-02	  0.0000e+00	  1.9960e-03	
    -7.04564	  4.2000e+01	  6.1935e+00	  7.9639e-05	  7.2792e-04	  1.4430e-05	  6.1457e-03	  1.0942e-02	  9.5482e+03	  1.1075e-01	  2.9604e-01	  5.7201e-01	  9.6174e-01	  8.9864e-01	  1.7956e+01	  1.6065e+00	  1.1890e-02	  9.6313e-01	  8.6635e-02	  8.6635e-02	  4.3681e+00	  1.9109e+01	  1.0340e-01	  1.1221e+00	  1.0051e+00	  1.0000e+00	  2.9797e-01	  5.0787e-02	  0.0000e+00	  7.6928e-03	  3.8938e-04	  1.2294e-02	  6.3234e-03	  5.4636e-05	  2.5841e-02	  5.6612e-03	  2.6342e-04	  1.0942e-02	  0.0000e+00	  1.9962e-03	
    -7.04812	  4.3000e+01	  6.1920e+00	  7.9621e-05	  7.5419e-04	  1.4432e-05	  6.2844e-03	  1.1179e-02	  9.6908e+03	  1.0969e-01	  2.9299e-01	  5.6850e-01	  9.6077e-01	  8.5745e-01	  1.7980e+01	  1.6031e+00	  1.1612e-02	  9.5933e-01	  8.7509e-02	  8.7509e-02	  4.4545e+00	  1.9022e+01	  1.0234e-01	  1.1248e+00	  1.0053e+00	  1.0000e+00	  3.0440e-01	  5.2560e-02	  0.0000e+00	  7.8688e-03	  3.9559e-04	  1.2475e-02	  6.4242e-03	  5.4365e-05	  2.6277e-02	  5.7405e-03	  2.6510e-04	  1.1179e-02	  0.0000e+00	  1.9963e-03	
    -7.05059	  4.4000e+01	  6.1905e+00	  7.9602e-05	  7.8040e-04	  1.4434e-05	  6.4212e-03	  1.1413e-02	  9.8317e+03	  1.0867e-01	  2.9004e-01	  5.6506e-01	  9.5981e-01	  8.1803e-01	  1.8003e+01	  1.5998e+00	  1.1344e-02	  9.5518e-01	  8.8378e-02	  8.8378e-02	  4.5396e+00	  1.8937e+01	  1.0132e-01	  1.1274e+00	  1.0054e+00	  1.0000e+00	  3.1073e-01	  5.4330e-02	  0.0000e+00	  8.0438e-03	  4.0175e-04	  1.2653e-02	  6.5238e-03	  5.4090e-05	  2.6708e-02	  5.8187e-03	  2.6674e-04	  1.1413e-02	  0.0000e+00	  1.9965e-03	
    -7.05306	  4.5000e+01	  6.1891e+00	  7.9584e-05	  8.0654e-04	  1.4436e-05	  6.5561e-03	  1.1644e-02	  9.9707e+03	  1.0768e-01	  2.8718e-01	  5.6172e-01	  9.5885e-01	  7.8033e-01	  1.8026e+01	  1.5964e+00	  1.1085e-02	  9.5072e-01	  8.9243e-02	  8.9243e-02	  4.6233e+00	  1.8853e+01	  1.0032e-01	  1.1299e+00	  1.0056e+00	  1.0000e+00	  3.1696e-01	  5.6095e-02	  0.0000e+00	  8.2179e-03	  4.0787e-04	  1.2830e-02	  6.6222e-03	  5.3811e-05	  2.7134e-02	  5.8959e-03	  2.6836e-04	  1.1644e-02	  0.0000e+00	  1.9966e-03	
    -7.05551	  4.6000e+01	  6.1878e+00	  7.9566e-05	  8.3259e-04	  1.4438e-05	  6.6891e-03	  1.1873e-02	  1.0108e+04	  1.0672e-01	  2.8442e-01	  5.5846e-01	  9.5790e-01	  7.4429e-01	  1.8047e+01	  1.5931e+00	  1.0837e-02	  9.4595e-01	  9.0101e-02	  9.0101e-02	  4.7058e+00	  1.8770e+01	  9.9353e-02	  1.1324e+00	  1.0058e+00	  1.0000e+00	  3.2309e-01	  5.7855e-02	  0.0000e+00	  8.3911e-03	  4.1395e-04	  1.3004e-02	  6.7196e-03	  5.3530e-05	  2.7556e-02	  5.9721e-03	  2.6994e-04	  1.1873e-02	  0.0000e+00	  1.9968e-03	
    -7.05795	  4.7000e+01	  6.1866e+00	  7.9548e-05	  8.5855e-04	  1.4439e-05	  6.8202e-03	  1.2099e-02	  1.0244e+04	  1.0580e-01	  2.8174e-01	  5.5527e-01	  9.5695e-01	  7.0985e-01	  1.8068e+01	  1.5898e+00	  1.0597e-02	  9.4089e-01	  9.0954e-02	  9.0954e-02	  4.7870e+00	  1.8689e+01	  9.8417e-02	  1.1349e+00	  1.0060e+00	  1.0000e+00	  3.2912e-01	  5.9609e-02	  0.0000e+00	  8.5633e-03	  4.1997e-04	  1.3175e-02	  6.8159e-03	  5.3247e-05	  2.7974e-02	  6.0474e-03	  2.7148e-04	  1.2099e-02	  0.0000e+00	  1.9969e-03	
    -7.06038	  4.8000e+01	  6.1854e+00	  7.9530e-05	  8.8441e-04	  1.4441e-05	  6.9495e-03	  1.2323e-02	  1.0378e+04	  1.0491e-01	  2.7915e-01	  5.5216e-01	  9.5600e-01	  6.7698e-01	  1.8088e+01	  1.5865e+00	  1.0367e-02	  9.3556e-01	  9.1801e-02	  9.1801e-02	  4.8669e+00	  1.8609e+01	  9.7511e-02	  1.1373e+00	  1.0061e+00	  1.0000e+00	  3.3506e-01	  6.1356e-02	  0.0000e+00	  8.7346e-03	  4.2596e-04	  1.3344e-02	  6.9111e-03	  5.2962e-05	  2.8387e-02	  6.1217e-03	  2.7300e-04	  1.2323e-02	  0.0000e+00	  1.9970e-03	
    -7.06279	  4.9000e+01	  6.1844e+00	  7.9512e-05	  9.1015e-04	  1.4443e-05	  7.0769e-03	  1.2543e-02	  1.0510e+04	  1.0404e-01	  2.7663e-01	  5.4913e-01	  9.5506e-01	  6.4561e-01	  1.8107e+01	  1.5832e+00	  1.0145e-02	  9.2998e-01	  9.2642e-02	  9.2642e-02	  4.9456e+00	  1.8530e+01	  9.6635e-02	  1.1397e+00	  1.0063e+00	  1.0000e+00	  3.4090e-01	  6.3096e-02	  0.0000e+00	  8.9049e-03	  4.3190e-04	  1.3511e-02	  7.0052e-03	  5.2676e-05	  2.8795e-02	  6.1952e-03	  2.7448e-04	  1.2543e-02	  0.0000e+00	  1.9971e-03	
    -7.06519	  5.0000e+01	  6.1834e+00	  7.9495e-05	  9.3576e-04	  1.4445e-05	  7.2024e-03	  1.2761e-02	  1.0640e+04	  1.0321e-01	  2.7419e-01	  5.4616e-01	  9.5412e-01	  6.1569e-01	  1.8125e+01	  1.5799e+00	  9.9320e-03	  9.2415e-01	  9.3476e-02	  9.3476e-02	  5.0230e+00	  1.8452e+01	  9.5790e-02	  1.1421e+00	  1.0065e+00	  1.0000e+00	  3.4665e-01	  6.4827e-02	  0.0000e+00	  9.0741e-03	  4.3779e-04	  1.3676e-02	  7.0983e-03	  5.2390e-05	  2.9200e-02	  6.2677e-03	  2.7594e-04	  1.2761e-02	  0.0000e+00	  1.9972e-03	
    -7.06757	  5.1000e+01	  6.1824e+00	  7.9478e-05	  9.6124e-04	  1.4446e-05	  7.3261e-03	  1.2977e-02	  1.0769e+04	  1.0240e-01	  2.7182e-01	  5.4327e-01	  9.5319e-01	  5.8717e-01	  1.8143e+01	  1.5766e+00	  9.7274e-03	  9.1810e-01	  9.4303e-02	  9.4303e-02	  5.0991e+00	  1.8376e+01	  9.4974e-02	  1.1444e+00	  1.0067e+00	  1.0000e+00	  3.5230e-01	  6.6550e-02	  0.0000e+00	  9.2424e-03	  4.4364e-04	  1.3839e-02	  7.1904e-03	  5.2104e-05	  2.9600e-02	  6.3394e-03	  2.7737e-04	  1.2977e-02	  0.0000e+00	  1.9972e-03	
    -7.06993	  5.2000e+01	  6.1816e+00	  7.9461e-05	  9.8657e-04	  1.4448e-05	  7.4480e-03	  1.3189e-02	  1.0897e+04	  1.0161e-01	  2.6952e-01	  5.4044e-01	  9.5226e-01	  5.6001e-01	  1.8160e+01	  1.5733e+00	  9.5311e-03	  9.1183e-01	  9.5123e-02	  9.5123e-02	  5.1741e+00	  1.8301e+01	  9.4188e-02	  1.1467e+00	  1.0068e+00	  1.0000e+00	  3.5786e-01	  6.8263e-02	  0.0000e+00	  9.4096e-03	  4.4945e-04	  1.4000e-02	  7.2815e-03	  5.1818e-05	  2.9996e-02	  6.4103e-03	  2.7877e-04	  1.3189e-02	  0.0000e+00	  1.9973e-03	
    -7.07228	  5.3000e+01	  6.1808e+00	  7.9445e-05	  1.0118e-03	  1.4450e-05	  7.5681e-03	  1.3400e-02	  1.1023e+04	  1.0085e-01	  2.6729e-01	  5.3767e-01	  9.5134e-01	  5.3414e-01	  1.8176e+01	  1.5701e+00	  9.3428e-03	  9.0537e-01	  9.5936e-02	  9.5936e-02	  5.2479e+00	  1.8227e+01	  9.3432e-02	  1.1489e+00	  1.0070e+00	  1.0000e+00	  3.6334e-01	  6.9967e-02	  0.0000e+00	  9.5758e-03	  4.5521e-04	  1.4158e-02	  7.3715e-03	  5.1533e-05	  3.0387e-02	  6.4803e-03	  2.8014e-04	  1.3400e-02	  0.0000e+00	  1.9974e-03	
     -7.0746	  5.4000e+01	  6.1800e+00	  7.9428e-05	  1.0368e-03	  1.4452e-05	  7.6864e-03	  1.3607e-02	  1.1147e+04	  1.0011e-01	  2.6512e-01	  5.3497e-01	  9.5042e-01	  5.0951e-01	  1.8192e+01	  1.5668e+00	  9.1623e-03	  8.9873e-01	  9.6742e-02	  9.6742e-02	  5.3205e+00	  1.8154e+01	  9.2704e-02	  1.1511e+00	  1.0072e+00	  1.0000e+00	  3.6872e-01	  7.1661e-02	  0.0000e+00	  9.7410e-03	  4.6093e-04	  1.4315e-02	  7.4606e-03	  5.1249e-05	  3.0775e-02	  6.5496e-03	  2.8149e-04	  1.3607e-02	  0.0000e+00	  1.9975e-03	
    -7.07691	  5.5000e+01	  6.1793e+00	  7.9412e-05	  1.0617e-03	  1.4453e-05	  7.8030e-03	  1.3812e-02	  1.1270e+04	  9.9388e-02	  2.6301e-01	  5.3233e-01	  9.4951e-01	  4.8609e-01	  1.8206e+01	  1.5636e+00	  8.9895e-03	  8.9192e-01	  9.7540e-02	  9.7540e-02	  5.3920e+00	  1.8083e+01	  9.2004e-02	  1.1533e+00	  1.0073e+00	  1.0000e+00	  3.7402e-01	  7.3344e-02	  0.0000e+00	  9.9051e-03	  4.6661e-04	  1.4469e-02	  7.5488e-03	  5.0967e-05	  3.1158e-02	  6.6180e-03	  2.8281e-04	  1.3812e-02	  0.0000e+00	  1.9975e-03	
    -7.07919	  5.6000e+01	  6.1787e+00	  7.9396e-05	  1.0864e-03	  1.4455e-05	  7.9179e-03	  1.4015e-02	  1.1392e+04	  9.8690e-02	  2.6095e-01	  5.2974e-01	  9.4860e-01	  4.6381e-01	  1.8221e+01	  1.5603e+00	  8.8241e-03	  8.8496e-01	  9.8331e-02	  9.8331e-02	  5.4623e+00	  1.8012e+01	  9.1332e-02	  1.1554e+00	  1.0075e+00	  1.0000e+00	  3.7924e-01	  7.5016e-02	  0.0000e+00	  1.0068e-02	  4.7224e-04	  1.4622e-02	  7.6359e-03	  5.0687e-05	  3.1538e-02	  6.6857e-03	  2.8411e-04	  1.4015e-02	  0.0000e+00	  1.9976e-03	
    -7.08145	  5.7000e+01	  6.1781e+00	  7.9380e-05	  1.1109e-03	  1.4456e-05	  8.0311e-03	  1.4215e-02	  1.1512e+04	  9.8012e-02	  2.5896e-01	  5.2721e-01	  9.4770e-01	  4.4264e-01	  1.8234e+01	  1.5571e+00	  8.6659e-03	  8.7785e-01	  9.9113e-02	  9.9113e-02	  5.5316e+00	  1.7943e+01	  9.0688e-02	  1.1575e+00	  1.0077e+00	  1.0000e+00	  3.8437e-01	  7.6677e-02	  0.0000e+00	  1.0230e-02	  4.7783e-04	  1.4773e-02	  7.7222e-03	  5.0409e-05	  3.1914e-02	  6.7526e-03	  2.8539e-04	  1.4215e-02	  0.0000e+00	  1.9976e-03	
     -7.0837	  5.8000e+01	  6.1775e+00	  7.9364e-05	  1.1353e-03	  1.4458e-05	  8.1426e-03	  1.4412e-02	  1.1630e+04	  9.7353e-02	  2.5701e-01	  5.2474e-01	  9.4680e-01	  4.2253e-01	  1.8247e+01	  1.5539e+00	  8.5148e-03	  8.7062e-01	  9.9888e-02	  9.9888e-02	  5.5997e+00	  1.7874e+01	  9.0070e-02	  1.1596e+00	  1.0078e+00	  1.0000e+00	  3.8941e-01	  7.8327e-02	  0.0000e+00	  1.0391e-02	  4.8338e-04	  1.4922e-02	  7.8075e-03	  5.0132e-05	  3.2285e-02	  6.8188e-03	  2.8664e-04	  1.4412e-02	  0.0000e+00	  1.9977e-03	
    -7.08591	  5.9000e+01	  6.1770e+00	  7.9348e-05	  1.1595e-03	  1.4460e-05	  8.2525e-03	  1.4607e-02	  1.1747e+04	  9.6712e-02	  2.5512e-01	  5.2232e-01	  9.4591e-01	  4.0342e-01	  1.8260e+01	  1.5507e+00	  8.3705e-03	  8.6326e-01	  1.0065e-01	  1.0065e-01	  5.6668e+00	  1.7807e+01	  8.9478e-02	  1.1616e+00	  1.0080e+00	  1.0000e+00	  3.9438e-01	  7.9965e-02	  0.0000e+00	  1.0551e-02	  4.8888e-04	  1.5068e-02	  7.8919e-03	  4.9859e-05	  3.2653e-02	  6.8842e-03	  2.8787e-04	  1.4607e-02	  0.0000e+00	  1.9977e-03	
    -7.08811	  6.0000e+01	  6.1765e+00	  7.9333e-05	  1.1836e-03	  1.4461e-05	  8.3608e-03	  1.4800e-02	  1.1863e+04	  9.6088e-02	  2.5328e-01	  5.1995e-01	  9.4503e-01	  3.8528e-01	  1.8272e+01	  1.5475e+00	  8.2329e-03	  8.5581e-01	  1.0141e-01	  1.0141e-01	  5.7329e+00	  1.7741e+01	  8.8912e-02	  1.1636e+00	  1.0082e+00	  1.0000e+00	  3.9927e-01	  8.1592e-02	  0.0000e+00	  1.0710e-02	  4.9434e-04	  1.5214e-02	  7.9754e-03	  4.9588e-05	  3.3017e-02	  6.9489e-03	  2.8908e-04	  1.4800e-02	  0.0000e+00	  1.9978e-03	
    -7.09028	  6.1000e+01	  6.1760e+00	  7.9318e-05	  1.2074e-03	  1.4463e-05	  8.4675e-03	  1.4990e-02	  1.1978e+04	  9.5482e-02	  2.5149e-01	  5.1762e-01	  9.4415e-01	  3.6807e-01	  1.8283e+01	  1.5443e+00	  8.1018e-03	  8.4826e-01	  1.0216e-01	  1.0216e-01	  5.7980e+00	  1.7675e+01	  8.8370e-02	  1.1656e+00	  1.0083e+00	  1.0000e+00	  4.0408e-01	  8.3206e-02	  0.0000e+00	  1.0868e-02	  4.9976e-04	  1.5357e-02	  8.0580e-03	  4.9319e-05	  3.3377e-02	  7.0129e-03	  2.9027e-04	  1.4990e-02	  0.0000e+00	  1.9978e-03	
    -7.09243	  6.2000e+01	  6.1756e+00	  7.9302e-05	  1.2311e-03	  1.4464e-05	  8.5727e-03	  1.5178e-02	  1.2091e+04	  9.4891e-02	  2.4974e-01	  5.1535e-01	  9.4327e-01	  3.5173e-01	  1.8294e+01	  1.5411e+00	  7.9769e-03	  8.4063e-01	  1.0291e-01	  1.0291e-01	  5.8620e+00	  1.7611e+01	  8.7853e-02	  1.1675e+00	  1.0085e+00	  1.0000e+00	  4.0882e-01	  8.4809e-02	  0.0000e+00	  1.1024e-02	  5.0514e-04	  1.5498e-02	  8.1398e-03	  4.9054e-05	  3.3734e-02	  7.0762e-03	  2.9144e-04	  1.5178e-02	  0.0000e+00	  1.9978e-03	
    -7.09456	  6.3000e+01	  6.1752e+00	  7.9288e-05	  1.2546e-03	  1.4466e-05	  8.6763e-03	  1.5364e-02	  1.2203e+04	  9.4316e-02	  2.4804e-01	  5.1312e-01	  9.4240e-01	  3.3624e-01	  1.8305e+01	  1.5379e+00	  7.8582e-03	  8.3292e-01	  1.0364e-01	  1.0364e-01	  5.9251e+00	  1.7548e+01	  8.7360e-02	  1.1695e+00	  1.0086e+00	  1.0000e+00	  4.1348e-01	  8.6399e-02	  0.0000e+00	  1.1180e-02	  5.1047e-04	  1.5638e-02	  8.2207e-03	  4.8792e-05	  3.4087e-02	  7.1388e-03	  2.9259e-04	  1.5364e-02	  0.0000e+00	  1.9979e-03	
    -7.09667	  6.4000e+01	  6.1748e+00	  7.9273e-05	  1.2779e-03	  1.4467e-05	  8.7785e-03	  1.5548e-02	  1.2313e+04	  9.3755e-02	  2.4637e-01	  5.1094e-01	  9.4154e-01	  3.2154e-01	  1.8315e+01	  1.5347e+00	  7.7454e-03	  8.2515e-01	  1.0436e-01	  1.0436e-01	  5.9873e+00	  1.7486e+01	  8.6889e-02	  1.1713e+00	  1.0088e+00	  1.0000e+00	  4.1807e-01	  8.7978e-02	  0.0000e+00	  1.1334e-02	  5.1576e-04	  1.5776e-02	  8.3007e-03	  4.8532e-05	  3.4436e-02	  7.2008e-03	  2.9372e-04	  1.5548e-02	  0.0000e+00	  1.9979e-03	
    -7.09875	  6.5000e+01	  6.1745e+00	  7.9258e-05	  1.3010e-03	  1.4469e-05	  8.8791e-03	  1.5729e-02	  1.2422e+04	  9.3209e-02	  2.4475e-01	  5.0881e-01	  9.4069e-01	  3.0762e-01	  1.8324e+01	  1.5316e+00	  7.6384e-03	  8.1733e-01	  1.0508e-01	  1.0508e-01	  6.0485e+00	  1.7424e+01	  8.6441e-02	  1.1732e+00	  1.0090e+00	  1.0000e+00	  4.2259e-01	  8.9544e-02	  0.0000e+00	  1.1488e-02	  5.2101e-04	  1.5913e-02	  8.3799e-03	  4.8276e-05	  3.4782e-02	  7.2620e-03	  2.9483e-04	  1.5729e-02	  0.0000e+00	  1.9979e-03	
     -7.1008	  6.6000e+01	  6.1741e+00	  7.9244e-05	  1.3239e-03	  1.4470e-05	  8.9784e-03	  1.5908e-02	  1.2530e+04	  9.2677e-02	  2.4317e-01	  5.0671e-01	  9.3983e-01	  2.9441e-01	  1.8334e+01	  1.5284e+00	  7.5369e-03	  8.0947e-01	  1.0579e-01	  1.0579e-01	  6.1088e+00	  1.7364e+01	  8.6015e-02	  1.1750e+00	  1.0091e+00	  1.0000e+00	  4.2703e-01	  9.1097e-02	  0.0000e+00	  1.1640e-02	  5.2622e-04	  1.6047e-02	  8.4583e-03	  4.8023e-05	  3.5124e-02	  7.3227e-03	  2.9592e-04	  1.5908e-02	  0.0000e+00	  1.9980e-03	
    -7.10283	  6.7000e+01	  6.1738e+00	  7.9229e-05	  1.3467e-03	  1.4472e-05	  9.0762e-03	  1.6085e-02	  1.2637e+04	  9.2158e-02	  2.4163e-01	  5.0466e-01	  9.3899e-01	  2.8190e-01	  1.8343e+01	  1.5253e+00	  7.4408e-03	  8.0157e-01	  1.0649e-01	  1.0649e-01	  6.1682e+00	  1.7304e+01	  8.5610e-02	  1.1768e+00	  1.0093e+00	  1.0000e+00	  4.3141e-01	  9.2638e-02	  0.0000e+00	  1.1791e-02	  5.3139e-04	  1.6180e-02	  8.5358e-03	  4.7774e-05	  3.5463e-02	  7.3826e-03	  2.9699e-04	  1.6085e-02	  0.0000e+00	  1.9980e-03	
    -7.10484	  6.8000e+01	  6.1736e+00	  7.9215e-05	  1.3692e-03	  1.4473e-05	  9.1727e-03	  1.6259e-02	  1.2743e+04	  9.1652e-02	  2.4013e-01	  5.0264e-01	  9.3815e-01	  2.7004e-01	  1.8351e+01	  1.5221e+00	  7.3499e-03	  7.9365e-01	  1.0718e-01	  1.0718e-01	  6.2268e+00	  1.7245e+01	  8.5226e-02	  1.1786e+00	  1.0094e+00	  1.0000e+00	  4.3573e-01	  9.4167e-02	  0.0000e+00	  1.1941e-02	  5.3652e-04	  1.6312e-02	  8.6126e-03	  4.7528e-05	  3.5798e-02	  7.4419e-03	  2.9805e-04	  1.6259e-02	  0.0000e+00	  1.9980e-03	
    -7.10682	  6.9000e+01	  6.1733e+00	  7.9201e-05	  1.3916e-03	  1.4475e-05	  9.2678e-03	  1.6432e-02	  1.2847e+04	  9.1158e-02	  2.3866e-01	  5.0067e-01	  9.3732e-01	  2.5881e-01	  1.8359e+01	  1.5190e+00	  7.2641e-03	  7.8571e-01	  1.0786e-01	  1.0786e-01	  6.2845e+00	  1.7188e+01	  8.4862e-02	  1.1803e+00	  1.0096e+00	  1.0000e+00	  4.3998e-01	  9.5684e-02	  0.0000e+00	  1.2090e-02	  5.4160e-04	  1.6442e-02	  8.6885e-03	  4.7285e-05	  3.6129e-02	  7.5006e-03	  2.9909e-04	  1.6432e-02	  0.0000e+00	  1.9981e-03	
    -7.10878	  7.0000e+01	  6.1731e+00	  7.9188e-05	  1.4138e-03	  1.4476e-05	  9.3615e-03	  1.6603e-02	  1.2950e+04	  9.0676e-02	  2.3722e-01	  4.9874e-01	  9.3649e-01	  2.4817e-01	  1.8367e+01	  1.5159e+00	  7.1832e-03	  7.7775e-01	  1.0853e-01	  1.0853e-01	  6.3414e+00	  1.7130e+01	  8.4518e-02	  1.1820e+00	  1.0097e+00	  1.0000e+00	  4.4416e-01	  9.7188e-02	  0.0000e+00	  1.2238e-02	  5.4665e-04	  1.6570e-02	  8.7636e-03	  4.7046e-05	  3.6458e-02	  7.5587e-03	  3.0011e-04	  1.6603e-02	  0.0000e+00	  1.9981e-03	
    -7.11072	  7.1000e+01	  6.1729e+00	  7.9174e-05	  1.4358e-03	  1.4477e-05	  9.4540e-03	  1.6771e-02	  1.3052e+04	  9.0205e-02	  2.3582e-01	  4.9684e-01	  9.3567e-01	  2.3809e-01	  1.8374e+01	  1.5128e+00	  7.1069e-03	  7.6980e-01	  1.0920e-01	  1.0920e-01	  6.3975e+00	  1.7074e+01	  8.4193e-02	  1.1837e+00	  1.0099e+00	  1.0000e+00	  4.4828e-01	  9.8680e-02	  0.0000e+00	  1.2385e-02	  5.5165e-04	  1.6697e-02	  8.8380e-03	  4.6810e-05	  3.6783e-02	  7.6161e-03	  3.0112e-04	  1.6771e-02	  0.0000e+00	  1.9981e-03	
    -7.11263	  7.2000e+01	  6.1727e+00	  7.9160e-05	  1.4577e-03	  1.4479e-05	  9.5452e-03	  1.6938e-02	  1.3153e+04	  8.9746e-02	  2.3445e-01	  4.9497e-01	  9.3485e-01	  2.2854e-01	  1.8381e+01	  1.5096e+00	  7.0353e-03	  7.6184e-01	  1.0986e-01	  1.0986e-01	  6.4529e+00	  1.7019e+01	  8.3886e-02	  1.1854e+00	  1.0100e+00	  1.0000e+00	  4.5235e-01	  1.0016e-01	  0.0000e+00	  1.2531e-02	  5.5661e-04	  1.6822e-02	  8.9116e-03	  4.6578e-05	  3.7104e-02	  7.6730e-03	  3.0211e-04	  1.6938e-02	  0.0000e+00	  1.9981e-03	
    -7.11452	  7.3000e+01	  6.1725e+00	  7.9147e-05	  1.4793e-03	  1.4480e-05	  9.6351e-03	  1.7102e-02	  1.3252e+04	  8.9297e-02	  2.3311e-01	  4.9315e-01	  9.3405e-01	  2.1949e-01	  1.8388e+01	  1.5065e+00	  6.9680e-03	  7.5389e-01	  1.1050e-01	  1.1050e-01	  6.5074e+00	  1.6964e+01	  8.3598e-02	  1.1870e+00	  1.0102e+00	  1.0000e+00	  4.5635e-01	  1.0163e-01	  0.0000e+00	  1.2675e-02	  5.6154e-04	  1.6946e-02	  8.9844e-03	  4.6349e-05	  3.7422e-02	  7.7292e-03	  3.0309e-04	  1.7102e-02	  0.0000e+00	  1.9981e-03	
    -7.11639	  7.4000e+01	  6.1723e+00	  7.9134e-05	  1.5008e-03	  1.4482e-05	  9.7239e-03	  1.7265e-02	  1.3351e+04	  8.8858e-02	  2.3180e-01	  4.9135e-01	  9.3324e-01	  2.1093e-01	  1.8395e+01	  1.5035e+00	  6.9050e-03	  7.4596e-01	  1.1114e-01	  1.1114e-01	  6.5612e+00	  1.6910e+01	  8.3327e-02	  1.1886e+00	  1.0103e+00	  1.0000e+00	  4.6029e-01	  1.0308e-01	  0.0000e+00	  1.2819e-02	  5.6642e-04	  1.7068e-02	  9.0565e-03	  4.6124e-05	  3.7738e-02	  7.7848e-03	  3.0405e-04	  1.7265e-02	  0.0000e+00	  1.9982e-03	
    -7.11823	  7.5000e+01	  6.1722e+00	  7.9121e-05	  1.5221e-03	  1.4483e-05	  9.8114e-03	  1.7426e-02	  1.3448e+04	  8.8430e-02	  2.3052e-01	  4.8960e-01	  9.3245e-01	  2.0281e-01	  1.8401e+01	  1.5004e+00	  6.8461e-03	  7.3805e-01	  1.1177e-01	  1.1177e-01	  6.6143e+00	  1.6857e+01	  8.3073e-02	  1.1902e+00	  1.0105e+00	  1.0000e+00	  4.6418e-01	  1.0453e-01	  0.0000e+00	  1.2961e-02	  5.7126e-04	  1.7189e-02	  9.1279e-03	  4.5902e-05	  3.8049e-02	  7.8399e-03	  3.0499e-04	  1.7426e-02	  0.0000e+00	  1.9982e-03	
    -7.12004	  7.6000e+01	  6.1720e+00	  7.9108e-05	  1.5432e-03	  1.4484e-05	  9.8977e-03	  1.7584e-02	  1.3545e+04	  8.8011e-02	  2.2927e-01	  4.8787e-01	  9.3165e-01	  1.9513e-01	  1.8407e+01	  1.4973e+00	  6.7911e-03	  7.3016e-01	  1.1239e-01	  1.1239e-01	  6.6667e+00	  1.6804e+01	  8.2836e-02	  1.1918e+00	  1.0106e+00	  1.0000e+00	  4.6801e-01	  1.0596e-01	  0.0000e+00	  1.3103e-02	  5.7607e-04	  1.7309e-02	  9.1985e-03	  4.5683e-05	  3.8358e-02	  7.8943e-03	  3.0592e-04	  1.7584e-02	  0.0000e+00	  1.9982e-03	
    -7.12184	  7.7000e+01	  6.1719e+00	  7.9095e-05	  1.5642e-03	  1.4485e-05	  9.9829e-03	  1.7741e-02	  1.3640e+04	  8.7602e-02	  2.2805e-01	  4.8617e-01	  9.3087e-01	  1.8784e-01	  1.8413e+01	  1.4942e+00	  6.7400e-03	  7.2231e-01	  1.1301e-01	  1.1301e-01	  6.7184e+00	  1.6752e+01	  8.2615e-02	  1.1934e+00	  1.0107e+00	  1.0000e+00	  4.7179e-01	  1.0738e-01	  0.0000e+00	  1.3243e-02	  5.8083e-04	  1.7427e-02	  9.2683e-03	  4.5469e-05	  3.8664e-02	  7.9482e-03	  3.0684e-04	  1.7741e-02	  0.0000e+00	  1.9982e-03	
    -7.12361	  7.8000e+01	  6.1718e+00	  7.9082e-05	  1.5849e-03	  1.4487e-05	  1.0067e-02	  1.7897e-02	  1.3734e+04	  8.7201e-02	  2.2685e-01	  4.8451e-01	  9.3009e-01	  1.8094e-01	  1.8418e+01	  1.4912e+00	  6.6924e-03	  7.1449e-01	  1.1361e-01	  1.1361e-01	  6.7694e+00	  1.6701e+01	  8.2410e-02	  1.1949e+00	  1.0109e+00	  1.0000e+00	  4.7552e-01	  1.0878e-01	  0.0000e+00	  1.3382e-02	  5.8556e-04	  1.7543e-02	  9.3375e-03	  4.5257e-05	  3.8966e-02	  8.0015e-03	  3.0774e-04	  1.7897e-02	  0.0000e+00	  1.9982e-03	
    -7.12536	  7.9000e+01	  6.1717e+00	  7.9070e-05	  1.6055e-03	  1.4488e-05	  1.0150e-02	  1.8050e-02	  1.3827e+04	  8.6810e-02	  2.2568e-01	  4.8287e-01	  9.2932e-01	  1.7440e-01	  1.8423e+01	  1.4881e+00	  6.6484e-03	  7.0671e-01	  1.1421e-01	  1.1421e-01	  6.8197e+00	  1.6651e+01	  8.2220e-02	  1.1964e+00	  1.0110e+00	  1.0000e+00	  4.7919e-01	  1.1018e-01	  0.0000e+00	  1.3520e-02	  5.9025e-04	  1.7659e-02	  9.4059e-03	  4.5049e-05	  3.9265e-02	  8.0543e-03	  3.0863e-04	  1.8050e-02	  0.0000e+00	  1.9982e-03	
    -7.12708	  8.0000e+01	  6.1716e+00	  7.9057e-05	  1.6259e-03	  1.4489e-05	  1.0232e-02	  1.8202e-02	  1.3919e+04	  8.6427e-02	  2.2453e-01	  4.8127e-01	  9.2855e-01	  1.6821e-01	  1.8428e+01	  1.4850e+00	  6.6078e-03	  6.9897e-01	  1.1480e-01	  1.1480e-01	  6.8695e+00	  1.6601e+01	  8.2046e-02	  1.1979e+00	  1.0112e+00	  1.0000e+00	  4.8281e-01	  1.1156e-01	  0.0000e+00	  1.3657e-02	  5.9489e-04	  1.7773e-02	  9.4737e-03	  4.4844e-05	  3.9562e-02	  8.1065e-03	  3.0951e-04	  1.8202e-02	  0.0000e+00	  1.9982e-03	
    -7.12878	  8.1000e+01	  6.1715e+00	  7.9045e-05	  1.6462e-03	  1.4491e-05	  1.0313e-02	  1.8352e-02	  1.4010e+04	  8.6052e-02	  2.2341e-01	  4.7969e-01	  9.2779e-01	  1.6233e-01	  1.8433e+01	  1.4820e+00	  6.5705e-03	  6.9128e-01	  1.1538e-01	  1.1538e-01	  6.9185e+00	  1.6551e+01	  8.1886e-02	  1.1993e+00	  1.0113e+00	  1.0000e+00	  4.8639e-01	  1.1294e-01	  0.0000e+00	  1.3793e-02	  5.9950e-04	  1.7885e-02	  9.5407e-03	  4.4643e-05	  3.9855e-02	  8.1581e-03	  3.1037e-04	  1.8352e-02	  0.0000e+00	  1.9983e-03	
    -7.13046	  8.2000e+01	  6.1714e+00	  7.9033e-05	  1.6662e-03	  1.4492e-05	  1.0393e-02	  1.8500e-02	  1.4100e+04	  8.5685e-02	  2.2231e-01	  4.7815e-01	  9.2704e-01	  1.5676e-01	  1.8438e+01	  1.4790e+00	  6.5362e-03	  6.8363e-01	  1.1595e-01	  1.1595e-01	  6.9670e+00	  1.6503e+01	  8.1740e-02	  1.2008e+00	  1.0114e+00	  1.0000e+00	  4.8991e-01	  1.1430e-01	  0.0000e+00	  1.3928e-02	  6.0408e-04	  1.7996e-02	  9.6071e-03	  4.4445e-05	  4.0145e-02	  8.2092e-03	  3.1122e-04	  1.8500e-02	  0.0000e+00	  1.9983e-03	
    -7.13212	  8.3000e+01	  6.1713e+00	  7.9021e-05	  1.6861e-03	  1.4493e-05	  1.0471e-02	  1.8647e-02	  1.4189e+04	  8.5326e-02	  2.2124e-01	  4.7662e-01	  9.2629e-01	  1.5147e-01	  1.8442e+01	  1.4759e+00	  6.5050e-03	  6.7605e-01	  1.1651e-01	  1.1651e-01	  7.0149e+00	  1.6455e+01	  8.1608e-02	  1.2022e+00	  1.0116e+00	  1.0000e+00	  4.9339e-01	  1.1565e-01	  0.0000e+00	  1.4062e-02	  6.0861e-04	  1.8106e-02	  9.6728e-03	  4.4250e-05	  4.0433e-02	  8.2597e-03	  3.1206e-04	  1.8647e-02	  0.0000e+00	  1.9983e-03	
    -7.13375	  8.4000e+01	  6.1713e+00	  7.9009e-05	  1.7059e-03	  1.4494e-05	  1.0549e-02	  1.8792e-02	  1.4277e+04	  8.4974e-02	  2.2018e-01	  4.7513e-01	  9.2554e-01	  1.4646e-01	  1.8446e+01	  1.4729e+00	  6.4767e-03	  6.6851e-01	  1.1707e-01	  1.1707e-01	  7.0622e+00	  1.6407e+01	  8.1490e-02	  1.2036e+00	  1.0117e+00	  1.0000e+00	  4.9682e-01	  1.1699e-01	  0.0000e+00	  1.4195e-02	  6.1310e-04	  1.8215e-02	  9.7378e-03	  4.4058e-05	  4.0717e-02	  8.3097e-03	  3.1288e-04	  1.8792e-02	  0.0000e+00	  1.9983e-03	
    -7.13536	  8.5000e+01	  6.1712e+00	  7.8997e-05	  1.7255e-03	  1.4495e-05	  1.0626e-02	  1.8936e-02	  1.4364e+04	  8.4630e-02	  2.1915e-01	  4.7366e-01	  9.2481e-01	  1.4170e-01	  1.8451e+01	  1.4699e+00	  6.4511e-03	  6.6104e-01	  1.1762e-01	  1.1762e-01	  7.1089e+00	  1.6360e+01	  8.1385e-02	  1.2050e+00	  1.0118e+00	  1.0000e+00	  5.0021e-01	  1.1831e-01	  0.0000e+00	  1.4327e-02	  6.1756e-04	  1.8323e-02	  9.8021e-03	  4.3870e-05	  4.0999e-02	  8.3592e-03	  3.1370e-04	  1.8936e-02	  0.0000e+00	  1.9983e-03	
    -7.13696	  8.6000e+01	  6.1712e+00	  7.8986e-05	  1.7449e-03	  1.4497e-05	  1.0702e-02	  1.9077e-02	  1.4451e+04	  8.4292e-02	  2.1814e-01	  4.7222e-01	  9.2408e-01	  1.3718e-01	  1.8454e+01	  1.4669e+00	  6.4282e-03	  6.5363e-01	  1.1816e-01	  1.1816e-01	  7.1551e+00	  1.6314e+01	  8.1293e-02	  1.2064e+00	  1.0120e+00	  1.0000e+00	  5.0355e-01	  1.1963e-01	  0.0000e+00	  1.4457e-02	  6.2198e-04	  1.8429e-02	  9.8658e-03	  4.3685e-05	  4.1278e-02	  8.4082e-03	  3.1450e-04	  1.9077e-02	  0.0000e+00	  1.9983e-03	
    -7.13852	  8.7000e+01	  6.1711e+00	  7.8974e-05	  1.7641e-03	  1.4498e-05	  1.0777e-02	  1.9218e-02	  1.4536e+04	  8.3962e-02	  2.1715e-01	  4.7080e-01	  9.2335e-01	  1.3289e-01	  1.8458e+01	  1.4639e+00	  6.4078e-03	  6.4628e-01	  1.1869e-01	  1.1869e-01	  7.2007e+00	  1.6268e+01	  8.1214e-02	  1.2077e+00	  1.0121e+00	  1.0000e+00	  5.0685e-01	  1.2094e-01	  0.0000e+00	  1.4587e-02	  6.2637e-04	  1.8534e-02	  9.9289e-03	  4.3503e-05	  4.1553e-02	  8.4566e-03	  3.1529e-04	  1.9218e-02	  0.0000e+00	  1.9983e-03	
    -7.13931	  8.8000e+01	  6.1703e+00	  7.8963e-05	  1.7832e-03	  1.4499e-05	  1.0856e-02	  1.9349e-02	  1.4619e+04	  8.3643e-02	  2.1619e-01	  4.6943e-01	  9.2264e-01	  1.2881e-01	  1.8462e+01	  1.4609e+00	  6.3899e-03	  6.3900e-01	  1.1921e-01	  1.1921e-01	  7.2458e+00	  1.6223e+01	  8.1147e-02	  1.2091e+00	  1.0122e+00	  1.0000e+00	  5.1011e-01	  1.2223e-01	  0.0000e+00	  1.4715e-02	  6.3068e-04	  1.8635e-02	  9.9898e-03	  4.3482e-05	  4.1827e-02	  8.5046e-03	  3.1605e-04	  1.9349e-02	  0.0000e+00	  1.9983e-03	
    -7.13835	  8.9000e+01	  6.1678e+00	  7.8953e-05	  1.8020e-03	  1.4500e-05	  1.0946e-02	  1.9460e-02	  1.4698e+04	  8.3343e-02	  2.1529e-01	  4.6813e-01	  9.2197e-01	  1.2493e-01	  1.8465e+01	  1.4579e+00	  6.3743e-03	  6.3178e-01	  1.1973e-01	  1.1973e-01	  7.2904e+00	  1.6178e+01	  8.1092e-02	  1.2104e+00	  1.0124e+00	  1.0000e+00	  5.1332e-01	  1.2352e-01	  0.0000e+00	  1.4840e-02	  6.3488e-04	  1.8728e-02	  1.0047e-02	  4.3824e-05	  4.2099e-02	  8.5525e-03	  3.1676e-04	  1.9460e-02	  0.0000e+00	  1.9983e-03	
    -7.13741	  9.0000e+01	  6.1653e+00	  7.8943e-05	  1.8206e-03	  1.4501e-05	  1.1035e-02	  1.9570e-02	  1.4776e+04	  8.3048e-02	  2.1441e-01	  4.6685e-01	  9.2130e-01	  1.2124e-01	  1.8469e+01	  1.4549e+00	  6.3610e-03	  6.2463e-01	  1.2024e-01	  1.2024e-01	  7.3345e+00	  1.6134e+01	  8.1048e-02	  1.2117e+00	  1.0125e+00	  1.0000e+00	  5.1650e-01	  1.2479e-01	  0.0000e+00	  1.4964e-02	  6.3904e-04	  1.8820e-02	  1.0103e-02	  4.4162e-05	  4.2368e-02	  8.5998e-03	  3.1746e-04	  1.9570e-02	  0.0000e+00	  1.9983e-03	
    -7.13648	  9.1000e+01	  6.1629e+00	  7.8932e-05	  1.8391e-03	  1.4502e-05	  1.1123e-02	  1.9679e-02	  1.4853e+04	  8.2759e-02	  2.1354e-01	  4.6560e-01	  9.2064e-01	  1.1773e-01	  1.8472e+01	  1.4519e+00	  6.3498e-03	  6.1756e-01	  1.2074e-01	  1.2074e-01	  7.3781e+00	  1.6090e+01	  8.1016e-02	  1.2130e+00	  1.0126e+00	  1.0000e+00	  5.1964e-01	  1.2606e-01	  0.0000e+00	  1.5087e-02	  6.4317e-04	  1.8910e-02	  1.0159e-02	  4.4497e-05	  4.2635e-02	  8.6465e-03	  3.1815e-04	  1.9679e-02	  0.0000e+00	  1.9983e-03	
    -7.13558	  9.2000e+01	  6.1605e+00	  7.8922e-05	  1.8575e-03	  1.4503e-05	  1.1210e-02	  1.9786e-02	  1.4929e+04	  8.2476e-02	  2.1269e-01	  4.6436e-01	  9.1998e-01	  1.1439e-01	  1.8475e+01	  1.4489e+00	  6.3407e-03	  6.1055e-01	  1.2123e-01	  1.2123e-01	  7.4213e+00	  1.6047e+01	  8.0995e-02	  1.2142e+00	  1.0127e+00	  1.0000e+00	  5.2274e-01	  1.2731e-01	  0.0000e+00	  1.5209e-02	  6.4726e-04	  1.9000e-02	  1.0214e-02	  4.4829e-05	  4.2899e-02	  8.6928e-03	  3.1883e-04	  1.9786e-02	  0.0000e+00	  1.9983e-03	
    -7.13469	  9.3000e+01	  6.1582e+00	  7.8912e-05	  1.8757e-03	  1.4504e-05	  1.1296e-02	  1.9893e-02	  1.5004e+04	  8.2198e-02	  2.1185e-01	  4.6315e-01	  9.1933e-01	  1.1121e-01	  1.8478e+01	  1.4460e+00	  6.3335e-03	  6.0362e-01	  1.2171e-01	  1.2171e-01	  7.4639e+00	  1.6004e+01	  8.0985e-02	  1.2155e+00	  1.0129e+00	  1.0000e+00	  5.2580e-01	  1.2856e-01	  0.0000e+00	  1.5330e-02	  6.5132e-04	  1.9088e-02	  1.0268e-02	  4.5158e-05	  4.3160e-02	  8.7386e-03	  3.1951e-04	  1.9893e-02	  0.0000e+00	  1.9983e-03	
    -7.13381	  9.4000e+01	  6.1558e+00	  7.8902e-05	  1.8937e-03	  1.4505e-05	  1.1382e-02	  1.9998e-02	  1.5079e+04	  8.1925e-02	  2.1104e-01	  4.6195e-01	  9.1868e-01	  1.0818e-01	  1.8481e+01	  1.4430e+00	  6.3282e-03	  5.9676e-01	  1.2219e-01	  1.2219e-01	  7.5061e+00	  1.5962e+01	  8.0986e-02	  1.2167e+00	  1.0130e+00	  1.0000e+00	  5.2882e-01	  1.2979e-01	  0.0000e+00	  1.5450e-02	  6.5535e-04	  1.9176e-02	  1.0322e-02	  4.5484e-05	  4.3419e-02	  8.7839e-03	  3.2017e-04	  1.9998e-02	  0.0000e+00	  1.9983e-03	
    -7.13296	  9.5000e+01	  6.1536e+00	  7.8893e-05	  1.9117e-03	  1.4506e-05	  1.1466e-02	  2.0102e-02	  1.5153e+04	  8.1658e-02	  2.1023e-01	  4.6078e-01	  9.1804e-01	  1.0529e-01	  1.8483e+01	  1.4401e+00	  6.3247e-03	  5.8998e-01	  1.2266e-01	  1.2266e-01	  7.5479e+00	  1.5920e+01	  8.0997e-02	  1.2180e+00	  1.0131e+00	  1.0000e+00	  5.3181e-01	  1.3102e-01	  0.0000e+00	  1.5569e-02	  6.5933e-04	  1.9262e-02	  1.0376e-02	  4.5807e-05	  4.3675e-02	  8.8287e-03	  3.2082e-04	  2.0102e-02	  0.0000e+00	  1.9983e-03	
    -7.13212	  9.6000e+01	  6.1513e+00	  7.8883e-05	  1.9294e-03	  1.4507e-05	  1.1550e-02	  2.0205e-02	  1.5226e+04	  8.1396e-02	  2.0944e-01	  4.5962e-01	  9.1741e-01	  1.0253e-01	  1.8486e+01	  1.4371e+00	  6.3229e-03	  5.8327e-01	  1.2313e-01	  1.2313e-01	  7.5892e+00	  1.5878e+01	  8.1019e-02	  1.2192e+00	  1.0132e+00	  1.0000e+00	  5.3476e-01	  1.3223e-01	  0.0000e+00	  1.5688e-02	  6.6329e-04	  1.9348e-02	  1.0428e-02	  4.6127e-05	  4.3928e-02	  8.8730e-03	  3.2147e-04	  2.0205e-02	  0.0000e+00	  1.9983e-03	
    -7.13129	  9.7000e+01	  6.1492e+00	  7.8874e-05	  1.9471e-03	  1.4508e-05	  1.1633e-02	  2.0306e-02	  1.5298e+04	  8.1138e-02	  2.0867e-01	  4.5849e-01	  9.1678e-01	  9.9892e-02	  1.8489e+01	  1.4342e+00	  6.3227e-03	  5.7663e-01	  1.2358e-01	  1.2358e-01	  7.6301e+00	  1.5837e+01	  8.1050e-02	  1.2204e+00	  1.0133e+00	  1.0000e+00	  5.3768e-01	  1.3344e-01	  0.0000e+00	  1.5805e-02	  6.6721e-04	  1.9432e-02	  1.0481e-02	  4.6444e-05	  4.4179e-02	  8.9168e-03	  3.2210e-04	  2.0306e-02	  0.0000e+00	  1.9983e-03	
    -7.13048	  9.8000e+01	  6.1470e+00	  7.8864e-05	  1.9646e-03	  1.4509e-05	  1.1715e-02	  2.0407e-02	  1.5369e+04	  8.0885e-02	  2.0791e-01	  4.5737e-01	  9.1615e-01	  9.7376e-02	  1.8491e+01	  1.4312e+00	  6.3241e-03	  5.7007e-01	  1.2403e-01	  1.2403e-01	  7.6705e+00	  1.5796e+01	  8.1092e-02	  1.2215e+00	  1.0135e+00	  1.0000e+00	  5.4057e-01	  1.3464e-01	  0.0000e+00	  1.5921e-02	  6.7109e-04	  1.9516e-02	  1.0532e-02	  4.6758e-05	  4.4427e-02	  8.9601e-03	  3.2273e-04	  2.0407e-02	  0.0000e+00	  1.9983e-03	
    -7.12968	  9.9000e+01	  6.1449e+00	  7.8855e-05	  1.9820e-03	  1.4510e-05	  1.1797e-02	  2.0507e-02	  1.5440e+04	  8.0637e-02	  2.0716e-01	  4.5627e-01	  9.1553e-01	  9.4971e-02	  1.8493e+01	  1.4283e+00	  6.3270e-03	  5.6359e-01	  1.2448e-01	  1.2448e-01	  7.7106e+00	  1.5756e+01	  8.1143e-02	  1.2227e+00	  1.0136e+00	  1.0000e+00	  5.4342e-01	  1.3583e-01	  0.0000e+00	  1.6036e-02	  6.7494e-04	  1.9598e-02	  1.0584e-02	  4.7069e-05	  4.4673e-02	  9.0029e-03	  3.2335e-04	  2.0507e-02	  0.0000e+00	  1.9983e-03	
     -7.1289	  1.0000e+02	  6.1428e+00	  7.8846e-05	  1.9992e-03	  1.4511e-05	  1.1877e-02	  2.0605e-02	  1.5510e+04	  8.0393e-02	  2.0643e-01	  4.5518e-01	  9.1492e-01	  9.2671e-02	  1.8495e+01	  1.4254e+00	  6.3313e-03	  5.5719e-01	  1.2491e-01	  1.2491e-01	  7.7503e+00	  1.5716e+01	  8.1203e-02	  1.2239e+00	  1.0137e+00	  1.0000e+00	  5.4625e-01	  1.3701e-01	  0.0000e+00	  1.6150e-02	  6.7876e-04	  1.9680e-02	  1.0634e-02	  4.7377e-05	  4.4916e-02	  9.0453e-03	  3.2396e-04	  2.0605e-02	  0.0000e+00	  1.9983e-03	
