          pe	        Time	          pH	       Ozero	          HS	         CH4	        CO2g	         CO2	          SC	        fsl1	        fsl2	        fsl3	        fsl4	         POM	         MOM	         QOM	         DOM	          BA	          EP	          EM	          IC	       Total	     OrgAcid	        Aero	        SulR	        Meth	       Caero	       Csulr	       Cmeth	          Na	           K	          Ca	          Mg	         PO4	          Cl	         SO4	         NH4	        HCO3	         FeS	      Pyrite	
           4	  0.0000e+00	  6.9509e+00	  2.5557e-04	  1.0001e-07	  0.0000e+00	  0.0000e+00	  9.0006e-06	  1.0504e+02	  7.6982e-01	  9.7338e-01	  9.9060e-01	  9.9999e-01	  0.0000e+00	  0.0000e+00	  0.0000e+00	  0.0000e+00	  0.0000e+00	  0.0000e+00	  0.0000e+00	  0.0000e+00	  0.0000e+00	  0.0000e+00	  0.0000e+00	  0.0000e+00	  0.0000e+00	  0.0000e+00	  0.0000e+00	  0.0000e+00	  1.1401e-04	  2.8002e-05	  1.8275e-04	  7.9006e-05	  5.0003e-06	  1.3301e-04	  4.0003e-06	  3.8003e-05	  9.0006e-06	  0.0000e+00	  0.0000e+00	
           4	  0.0000e+00	  6.9509e+00	  2.5557e-04	  1.0001e-07	  0.0000e+00	  0.0000e+00	  9.0006e-06	  1.0504e+02	  7.6982e-01	  9.7338e-01	  9.9060e-01	  9.9999e-01	  0.0000e+00	  0.0000e+00	  0.0000e+00	  0.0000e+00	  0.0000e+00	  0.0000e+00	  0.0000e+00	  0.0000e+00	  0.0000e+00	  0.0000e+00	  0.0000e+00	  0.0000e+00	  0.0000e+00	  0.0000e+00	  0.0000e+00	  0.0000e+00	  1.1401e-04	  2.8002e-05	  1.8275e-04	  7.9006e-05	  5.0003e-06	  1.3301e-04	  4.0003e-06	  3.8003e-05	  9.0006e-06	  0.0000e+00	  0.0000e+00	
    -6.64306	  1.0000e+00	  6.6784e+00	  8.0751e-05	  6.6094e-06	  1.4319e-05	  8.6339e-05	  2.6468e-04	  7.8276e+02	  4.3583e-01	  8.3349e-01	  9.3776e-01	  9.9950e-01	  4.5659e+00	  1.5974e+01	  1.7585e+00	  1.9944e-01	  6.2846e-01	  5.2524e-02	  5.2524e-02	  1.9410e-01	  2.3290e+01	  6.7781e-02	  1.0008e+00	  1.0000e+00	  1.0000e+00	  1.9174e-03	  6.5004e-07	  0.0000e+00	  3.2042e-04	  6.3978e-05	  9.7751e-04	  4.2999e-04	  8.7703e-05	  2.1132e-03	  9.5534e-05	  8.4255e-05	  2.6468e-04	  0.0000e+00	  1.4202e-03	
    -6.70662	  2.0000e+00	  6.5995e+00	  8.0701e-05	  8.5396e-06	  1.4324e-05	  1.7948e-04	  4.9331e-04	  1.2460e+03	  3.5496e-01	  7.5955e-01	  9.0570e-01	  9.9887e-01	  4.4252e+00	  1.6047e+01	  1.7531e+00	  6.9868e-02	  6.9141e-01	  5.3136e-02	  5.3136e-02	  3.3906e-01	  2.3145e+01	  9.1088e-02	  1.0026e+00	  1.0000e+00	  1.0000e+00	  6.3421e-03	  4.6331e-06	  0.0000e+00	  4.7970e-04	  8.1483e-05	  1.5529e-03	  6.8323e-04	  7.0098e-05	  3.5653e-03	  1.5189e-04	  1.0434e-04	  4.9331e-04	  0.0000e+00	  1.3917e-03	
    -6.73895	  3.0000e+00	  6.5485e+00	  8.0657e-05	  1.0011e-05	  1.4328e-05	  2.8396e-04	  7.3047e-04	  1.6491e+03	  3.0964e-01	  7.0530e-01	  8.7983e-01	  9.9816e-01	  4.2875e+00	  1.6119e+01	  1.7489e+00	  4.0156e-02	  7.1911e-01	  5.3789e-02	  5.3789e-02	  4.3934e-01	  2.3044e+01	  9.9319e-02	  1.0048e+00	  1.0000e+00	  1.0000e+00	  1.1811e-02	  1.3046e-05	  0.0000e+00	  6.3945e-04	  9.5343e-05	  2.0654e-03	  9.0993e-04	  6.2907e-05	  4.8411e-03	  1.9889e-04	  1.1884e-04	  7.3047e-04	  0.0000e+00	  1.3706e-03	
    -6.75925	  4.0000e+00	  6.5097e+00	  8.0615e-05	  1.1278e-05	  1.4332e-05	  3.9486e-04	  9.6792e-04	  2.0166e+03	  2.7917e-01	  6.6227e-01	  8.5766e-01	  9.9739e-01	  4.1524e+00	  1.6190e+01	  1.7448e+00	  3.4865e-02	  7.3752e-01	  5.4464e-02	  5.4464e-02	  5.2973e-01	  2.2954e+01	  1.0434e-01	  1.0073e+00	  1.0000e+00	  1.0000e+00	  1.7784e-02	  2.6161e-05	  0.0000e+00	  8.0259e-04	  1.0740e-04	  2.5377e-03	  1.1197e-03	  5.9246e-05	  6.0181e-03	  2.4117e-04	  1.3043e-04	  9.6792e-04	  0.0000e+00	  1.3536e-03	
    -6.77291	  5.0000e+00	  6.4776e+00	  8.0576e-05	  1.2431e-05	  1.4336e-05	  5.1131e-04	  1.2059e-03	  2.3598e+03	  2.5669e-01	  6.2665e-01	  8.3805e-01	  9.9657e-01	  4.0199e+00	  1.6259e+01	  1.7408e+00	  3.3198e-02	  7.5414e-01	  5.5155e-02	  5.5155e-02	  6.2056e-01	  2.2863e+01	  1.0847e-01	  1.0099e+00	  1.0000e+00	  1.0000e+00	  2.4144e-02	  4.4352e-05	  0.0000e+00	  9.6957e-04	  1.1839e-04	  2.9813e-03	  1.3175e-03	  5.7287e-05	  7.1289e-03	  2.8047e-04	  1.4020e-04	  1.2059e-03	  0.0000e+00	  1.3394e-03	
    -6.78226	  6.0000e+00	  6.4498e+00	  8.0539e-05	  1.3514e-05	  1.4340e-05	  6.3320e-04	  1.4454e-03	  2.6847e+03	  2.3915e-01	  5.9631e-01	  8.2037e-01	  9.9570e-01	  3.8900e+00	  1.6327e+01	  1.7369e+00	  3.2037e-02	  7.7011e-01	  5.5861e-02	  5.5861e-02	  7.1326e-01	  2.2770e+01	  1.1206e-01	  1.0126e+00	  1.0000e+00	  1.0000e+00	  3.0852e-02	  6.8032e-05	  0.0000e+00	  1.1402e-03	  1.2867e-04	  3.4028e-03	  1.5060e-03	  5.6323e-05	  8.1905e-03	  3.1763e-04	  1.4872e-04	  1.4454e-03	  0.0000e+00	  1.3276e-03	
     -6.7886	  7.0000e+00	  6.4249e+00	  8.0502e-05	  1.4555e-05	  1.4343e-05	  7.6046e-04	  1.6868e-03	  2.9951e+03	  2.2493e-01	  5.6998e-01	  8.0422e-01	  9.9480e-01	  3.7626e+00	  1.6394e+01	  1.7329e+00	  3.0986e-02	  7.8555e-01	  5.6583e-02	  5.6583e-02	  8.0782e-01	  2.2675e+01	  1.1519e-01	  1.0155e+00	  1.0000e+00	  1.0000e+00	  3.7884e-02	  9.7586e-05	  0.0000e+00	  1.3142e-03	  1.3844e-04	  3.8063e-03	  1.6872e-03	  5.6004e-05	  9.2136e-03	  3.5316e-04	  1.5630e-04	  1.6868e-03	  0.0000e+00	  1.3178e-03	
    -6.79276	  8.0000e+00	  6.4022e+00	  8.0468e-05	  1.5570e-05	  1.4347e-05	  8.9296e-04	  1.9305e-03	  3.2936e+03	  2.1308e-01	  5.4679e-01	  7.8933e-01	  9.9386e-01	  3.6379e+00	  1.6459e+01	  1.7290e+00	  2.9993e-02	  8.0046e-01	  5.7319e-02	  5.7319e-02	  9.0410e-01	  2.2579e+01	  1.1788e-01	  1.0185e+00	  1.0000e+00	  1.0000e+00	  4.5213e-02	  1.3336e-04	  0.0000e+00	  1.4912e-03	  1.4783e-04	  4.1949e-03	  1.8621e-03	  5.6133e-05	  1.0205e-02	  3.8735e-04	  1.6316e-04	  1.9305e-03	  0.0000e+00	  1.3098e-03	
     -6.7953	  9.0000e+00	  6.3812e+00	  8.0434e-05	  1.6570e-05	  1.4350e-05	  1.0305e-03	  2.1764e-03	  3.5819e+03	  2.0299e-01	  5.2613e-01	  7.7550e-01	  9.9290e-01	  3.5158e+00	  1.6524e+01	  1.7251e+00	  2.9049e-02	  8.1484e-01	  5.8069e-02	  5.8069e-02	  1.0019e+00	  2.2481e+01	  1.2016e-01	  1.0216e+00	  1.0000e+00	  1.0000e+00	  5.2816e-02	  1.7564e-04	  0.0000e+00	  1.6708e-03	  1.5692e-04	  4.5704e-03	  2.0318e-03	  5.6587e-05	  1.1170e-02	  4.2042e-04	  1.6943e-04	  2.1764e-03	  0.0000e+00	  1.3035e-03	
    -6.79662	  1.0000e+01	  6.3615e+00	  8.0401e-05	  1.7564e-05	  1.4353e-05	  1.1728e-03	  2.4243e-03	  3.8614e+03	  1.9427e-01	  5.0756e-01	  7.6258e-01	  9.9191e-01	  3.3963e+00	  1.6587e+01	  1.7213e+00	  2.8149e-02	  8.2867e-01	  5.8833e-02	  5.8833e-02	  1.1010e+00	  2.2381e+01	  1.2208e-01	  1.0249e+00	  1.0000e+00	  1.0000e+00	  6.0667e-02	  2.2469e-04	  0.0000e+00	  1.8527e-03	  1.6577e-04	  4.9346e-03	  2.1967e-03	  5.7283e-05	  1.2111e-02	  4.5251e-04	  1.7523e-04	  2.4243e-03	  0.0000e+00	  1.2988e-03	
    -6.79703	  1.1000e+01	  6.3431e+00	  8.0368e-05	  1.8558e-05	  1.4356e-05	  1.3197e-03	  2.6743e-03	  4.1330e+03	  1.8662e-01	  4.9073e-01	  7.5045e-01	  9.9090e-01	  3.2794e+00	  1.6649e+01	  1.7174e+00	  2.7290e-02	  8.4195e-01	  5.9609e-02	  5.9609e-02	  1.2013e+00	  2.2281e+01	  1.2366e-01	  1.0282e+00	  1.0000e+00	  1.0000e+00	  6.8743e-02	  2.8070e-04	  0.0000e+00	  2.0367e-03	  1.7443e-04	  5.2885e-03	  2.3575e-03	  5.8162e-05	  1.3031e-02	  4.8373e-04	  1.8061e-04	  2.6743e-03	  0.0000e+00	  1.2958e-03	
    -6.79674	  1.2000e+01	  6.3258e+00	  8.0337e-05	  1.9556e-05	  1.4359e-05	  1.4708e-03	  2.9260e-03	  4.3975e+03	  1.7985e-01	  4.7539e-01	  7.3903e-01	  9.8986e-01	  3.1651e+00	  1.6709e+01	  1.7136e+00	  2.6468e-02	  8.5467e-01	  6.0397e-02	  6.0397e-02	  1.3025e+00	  2.2179e+01	  1.2493e-01	  1.0316e+00	  1.0000e+00	  1.0000e+00	  7.7020e-02	  3.4382e-04	  0.0000e+00	  2.2223e-03	  1.8292e-04	  5.6332e-03	  2.5146e-03	  5.9180e-05	  1.3934e-02	  5.1417e-04	  1.8565e-04	  2.9260e-03	  0.0000e+00	  1.2943e-03	
    -6.79594	  1.3000e+01	  6.3094e+00	  8.0306e-05	  2.0563e-05	  1.4362e-05	  1.6258e-03	  3.1792e-03	  4.6556e+03	  1.7379e-01	  4.6133e-01	  7.2824e-01	  9.8881e-01	  3.0534e+00	  1.6769e+01	  1.7098e+00	  2.5680e-02	  8.6681e-01	  6.1197e-02	  6.1197e-02	  1.4045e+00	  2.2077e+01	  1.2592e-01	  1.0350e+00	  1.0000e+00	  1.0000e+00	  8.5476e-02	  4.1418e-04	  0.0000e+00	  2.4095e-03	  1.9127e-04	  5.9693e-03	  2.6681e-03	  6.0304e-05	  1.4819e-02	  5.4388e-04	  1.9040e-04	  3.1792e-03	  0.0000e+00	  1.2944e-03	
    -6.79477	  1.4000e+01	  6.2938e+00	  8.0276e-05	  2.1581e-05	  1.4365e-05	  1.7844e-03	  3.4337e-03	  4.9078e+03	  1.6833e-01	  4.4838e-01	  7.1801e-01	  9.8774e-01	  2.9443e+00	  1.6827e+01	  1.7060e+00	  2.4924e-02	  8.7837e-01	  6.2008e-02	  6.2008e-02	  1.5071e+00	  2.1974e+01	  1.2664e-01	  1.0386e+00	  1.0000e+00	  1.0000e+00	  9.4089e-02	  4.9183e-04	  0.0000e+00	  2.5980e-03	  1.9948e-04	  6.2977e-03	  2.8185e-03	  6.1508e-05	  1.5688e-02	  5.7292e-04	  1.9487e-04	  3.4337e-03	  0.0000e+00	  1.2959e-03	
    -6.79332	  1.5000e+01	  6.2791e+00	  8.0246e-05	  2.2614e-05	  1.4368e-05	  1.9462e-03	  3.6892e-03	  5.1546e+03	  1.6338e-01	  4.3640e-01	  7.0829e-01	  9.8666e-01	  2.8378e+00	  1.6884e+01	  1.7023e+00	  2.4198e-02	  8.8935e-01	  6.2830e-02	  6.2830e-02	  1.6102e+00	  2.1871e+01	  1.2713e-01	  1.0421e+00	  1.0001e+00	  1.0000e+00	  1.0284e-01	  5.7682e-04	  0.0000e+00	  2.7875e-03	  2.0759e-04	  6.6187e-03	  2.9660e-03	  6.2769e-05	  1.6543e-02	  6.0134e-04	  1.9912e-04	  3.6892e-03	  0.0000e+00	  1.2989e-03	
    -6.79169	  1.6000e+01	  6.2651e+00	  8.0217e-05	  2.3664e-05	  1.4371e-05	  2.1109e-03	  3.9455e-03	  5.3962e+03	  1.5886e-01	  4.2527e-01	  6.9904e-01	  9.8556e-01	  2.7339e+00	  1.6939e+01	  1.6985e+00	  2.3500e-02	  8.9973e-01	  6.3661e-02	  6.3661e-02	  1.7135e+00	  2.1768e+01	  1.2741e-01	  1.0458e+00	  1.0001e+00	  1.0000e+00	  1.1170e-01	  6.6913e-04	  0.0000e+00	  2.9779e-03	  2.1560e-04	  6.9328e-03	  3.1106e-03	  6.4071e-05	  1.7385e-02	  6.2916e-04	  2.0315e-04	  3.9455e-03	  0.0000e+00	  1.3033e-03	
    -6.78994	  1.7000e+01	  6.2518e+00	  8.0188e-05	  2.4734e-05	  1.4374e-05	  2.2781e-03	  4.2022e-03	  5.6330e+03	  1.5472e-01	  4.1491e-01	  6.9022e-01	  9.8445e-01	  2.6327e+00	  1.6994e+01	  1.6948e+00	  2.2828e-02	  9.0951e-01	  6.4501e-02	  6.4501e-02	  1.8170e+00	  2.1664e+01	  1.2749e-01	  1.0495e+00	  1.0001e+00	  1.0000e+00	  1.2066e-01	  7.6872e-04	  0.0000e+00	  3.1691e-03	  2.2351e-04	  7.2406e-03	  3.2526e-03	  6.5399e-05	  1.8214e-02	  6.5643e-04	  2.0700e-04	  4.2022e-03	  0.0000e+00	  1.3090e-03	
    -6.78813	  1.8000e+01	  6.2392e+00	  8.0160e-05	  2.5827e-05	  1.4377e-05	  2.4475e-03	  4.4592e-03	  5.8653e+03	  1.5090e-01	  4.0523e-01	  6.8179e-01	  9.8333e-01	  2.5340e+00	  1.7047e+01	  1.6911e+00	  2.2180e-02	  9.1870e-01	  6.5351e-02	  6.5351e-02	  1.9205e+00	  2.1560e+01	  1.2741e-01	  1.0532e+00	  1.0001e+00	  1.0000e+00	  1.2971e-01	  8.7553e-04	  0.0000e+00	  3.3609e-03	  2.3134e-04	  7.5422e-03	  3.3922e-03	  6.6742e-05	  1.9030e-02	  6.8316e-04	  2.1068e-04	  4.4592e-03	  0.0000e+00	  1.3161e-03	
    -6.78629	  1.9000e+01	  6.2272e+00	  8.0132e-05	  2.6943e-05	  1.4379e-05	  2.6189e-03	  4.7161e-03	  6.0933e+03	  1.4737e-01	  3.9617e-01	  6.7373e-01	  9.8220e-01	  2.4379e+00	  1.7099e+01	  1.6874e+00	  2.1556e-02	  9.2728e-01	  6.6208e-02	  6.6208e-02	  2.0239e+00	  2.1457e+01	  1.2717e-01	  1.0569e+00	  1.0001e+00	  1.0000e+00	  1.3881e-01	  9.8946e-04	  0.0000e+00	  3.5532e-03	  2.3908e-04	  7.8380e-03	  3.5294e-03	  6.8088e-05	  1.9835e-02	  7.0937e-04	  2.1420e-04	  4.7161e-03	  0.0000e+00	  1.3244e-03	
    -6.78446	  2.0000e+01	  6.2158e+00	  8.0105e-05	  2.8087e-05	  1.4382e-05	  2.7918e-03	  4.9728e-03	  6.3172e+03	  1.4410e-01	  3.8765e-01	  6.6600e-01	  9.8106e-01	  2.3444e+00	  1.7149e+01	  1.6837e+00	  2.0953e-02	  9.3526e-01	  6.7073e-02	  6.7073e-02	  2.1270e+00	  2.1354e+01	  1.2680e-01	  1.0606e+00	  1.0001e+00	  1.0000e+00	  1.4795e-01	  1.1104e-03	  0.0000e+00	  3.7458e-03	  2.4676e-04	  8.1284e-03	  3.6643e-03	  6.9430e-05	  2.0629e-02	  7.3510e-04	  2.1758e-04	  4.9728e-03	  0.0000e+00	  1.3339e-03	
    -6.78266	  2.1000e+01	  6.2049e+00	  8.0078e-05	  2.9260e-05	  1.4385e-05	  2.9660e-03	  5.2291e-03	  6.5372e+03	  1.4104e-01	  3.7964e-01	  6.5858e-01	  9.7991e-01	  2.2535e+00	  1.7198e+01	  1.6801e+00	  2.0372e-02	  9.4264e-01	  6.7944e-02	  6.7944e-02	  2.2297e+00	  2.1251e+01	  1.2631e-01	  1.0644e+00	  1.0001e+00	  1.0000e+00	  1.5713e-01	  1.2381e-03	  0.0000e+00	  3.9386e-03	  2.5436e-04	  8.4134e-03	  3.7971e-03	  7.0761e-05	  2.1412e-02	  7.6035e-04	  2.2082e-04	  5.2291e-03	  0.0000e+00	  1.3445e-03	
    -6.78091	  2.2000e+01	  6.1945e+00	  8.0051e-05	  3.0464e-05	  1.4387e-05	  3.1412e-03	  5.4847e-03	  6.7535e+03	  1.3819e-01	  3.7207e-01	  6.5146e-01	  9.7876e-01	  2.1651e+00	  1.7246e+01	  1.6764e+00	  1.9810e-02	  9.4941e-01	  6.8822e-02	  6.8822e-02	  2.3319e+00	  2.1148e+01	  1.2572e-01	  1.0682e+00	  1.0001e+00	  1.0000e+00	  1.6633e-01	  1.3725e-03	  0.0000e+00	  4.1315e-03	  2.6189e-04	  8.6934e-03	  3.9278e-03	  7.2073e-05	  2.2185e-02	  7.8515e-04	  2.2395e-04	  5.4847e-03	  0.0000e+00	  1.3561e-03	
    -6.77923	  2.3000e+01	  6.1847e+00	  8.0025e-05	  3.1703e-05	  1.4390e-05	  3.3172e-03	  5.7394e-03	  6.9662e+03	  1.3552e-01	  3.6493e-01	  6.4461e-01	  9.7760e-01	  2.0793e+00	  1.7293e+01	  1.6728e+00	  1.9267e-02	  9.5559e-01	  6.9705e-02	  6.9705e-02	  2.4336e+00	  2.1046e+01	  1.2504e-01	  1.0719e+00	  1.0002e+00	  1.0000e+00	  1.7553e-01	  1.5135e-03	  0.0000e+00	  4.3244e-03	  2.6936e-04	  8.9686e-03	  4.0566e-03	  7.3363e-05	  2.2948e-02	  8.0951e-04	  2.2697e-04	  5.7394e-03	  0.0000e+00	  1.3687e-03	
    -6.77764	  2.4000e+01	  6.1752e+00	  8.0000e-05	  3.2978e-05	  1.4392e-05	  3.4936e-03	  5.9930e-03	  7.1755e+03	  1.3301e-01	  3.5816e-01	  6.3801e-01	  9.7644e-01	  1.9961e+00	  1.7339e+01	  1.6692e+00	  1.8742e-02	  9.6118e-01	  7.0593e-02	  7.0593e-02	  2.5345e+00	  2.0945e+01	  1.2429e-01	  1.0757e+00	  1.0002e+00	  1.0000e+00	  1.8472e-01	  1.6607e-03	  0.0000e+00	  4.5173e-03	  2.7677e-04	  9.2391e-03	  4.1834e-03	  7.4626e-05	  2.3702e-02	  8.3344e-04	  2.2988e-04	  5.9930e-03	  0.0000e+00	  1.3821e-03	
    -6.77613	  2.5000e+01	  6.1663e+00	  7.9974e-05	  3.4293e-05	  1.4395e-05	  3.6703e-03	  6.2454e-03	  7.3815e+03	  1.3064e-01	  3.5175e-01	  6.3166e-01	  9.7527e-01	  1.9153e+00	  1.7383e+01	  1.6656e+00	  1.8234e-02	  9.6619e-01	  7.1486e-02	  7.1486e-02	  2.6347e+00	  2.0845e+01	  1.2347e-01	  1.0795e+00	  1.0002e+00	  1.0000e+00	  1.9389e-01	  1.8140e-03	  0.0000e+00	  4.7100e-03	  2.8412e-04	  9.5051e-03	  4.3084e-03	  7.5858e-05	  2.4446e-02	  8.5696e-04	  2.3269e-04	  6.2454e-03	  0.0000e+00	  1.3963e-03	
    -6.77471	  2.6000e+01	  6.1577e+00	  7.9949e-05	  3.5649e-05	  1.4397e-05	  3.8471e-03	  6.4963e-03	  7.5843e+03	  1.2841e-01	  3.4565e-01	  6.2553e-01	  9.7410e-01	  1.8371e+00	  1.7426e+01	  1.6620e+00	  1.7743e-02	  9.7061e-01	  7.2383e-02	  7.2383e-02	  2.7341e+00	  2.0745e+01	  1.2260e-01	  1.0832e+00	  1.0002e+00	  1.0000e+00	  2.0303e-01	  1.9731e-03	  0.0000e+00	  4.9025e-03	  2.9141e-04	  9.7668e-03	  4.4316e-03	  7.7057e-05	  2.5181e-02	  8.8008e-04	  2.3541e-04	  6.4963e-03	  0.0000e+00	  1.4113e-03	
    -6.77339	  2.7000e+01	  6.1496e+00	  7.9925e-05	  3.7048e-05	  1.4400e-05	  4.0236e-03	  6.7458e-03	  7.7839e+03	  1.2631e-01	  3.3986e-01	  6.1962e-01	  9.7293e-01	  1.7613e+00	  1.7468e+01	  1.6584e+00	  1.7267e-02	  9.7446e-01	  7.3282e-02	  7.3282e-02	  2.8325e+00	  2.0647e+01	  1.2168e-01	  1.0869e+00	  1.0002e+00	  1.0000e+00	  2.1214e-01	  2.1379e-03	  0.0000e+00	  5.0947e-03	  2.9864e-04	  1.0024e-02	  4.5531e-03	  7.8220e-05	  2.5907e-02	  9.0281e-04	  2.3805e-04	  6.7458e-03	  0.0000e+00	  1.4268e-03	
    -6.77217	  2.8000e+01	  6.1418e+00	  7.9900e-05	  3.8495e-05	  1.4402e-05	  4.1998e-03	  6.9936e-03	  7.9806e+03	  1.2431e-01	  3.3433e-01	  6.1391e-01	  9.7176e-01	  1.6879e+00	  1.7508e+01	  1.6549e+00	  1.6808e-02	  9.7774e-01	  7.4185e-02	  7.4185e-02	  2.9300e+00	  2.0549e+01	  1.2073e-01	  1.0907e+00	  1.0002e+00	  1.0000e+00	  2.2119e-01	  2.3081e-03	  0.0000e+00	  5.2866e-03	  3.0582e-04	  1.0278e-02	  4.6729e-03	  7.9345e-05	  2.6625e-02	  9.2517e-04	  2.4061e-04	  6.9936e-03	  0.0000e+00	  1.4429e-03	
    -6.77105	  2.9000e+01	  6.1344e+00	  7.9876e-05	  3.9991e-05	  1.4404e-05	  4.3756e-03	  7.2396e-03	  8.1744e+03	  1.2242e-01	  3.2907e-01	  6.0838e-01	  9.7058e-01	  1.6170e+00	  1.7548e+01	  1.6514e+00	  1.6363e-02	  9.8048e-01	  7.5089e-02	  7.5089e-02	  3.0264e+00	  2.0453e+01	  1.1976e-01	  1.0943e+00	  1.0002e+00	  1.0000e+00	  2.3020e-01	  2.4834e-03	  0.0000e+00	  5.4780e-03	  3.1294e-04	  1.0527e-02	  4.7911e-03	  8.0431e-05	  2.7334e-02	  9.4716e-04	  2.4309e-04	  7.2396e-03	  0.0000e+00	  1.4593e-03	
    -6.77003	  3.0000e+01	  6.1273e+00	  7.9853e-05	  4.1538e-05	  1.4407e-05	  4.5506e-03	  7.4837e-03	  8.3654e+03	  1.2062e-01	  3.2404e-01	  6.0304e-01	  9.6940e-01	  1.5485e+00	  1.7586e+01	  1.6478e+00	  1.5932e-02	  9.8266e-01	  7.5995e-02	  7.5995e-02	  3.1218e+00	  2.0357e+01	  1.1876e-01	  1.0980e+00	  1.0003e+00	  1.0000e+00	  2.3914e-01	  2.6637e-03	  0.0000e+00	  5.6690e-03	  3.2001e-04	  1.0773e-02	  4.9077e-03	  8.1478e-05	  2.8035e-02	  9.6880e-04	  2.4550e-04	  7.4837e-03	  0.0000e+00	  1.4761e-03	
    -6.76911	  3.1000e+01	  6.1206e+00	  7.9829e-05	  4.3140e-05	  1.4409e-05	  4.7248e-03	  7.7258e-03	  8.5536e+03	  1.1891e-01	  3.1923e-01	  5.9787e-01	  9.6823e-01	  1.4823e+00	  1.7623e+01	  1.6443e+00	  1.5516e-02	  9.8432e-01	  7.6902e-02	  7.6902e-02	  3.2160e+00	  2.0263e+01	  1.1775e-01	  1.1016e+00	  1.0003e+00	  1.0000e+00	  2.4801e-01	  2.8487e-03	  0.0000e+00	  5.8594e-03	  3.2703e-04	  1.1015e-02	  5.0228e-03	  8.2484e-05	  2.8727e-02	  9.9009e-04	  2.4785e-04	  7.7258e-03	  0.0000e+00	  1.4932e-03	
    -6.76828	  3.2000e+01	  6.1141e+00	  7.9806e-05	  4.4797e-05	  1.4411e-05	  4.8980e-03	  7.9658e-03	  8.7392e+03	  1.1728e-01	  3.1463e-01	  5.9287e-01	  9.6705e-01	  1.4184e+00	  1.7659e+01	  1.6408e+00	  1.5112e-02	  9.8546e-01	  7.7810e-02	  7.7810e-02	  3.3091e+00	  2.0169e+01	  1.1674e-01	  1.1053e+00	  1.0003e+00	  1.0000e+00	  2.5682e-01	  3.0381e-03	  0.0000e+00	  6.0493e-03	  3.3399e-04	  1.1253e-02	  5.1363e-03	  8.3449e-05	  2.9412e-02	  1.0110e-03	  2.5012e-04	  7.9658e-03	  0.0000e+00	  1.5103e-03	
    -6.76755	  3.3000e+01	  6.1080e+00	  7.9784e-05	  4.6513e-05	  1.4413e-05	  5.0702e-03	  8.2037e-03	  8.9221e+03	  1.1572e-01	  3.1022e-01	  5.8801e-01	  9.6588e-01	  1.3569e+00	  1.7693e+01	  1.6373e+00	  1.4723e-02	  9.8609e-01	  7.8718e-02	  7.8718e-02	  3.4010e+00	  2.0077e+01	  1.1572e-01	  1.1088e+00	  1.0003e+00	  1.0000e+00	  2.6554e-01	  3.2317e-03	  0.0000e+00	  6.2385e-03	  3.4090e-04	  1.1488e-02	  5.2484e-03	  8.4373e-05	  3.0090e-02	  1.0317e-03	  2.5234e-04	  8.2037e-03	  0.0000e+00	  1.5276e-03	
    -6.76691	  3.4000e+01	  6.1021e+00	  7.9761e-05	  4.8290e-05	  1.4416e-05	  5.2412e-03	  8.4394e-03	  9.1026e+03	  1.1423e-01	  3.0600e-01	  5.8331e-01	  9.6470e-01	  1.2975e+00	  1.7727e+01	  1.6339e+00	  1.4345e-02	  9.8623e-01	  7.9625e-02	  7.9625e-02	  3.4917e+00	  1.9986e+01	  1.1471e-01	  1.1124e+00	  1.0003e+00	  1.0000e+00	  2.7419e-01	  3.4293e-03	  0.0000e+00	  6.4271e-03	  3.4776e-04	  1.1719e-02	  5.3591e-03	  8.5256e-05	  3.0759e-02	  1.0520e-03	  2.5450e-04	  8.4394e-03	  0.0000e+00	  1.5448e-03	
    -6.76636	  3.5000e+01	  6.0964e+00	  7.9739e-05	  5.0129e-05	  1.4418e-05	  5.4110e-03	  8.6728e-03	  9.2805e+03	  1.1281e-01	  3.0194e-01	  5.7874e-01	  9.6353e-01	  1.2404e+00	  1.7759e+01	  1.6304e+00	  1.3981e-02	  9.8588e-01	  8.0531e-02	  8.0531e-02	  3.5812e+00	  1.9897e+01	  1.1370e-01	  1.1159e+00	  1.0004e+00	  1.0000e+00	  2.8274e-01	  3.6307e-03	  0.0000e+00	  6.6150e-03	  3.5458e-04	  1.1948e-02	  5.4684e-03	  8.6098e-05	  3.1421e-02	  1.0720e-03	  2.5661e-04	  8.6728e-03	  0.0000e+00	  1.5620e-03	
     -6.7659	  3.6000e+01	  6.0911e+00	  7.9717e-05	  5.2031e-05	  1.4420e-05	  5.5794e-03	  8.9038e-03	  9.4561e+03	  1.1145e-01	  2.9805e-01	  5.7431e-01	  9.6236e-01	  1.1854e+00	  1.7791e+01	  1.6270e+00	  1.3628e-02	  9.8508e-01	  8.1435e-02	  8.1435e-02	  3.6694e+00	  1.9808e+01	  1.1270e-01	  1.1194e+00	  1.0004e+00	  1.0000e+00	  2.9122e-01	  3.8356e-03	  0.0000e+00	  6.8022e-03	  3.6134e-04	  1.2172e-02	  5.5763e-03	  8.6900e-05	  3.2076e-02	  1.0917e-03	  2.5866e-04	  8.9038e-03	  0.0000e+00	  1.5789e-03	
    -6.76552	  3.7000e+01	  6.0859e+00	  7.9695e-05	  5.3998e-05	  1.4422e-05	  5.7463e-03	  9.1326e-03	  9.6293e+03	  1.1015e-01	  2.9430e-01	  5.7001e-01	  9.6119e-01	  1.1325e+00	  1.7821e+01	  1.6235e+00	  1.3287e-02	  9.8382e-01	  8.2338e-02	  8.2338e-02	  3.7564e+00	  1.9721e+01	  1.1172e-01	  1.1228e+00	  1.0004e+00	  1.0000e+00	  2.9960e-01	  4.0438e-03	  0.0000e+00	  6.9885e-03	  3.6805e-04	  1.2394e-02	  5.6829e-03	  8.7663e-05	  3.2724e-02	  1.1111e-03	  2.6066e-04	  9.1326e-03	  0.0000e+00	  1.5956e-03	
    -6.76521	  3.8000e+01	  6.0810e+00	  7.9674e-05	  5.6031e-05	  1.4424e-05	  5.9118e-03	  9.3589e-03	  9.8002e+03	  1.0890e-01	  2.9069e-01	  5.6583e-01	  9.6003e-01	  1.0817e+00	  1.7850e+01	  1.6201e+00	  1.2958e-02	  9.8213e-01	  8.3238e-02	  8.3238e-02	  3.8421e+00	  1.9635e+01	  1.1075e-01	  1.1262e+00	  1.0004e+00	  1.0000e+00	  3.0788e-01	  4.2551e-03	  0.0000e+00	  7.1741e-03	  3.7471e-04	  1.2613e-02	  5.7882e-03	  8.8386e-05	  3.3364e-02	  1.1302e-03	  2.6262e-04	  9.3589e-03	  0.0000e+00	  1.6121e-03	
    -6.76499	  3.9000e+01	  6.0763e+00	  7.9653e-05	  5.8130e-05	  1.4426e-05	  6.0757e-03	  9.5829e-03	  9.9689e+03	  1.0769e-01	  2.8722e-01	  5.6176e-01	  9.5886e-01	  1.0330e+00	  1.7878e+01	  1.6167e+00	  1.2639e-02	  9.8002e-01	  8.4135e-02	  8.4135e-02	  3.9265e+00	  1.9551e+01	  1.0979e-01	  1.1295e+00	  1.0004e+00	  1.0000e+00	  3.1608e-01	  4.4693e-03	  0.0000e+00	  7.3589e-03	  3.8133e-04	  1.2828e-02	  5.8922e-03	  8.9072e-05	  3.3998e-02	  1.1490e-03	  2.6453e-04	  9.5829e-03	  0.0000e+00	  1.6281e-03	
    -6.76483	  4.0000e+01	  6.0718e+00	  7.9632e-05	  6.0296e-05	  1.4428e-05	  6.2381e-03	  9.8044e-03	  1.0135e+04	  1.0654e-01	  2.8388e-01	  5.5781e-01	  9.5770e-01	  9.8616e-01	  1.7906e+01	  1.6133e+00	  1.2332e-02	  9.7751e-01	  8.5030e-02	  8.5030e-02	  4.0097e+00	  1.9467e+01	  1.0886e-01	  1.1329e+00	  1.0005e+00	  1.0000e+00	  3.2417e-01	  4.6862e-03	  0.0000e+00	  7.5428e-03	  3.8789e-04	  1.3041e-02	  5.9950e-03	  8.9721e-05	  3.4624e-02	  1.1676e-03	  2.6639e-04	  9.8044e-03	  0.0000e+00	  1.6438e-03	
    -6.76475	  4.1000e+01	  6.0675e+00	  7.9612e-05	  6.2529e-05	  1.4430e-05	  6.3987e-03	  1.0023e-02	  1.0300e+04	  1.0543e-01	  2.8065e-01	  5.5396e-01	  9.5655e-01	  9.4128e-01	  1.7932e+01	  1.6099e+00	  1.2035e-02	  9.7461e-01	  8.5920e-02	  8.5920e-02	  4.0915e+00	  1.9385e+01	  1.0795e-01	  1.1361e+00	  1.0005e+00	  1.0000e+00	  3.3217e-01	  4.9056e-03	  0.0000e+00	  7.7259e-03	  3.9441e-04	  1.3251e-02	  6.0965e-03	  9.0333e-05	  3.5244e-02	  1.1859e-03	  2.6821e-04	  1.0023e-02	  0.0000e+00	  1.6590e-03	
    -6.76473	  4.2000e+01	  6.0634e+00	  7.9591e-05	  6.4827e-05	  1.4432e-05	  6.5578e-03	  1.0240e-02	  1.0462e+04	  1.0436e-01	  2.7754e-01	  5.5022e-01	  9.5540e-01	  8.9828e-01	  1.7957e+01	  1.6066e+00	  1.1749e-02	  9.7135e-01	  8.6807e-02	  8.6807e-02	  4.1721e+00	  1.9305e+01	  1.0706e-01	  1.1394e+00	  1.0005e+00	  1.0000e+00	  3.4008e-01	  5.1273e-03	  0.0000e+00	  7.9080e-03	  4.0088e-04	  1.3457e-02	  6.1969e-03	  9.0911e-05	  3.5858e-02	  1.2039e-03	  2.6999e-04	  1.0240e-02	  0.0000e+00	  1.6737e-03	
    -6.76477	  4.3000e+01	  6.0594e+00	  7.9571e-05	  6.7190e-05	  1.4434e-05	  6.7151e-03	  1.0454e-02	  1.0622e+04	  1.0332e-01	  2.7453e-01	  5.4658e-01	  9.5425e-01	  8.5709e-01	  1.7981e+01	  1.6032e+00	  1.1473e-02	  9.6772e-01	  8.7689e-02	  8.7689e-02	  4.2515e+00	  1.9225e+01	  1.0619e-01	  1.1426e+00	  1.0005e+00	  1.0000e+00	  3.4788e-01	  5.3512e-03	  0.0000e+00	  8.0892e-03	  4.0731e-04	  1.3661e-02	  6.2960e-03	  9.1455e-05	  3.6464e-02	  1.2217e-03	  2.7174e-04	  1.0454e-02	  0.0000e+00	  1.6879e-03	
    -6.76487	  4.4000e+01	  6.0556e+00	  7.9551e-05	  6.9617e-05	  1.4436e-05	  6.8707e-03	  1.0666e-02	  1.0780e+04	  1.0233e-01	  2.7163e-01	  5.4303e-01	  9.5311e-01	  8.1767e-01	  1.8005e+01	  1.5998e+00	  1.1207e-02	  9.6376e-01	  8.8567e-02	  8.8567e-02	  4.3296e+00	  1.9147e+01	  1.0534e-01	  1.1457e+00	  1.0006e+00	  1.0000e+00	  3.5558e-01	  5.5769e-03	  0.0000e+00	  8.2695e-03	  4.1368e-04	  1.3863e-02	  6.3940e-03	  9.1966e-05	  3.7064e-02	  1.2392e-03	  2.7344e-04	  1.0666e-02	  0.0000e+00	  1.7016e-03	
    -6.76502	  4.5000e+01	  6.0520e+00	  7.9532e-05	  7.2107e-05	  1.4438e-05	  7.0245e-03	  1.0875e-02	  1.0936e+04	  1.0137e-01	  2.6882e-01	  5.3957e-01	  9.5197e-01	  7.7998e-01	  1.8027e+01	  1.5965e+00	  1.0950e-02	  9.5948e-01	  8.9439e-02	  8.9439e-02	  4.4065e+00	  1.9070e+01	  1.0453e-01	  1.1488e+00	  1.0006e+00	  1.0000e+00	  3.6319e-01	  5.8045e-03	  0.0000e+00	  8.4488e-03	  4.2001e-04	  1.4062e-02	  6.4909e-03	  9.2445e-05	  3.7658e-02	  1.2565e-03	  2.7511e-04	  1.0875e-02	  0.0000e+00	  1.7147e-03	
    -6.76523	  4.6000e+01	  6.0485e+00	  7.9512e-05	  7.4656e-05	  1.4440e-05	  7.1766e-03	  1.1082e-02	  1.1090e+04	  1.0044e-01	  2.6610e-01	  5.3620e-01	  9.5084e-01	  7.4394e-01	  1.8049e+01	  1.5932e+00	  1.0703e-02	  9.5489e-01	  9.0307e-02	  9.0307e-02	  4.4821e+00	  1.8994e+01	  1.0373e-01	  1.1519e+00	  1.0006e+00	  1.0000e+00	  3.7069e-01	  6.0337e-03	  0.0000e+00	  8.6271e-03	  4.2629e-04	  1.4258e-02	  6.5867e-03	  9.2894e-05	  3.8246e-02	  1.2735e-03	  2.7675e-04	  1.1082e-02	  0.0000e+00	  1.7273e-03	
    -6.76549	  4.7000e+01	  6.0452e+00	  7.9493e-05	  7.7264e-05	  1.4442e-05	  7.3269e-03	  1.1286e-02	  1.1243e+04	  9.9548e-02	  2.6348e-01	  5.3292e-01	  9.4971e-01	  7.0952e-01	  1.8069e+01	  1.5898e+00	  1.0465e-02	  9.5001e-01	  9.1169e-02	  9.1169e-02	  4.5565e+00	  1.8919e+01	  1.0296e-01	  1.1550e+00	  1.0006e+00	  1.0000e+00	  3.7810e-01	  6.2644e-03	  0.0000e+00	  8.8045e-03	  4.3253e-04	  1.4451e-02	  6.6813e-03	  9.3314e-05	  3.8827e-02	  1.2904e-03	  2.7835e-04	  1.1286e-02	  0.0000e+00	  1.7393e-03	
    -6.76579	  4.8000e+01	  6.0420e+00	  7.9474e-05	  7.9929e-05	  1.4444e-05	  7.4755e-03	  1.1488e-02	  1.1393e+04	  9.8682e-02	  2.6093e-01	  5.2971e-01	  9.4859e-01	  6.7665e-01	  1.8089e+01	  1.5865e+00	  1.0237e-02	  9.4486e-01	  9.2024e-02	  9.2024e-02	  4.6297e+00	  1.8846e+01	  1.0222e-01	  1.1580e+00	  1.0006e+00	  1.0000e+00	  3.8541e-01	  6.4965e-03	  0.0000e+00	  8.9808e-03	  4.3872e-04	  1.4642e-02	  6.7749e-03	  9.3706e-05	  3.9402e-02	  1.3069e-03	  2.7991e-04	  1.1488e-02	  0.0000e+00	  1.7507e-03	
    -6.76613	  4.9000e+01	  6.0389e+00	  7.9455e-05	  8.2646e-05	  1.4446e-05	  7.6222e-03	  1.1688e-02	  1.1542e+04	  9.7845e-02	  2.5846e-01	  5.2659e-01	  9.4747e-01	  6.4530e-01	  1.8108e+01	  1.5832e+00	  1.0017e-02	  9.3945e-01	  9.2874e-02	  9.2874e-02	  4.7018e+00	  1.8774e+01	  1.0150e-01	  1.1609e+00	  1.0007e+00	  1.0000e+00	  3.9262e-01	  6.7297e-03	  0.0000e+00	  9.1561e-03	  4.4486e-04	  1.4831e-02	  6.8674e-03	  9.4071e-05	  3.9971e-02	  1.3233e-03	  2.8145e-04	  1.1688e-02	  0.0000e+00	  1.7616e-03	
    -6.76652	  5.0000e+01	  6.0360e+00	  7.9437e-05	  8.5414e-05	  1.4448e-05	  7.7673e-03	  1.1885e-02	  1.1688e+04	  9.7034e-02	  2.5607e-01	  5.2354e-01	  9.4636e-01	  6.1539e-01	  1.8127e+01	  1.5799e+00	  9.8052e-03	  9.3380e-01	  9.3717e-02	  9.3717e-02	  4.7726e+00	  1.8703e+01	  1.0081e-01	  1.1638e+00	  1.0007e+00	  1.0000e+00	  3.9973e-01	  6.9640e-03	  0.0000e+00	  9.3304e-03	  4.5096e-04	  1.5017e-02	  6.9589e-03	  9.4410e-05	  4.0534e-02	  1.3394e-03	  2.8296e-04	  1.1885e-02	  0.0000e+00	  1.7720e-03	
    -6.76694	  5.1000e+01	  6.0331e+00	  7.9418e-05	  8.8231e-05	  1.4449e-05	  7.9105e-03	  1.2080e-02	  1.1833e+04	  9.6249e-02	  2.5376e-01	  5.2056e-01	  9.4526e-01	  5.8689e-01	  1.8144e+01	  1.5767e+00	  9.6023e-03	  9.2792e-01	  9.4554e-02	  9.4554e-02	  4.8424e+00	  1.8633e+01	  1.0014e-01	  1.1667e+00	  1.0007e+00	  1.0000e+00	  4.0675e-01	  7.1992e-03	  0.0000e+00	  9.5037e-03	  4.5701e-04	  1.5201e-02	  7.0493e-03	  9.4725e-05	  4.1091e-02	  1.3554e-03	  2.8443e-04	  1.2080e-02	  0.0000e+00	  1.7818e-03	
     -6.7674	  5.2000e+01	  6.0304e+00	  7.9400e-05	  9.1092e-05	  1.4451e-05	  8.0520e-03	  1.2272e-02	  1.1976e+04	  9.5489e-02	  2.5151e-01	  5.1765e-01	  9.4416e-01	  5.5974e-01	  1.8161e+01	  1.5734e+00	  9.4075e-03	  9.2183e-01	  9.5384e-02	  9.5384e-02	  4.9110e+00	  1.8564e+01	  9.9498e-02	  1.1695e+00	  1.0007e+00	  1.0000e+00	  4.1367e-01	  7.4352e-03	  0.0000e+00	  9.6758e-03	  4.6301e-04	  1.5383e-02	  7.1388e-03	  9.5016e-05	  4.1643e-02	  1.3711e-03	  2.8588e-04	  1.2272e-02	  0.0000e+00	  1.7912e-03	
    -6.76789	  5.3000e+01	  6.0278e+00	  7.9382e-05	  9.3995e-05	  1.4453e-05	  8.1917e-03	  1.2462e-02	  1.2118e+04	  9.4751e-02	  2.4933e-01	  5.1481e-01	  9.4306e-01	  5.3389e-01	  1.8177e+01	  1.5701e+00	  9.2208e-03	  9.1554e-01	  9.6207e-02	  9.6207e-02	  4.9785e+00	  1.8496e+01	  9.8880e-02	  1.1723e+00	  1.0008e+00	  1.0000e+00	  4.2050e-01	  7.6719e-03	  0.0000e+00	  9.8469e-03	  4.6897e-04	  1.5562e-02	  7.2272e-03	  9.5286e-05	  4.2188e-02	  1.3866e-03	  2.8730e-04	  1.2462e-02	  0.0000e+00	  1.8000e-03	
    -6.76841	  5.4000e+01	  6.0253e+00	  7.9365e-05	  9.6938e-05	  1.4455e-05	  8.3298e-03	  1.2650e-02	  1.2258e+04	  9.4036e-02	  2.4721e-01	  5.1204e-01	  9.4198e-01	  5.0929e-01	  1.8193e+01	  1.5669e+00	  9.0418e-03	  9.0906e-01	  9.7023e-02	  9.7023e-02	  5.0449e+00	  1.8430e+01	  9.8287e-02	  1.1751e+00	  1.0008e+00	  1.0000e+00	  4.2724e-01	  7.9092e-03	  0.0000e+00	  1.0017e-02	  4.7489e-04	  1.5739e-02	  7.3147e-03	  9.5534e-05	  4.2728e-02	  1.4019e-03	  2.8870e-04	  1.2650e-02	  0.0000e+00	  1.8084e-03	
    -6.76895	  5.5000e+01	  6.0229e+00	  7.9347e-05	  9.9918e-05	  1.4456e-05	  8.4660e-03	  1.2836e-02	  1.2396e+04	  9.3342e-02	  2.4515e-01	  5.0933e-01	  9.4089e-01	  4.8589e-01	  1.8208e+01	  1.5636e+00	  8.8704e-03	  9.0241e-01	  9.7831e-02	  9.7831e-02	  5.1103e+00	  1.8364e+01	  9.7717e-02	  1.1778e+00	  1.0008e+00	  1.0000e+00	  4.3388e-01	  8.1470e-03	  0.0000e+00	  1.0186e-02	  4.8076e-04	  1.5913e-02	  7.4012e-03	  9.5762e-05	  4.3262e-02	  1.4170e-03	  2.9007e-04	  1.2836e-02	  0.0000e+00	  1.8163e-03	
    -6.76953	  5.6000e+01	  6.0205e+00	  7.9330e-05	  1.0293e-04	  1.4458e-05	  8.6006e-03	  1.3019e-02	  1.2532e+04	  9.2668e-02	  2.4315e-01	  5.0668e-01	  9.3982e-01	  4.6364e-01	  1.8222e+01	  1.5604e+00	  8.7064e-03	  8.9561e-01	  9.8632e-02	  9.8632e-02	  5.1746e+00	  1.8300e+01	  9.7171e-02	  1.1805e+00	  1.0008e+00	  1.0000e+00	  4.4043e-01	  8.3852e-03	  0.0000e+00	  1.0354e-02	  4.8658e-04	  1.6086e-02	  7.4868e-03	  9.5971e-05	  4.3791e-02	  1.4319e-03	  2.9141e-04	  1.3019e-02	  0.0000e+00	  1.8238e-03	
    -6.77013	  5.7000e+01	  6.0183e+00	  7.9313e-05	  1.0597e-04	  1.4460e-05	  8.7335e-03	  1.3200e-02	  1.2667e+04	  9.2014e-02	  2.4120e-01	  5.0408e-01	  9.3875e-01	  4.4249e-01	  1.8236e+01	  1.5572e+00	  8.5496e-03	  8.8866e-01	  9.9425e-02	  9.9425e-02	  5.2379e+00	  1.8236e+01	  9.6648e-02	  1.1832e+00	  1.0009e+00	  1.0000e+00	  4.4689e-01	  8.6237e-03	  0.0000e+00	  1.0521e-02	  4.9236e-04	  1.6257e-02	  7.5714e-03	  9.6162e-05	  4.4314e-02	  1.4466e-03	  2.9273e-04	  1.3200e-02	  0.0000e+00	  1.8309e-03	
    -6.77074	  5.8000e+01	  6.0161e+00	  7.9296e-05	  1.0905e-04	  1.4461e-05	  8.8647e-03	  1.3379e-02	  1.2800e+04	  9.1378e-02	  2.3931e-01	  5.0155e-01	  9.3769e-01	  4.2240e-01	  1.8249e+01	  1.5539e+00	  8.3997e-03	  8.8158e-01	  1.0021e-01	  1.0021e-01	  5.3001e+00	  1.8174e+01	  9.6149e-02	  1.1858e+00	  1.0009e+00	  1.0000e+00	  4.5326e-01	  8.8624e-03	  0.0000e+00	  1.0686e-02	  4.9810e-04	  1.6425e-02	  7.6551e-03	  9.6336e-05	  4.4832e-02	  1.4611e-03	  2.9403e-04	  1.3379e-02	  0.0000e+00	  1.8375e-03	
    -6.77138	  5.9000e+01	  6.0141e+00	  7.9279e-05	  1.1214e-04	  1.4463e-05	  8.9943e-03	  1.3556e-02	  1.2932e+04	  9.0760e-02	  2.3747e-01	  4.9907e-01	  9.3664e-01	  4.0332e-01	  1.8262e+01	  1.5507e+00	  8.2567e-03	  8.7438e-01	  1.0099e-01	  1.0099e-01	  5.3615e+00	  1.8112e+01	  9.5671e-02	  1.1883e+00	  1.0009e+00	  1.0000e+00	  4.5955e-01	  9.1011e-03	  0.0000e+00	  1.0851e-02	  5.0379e-04	  1.6591e-02	  7.7379e-03	  9.6493e-05	  4.5345e-02	  1.4755e-03	  2.9530e-04	  1.3556e-02	  0.0000e+00	  1.8439e-03	
    -6.77204	  6.0000e+01	  6.0120e+00	  7.9263e-05	  1.1527e-04	  1.4465e-05	  9.1222e-03	  1.3730e-02	  1.3062e+04	  9.0159e-02	  2.3568e-01	  4.9665e-01	  9.3559e-01	  3.8521e-01	  1.8274e+01	  1.5475e+00	  8.1203e-03	  8.6707e-01	  1.0176e-01	  1.0176e-01	  5.4218e+00	  1.8052e+01	  9.5215e-02	  1.1909e+00	  1.0009e+00	  1.0000e+00	  4.6575e-01	  9.3400e-03	  0.0000e+00	  1.1014e-02	  5.0943e-04	  1.6755e-02	  7.8198e-03	  9.6636e-05	  4.5852e-02	  1.4896e-03	  2.9655e-04	  1.3730e-02	  0.0000e+00	  1.8498e-03	
    -6.77271	  6.1000e+01	  6.0101e+00	  7.9246e-05	  1.1841e-04	  1.4466e-05	  9.2485e-03	  1.3903e-02	  1.3191e+04	  8.9574e-02	  2.3394e-01	  4.9428e-01	  9.3455e-01	  3.6802e-01	  1.8285e+01	  1.5443e+00	  7.9904e-03	  8.5967e-01	  1.0252e-01	  1.0252e-01	  5.4812e+00	  1.7992e+01	  9.4781e-02	  1.1934e+00	  1.0010e+00	  1.0000e+00	  4.7186e-01	  9.5788e-03	  0.0000e+00	  1.1177e-02	  5.1504e-04	  1.6918e-02	  7.9008e-03	  9.6763e-05	  4.6354e-02	  1.5036e-03	  2.9778e-04	  1.3903e-02	  0.0000e+00	  1.8555e-03	
     -6.7734	  6.2000e+01	  6.0083e+00	  7.9230e-05	  1.2157e-04	  1.4468e-05	  9.3733e-03	  1.4073e-02	  1.3318e+04	  8.9005e-02	  2.3224e-01	  4.9195e-01	  9.3351e-01	  3.5172e-01	  1.8296e+01	  1.5412e+00	  7.8666e-03	  8.5218e-01	  1.0327e-01	  1.0327e-01	  5.5397e+00	  1.7934e+01	  9.4368e-02	  1.1959e+00	  1.0010e+00	  1.0000e+00	  4.7789e-01	  9.8175e-03	  0.0000e+00	  1.1338e-02	  5.2060e-04	  1.7078e-02	  7.9809e-03	  9.6877e-05	  4.6851e-02	  1.5174e-03	  2.9899e-04	  1.4073e-02	  0.0000e+00	  1.8608e-03	
     -6.7741	  6.3000e+01	  6.0065e+00	  7.9214e-05	  1.2474e-04	  1.4470e-05	  9.4964e-03	  1.4241e-02	  1.3443e+04	  8.8451e-02	  2.3059e-01	  4.8968e-01	  9.3248e-01	  3.3625e-01	  1.8307e+01	  1.5380e+00	  7.7490e-03	  8.4461e-01	  1.0402e-01	  1.0402e-01	  5.5973e+00	  1.7876e+01	  9.3976e-02	  1.1983e+00	  1.0010e+00	  1.0000e+00	  4.8384e-01	  1.0056e-02	  0.0000e+00	  1.1498e-02	  5.2611e-04	  1.7236e-02	  8.0602e-03	  9.6978e-05	  4.7342e-02	  1.5311e-03	  3.0017e-04	  1.4241e-02	  0.0000e+00	  1.8659e-03	
    -6.77482	  6.4000e+01	  6.0047e+00	  7.9198e-05	  1.2793e-04	  1.4471e-05	  9.6180e-03	  1.4407e-02	  1.3568e+04	  8.7911e-02	  2.2897e-01	  4.8746e-01	  9.3146e-01	  3.2159e-01	  1.8317e+01	  1.5348e+00	  7.6372e-03	  8.3698e-01	  1.0475e-01	  1.0475e-01	  5.6541e+00	  1.7819e+01	  9.3603e-02	  1.2007e+00	  1.0010e+00	  1.0000e+00	  4.8971e-01	  1.0294e-02	  0.0000e+00	  1.1657e-02	  5.3158e-04	  1.7393e-02	  8.1386e-03	  9.7067e-05	  4.7829e-02	  1.5445e-03	  3.0134e-04	  1.4407e-02	  0.0000e+00	  1.8707e-03	
    -6.77554	  6.5000e+01	  6.0030e+00	  7.9182e-05	  1.3114e-04	  1.4473e-05	  9.7381e-03	  1.4572e-02	  1.3690e+04	  8.7386e-02	  2.2740e-01	  4.8528e-01	  9.3045e-01	  3.0769e-01	  1.8326e+01	  1.5316e+00	  7.5311e-03	  8.2929e-01	  1.0548e-01	  1.0548e-01	  5.7099e+00	  1.7763e+01	  9.3250e-02	  1.2031e+00	  1.0011e+00	  1.0000e+00	  4.9550e-01	  1.0532e-02	  0.0000e+00	  1.1815e-02	  5.3701e-04	  1.7547e-02	  8.2162e-03	  9.7145e-05	  4.8311e-02	  1.5578e-03	  3.0249e-04	  1.4572e-02	  0.0000e+00	  1.8752e-03	
    -6.77627	  6.6000e+01	  6.0014e+00	  7.9167e-05	  1.3435e-04	  1.4474e-05	  9.8566e-03	  1.4734e-02	  1.3812e+04	  8.6874e-02	  2.2587e-01	  4.8314e-01	  9.2944e-01	  2.9452e-01	  1.8336e+01	  1.5285e+00	  7.4305e-03	  8.2156e-01	  1.0620e-01	  1.0620e-01	  5.7650e+00	  1.7708e+01	  9.2916e-02	  1.2054e+00	  1.0011e+00	  1.0000e+00	  5.0121e-01	  1.0770e-02	  0.0000e+00	  1.1971e-02	  5.4240e-04	  1.7700e-02	  8.2930e-03	  9.7212e-05	  4.8787e-02	  1.5710e-03	  3.0361e-04	  1.4734e-02	  0.0000e+00	  1.8795e-03	
    -6.77702	  6.7000e+01	  5.9999e+00	  7.9152e-05	  1.3757e-04	  1.4476e-05	  9.9737e-03	  1.4894e-02	  1.3932e+04	  8.6374e-02	  2.2438e-01	  4.8105e-01	  9.2845e-01	  2.8204e-01	  1.8344e+01	  1.5254e+00	  7.3352e-03	  8.1379e-01	  1.0691e-01	  1.0691e-01	  5.8192e+00	  1.7653e+01	  9.2601e-02	  1.2077e+00	  1.0011e+00	  1.0000e+00	  5.0684e-01	  1.1007e-02	  0.0000e+00	  1.2127e-02	  5.4774e-04	  1.7851e-02	  8.3689e-03	  9.7268e-05	  4.9259e-02	  1.5839e-03	  3.0472e-04	  1.4894e-02	  0.0000e+00	  1.8835e-03	
    -6.77777	  6.8000e+01	  5.9983e+00	  7.9137e-05	  1.4080e-04	  1.4477e-05	  1.0089e-02	  1.5053e-02	  1.4050e+04	  8.5887e-02	  2.2292e-01	  4.7900e-01	  9.2745e-01	  2.7021e-01	  1.8353e+01	  1.5222e+00	  7.2451e-03	  8.0598e-01	  1.0761e-01	  1.0761e-01	  5.8727e+00	  1.7600e+01	  9.2304e-02	  1.2100e+00	  1.0011e+00	  1.0000e+00	  5.1240e-01	  1.1244e-02	  0.0000e+00	  1.2282e-02	  5.5304e-04	  1.8000e-02	  8.4441e-03	  9.7316e-05	  4.9726e-02	  1.5967e-03	  3.0582e-04	  1.5053e-02	  0.0000e+00	  1.8874e-03	
    -6.77852	  6.9000e+01	  5.9969e+00	  7.9122e-05	  1.4403e-04	  1.4479e-05	  1.0204e-02	  1.5210e-02	  1.4168e+04	  8.5413e-02	  2.2150e-01	  4.7699e-01	  9.2647e-01	  2.5901e-01	  1.8361e+01	  1.5191e+00	  7.1601e-03	  7.9816e-01	  1.0831e-01	  1.0831e-01	  5.9254e+00	  1.7547e+01	  9.2025e-02	  1.2122e+00	  1.0011e+00	  1.0000e+00	  5.1788e-01	  1.1481e-02	  0.0000e+00	  1.2435e-02	  5.5830e-04	  1.8147e-02	  8.5184e-03	  9.7354e-05	  5.0188e-02	  1.6094e-03	  3.0689e-04	  1.5210e-02	  0.0000e+00	  1.8910e-03	
    -6.77928	  7.0000e+01	  5.9955e+00	  7.9107e-05	  1.4727e-04	  1.4480e-05	  1.0316e-02	  1.5364e-02	  1.4284e+04	  8.4949e-02	  2.2011e-01	  4.7502e-01	  9.2549e-01	  2.4840e-01	  1.8369e+01	  1.5160e+00	  7.0798e-03	  7.9032e-01	  1.0899e-01	  1.0899e-01	  5.9773e+00	  1.7495e+01	  9.1763e-02	  1.2145e+00	  1.0012e+00	  1.0000e+00	  5.2330e-01	  1.1716e-02	  0.0000e+00	  1.2587e-02	  5.6351e-04	  1.8293e-02	  8.5920e-03	  9.7384e-05	  5.0646e-02	  1.6219e-03	  3.0795e-04	  1.5364e-02	  0.0000e+00	  1.8945e-03	
    -6.78005	  7.1000e+01	  5.9941e+00	  7.9092e-05	  1.5051e-04	  1.4482e-05	  1.0428e-02	  1.5517e-02	  1.4398e+04	  8.4497e-02	  2.1875e-01	  4.7309e-01	  9.2452e-01	  2.3835e-01	  1.8376e+01	  1.5128e+00	  7.0042e-03	  7.8247e-01	  1.0967e-01	  1.0967e-01	  6.0285e+00	  1.7443e+01	  9.1518e-02	  1.2167e+00	  1.0012e+00	  1.0000e+00	  5.2864e-01	  1.1952e-02	  0.0000e+00	  1.2738e-02	  5.6869e-04	  1.8437e-02	  8.6648e-03	  9.7406e-05	  5.1099e-02	  1.6343e-03	  3.0899e-04	  1.5517e-02	  0.0000e+00	  1.8978e-03	
    -6.78082	  7.2000e+01	  5.9928e+00	  7.9078e-05	  1.5376e-04	  1.4483e-05	  1.0538e-02	  1.5668e-02	  1.4511e+04	  8.4056e-02	  2.1743e-01	  4.7120e-01	  9.2356e-01	  2.2884e-01	  1.8383e+01	  1.5097e+00	  6.9332e-03	  7.7462e-01	  1.1034e-01	  1.1034e-01	  6.0789e+00	  1.7393e+01	  9.1290e-02	  1.2188e+00	  1.0012e+00	  1.0000e+00	  5.3391e-01	  1.2186e-02	  0.0000e+00	  1.2888e-02	  5.7382e-04	  1.8579e-02	  8.7368e-03	  9.7421e-05	  5.1547e-02	  1.6465e-03	  3.1001e-04	  1.5668e-02	  0.0000e+00	  1.9009e-03	
    -6.78159	  7.3000e+01	  5.9915e+00	  7.9063e-05	  1.5700e-04	  1.4485e-05	  1.0646e-02	  1.5818e-02	  1.4624e+04	  8.3625e-02	  2.1614e-01	  4.6935e-01	  9.2260e-01	  2.1982e-01	  1.8390e+01	  1.5066e+00	  6.8664e-03	  7.6678e-01	  1.1100e-01	  1.1100e-01	  6.1287e+00	  1.7343e+01	  9.1078e-02	  1.2209e+00	  1.0012e+00	  1.0000e+00	  5.3911e-01	  1.2420e-02	  0.0000e+00	  1.3037e-02	  5.7891e-04	  1.8720e-02	  8.8080e-03	  9.7429e-05	  5.1991e-02	  1.6585e-03	  3.1102e-04	  1.5818e-02	  0.0000e+00	  1.9039e-03	
    -6.78236	  7.4000e+01	  5.9902e+00	  7.9049e-05	  1.6025e-04	  1.4486e-05	  1.0754e-02	  1.5965e-02	  1.4734e+04	  8.3204e-02	  2.1487e-01	  4.6753e-01	  9.2165e-01	  2.1129e-01	  1.8397e+01	  1.5035e+00	  6.8039e-03	  7.5895e-01	  1.1165e-01	  1.1165e-01	  6.1778e+00	  1.7293e+01	  9.0882e-02	  1.2231e+00	  1.0013e+00	  1.0000e+00	  5.4425e-01	  1.2654e-02	  0.0000e+00	  1.3185e-02	  5.8396e-04	  1.8859e-02	  8.8786e-03	  9.7430e-05	  5.2430e-02	  1.6704e-03	  3.1201e-04	  1.5965e-02	  0.0000e+00	  1.9067e-03	
    -6.78314	  7.5000e+01	  5.9890e+00	  7.9035e-05	  1.6349e-04	  1.4487e-05	  1.0860e-02	  1.6111e-02	  1.4844e+04	  8.2793e-02	  2.1364e-01	  4.6574e-01	  9.2071e-01	  2.0320e-01	  1.8403e+01	  1.5005e+00	  6.7454e-03	  7.5114e-01	  1.1229e-01	  1.1229e-01	  6.2262e+00	  1.7245e+01	  9.0700e-02	  1.2251e+00	  1.0013e+00	  1.0000e+00	  5.4932e-01	  1.2887e-02	  0.0000e+00	  1.3331e-02	  5.8897e-04	  1.8996e-02	  8.9483e-03	  9.7426e-05	  5.2865e-02	  1.6822e-03	  3.1299e-04	  1.6111e-02	  0.0000e+00	  1.9094e-03	
    -6.78391	  7.6000e+01	  5.9878e+00	  7.9021e-05	  1.6673e-04	  1.4489e-05	  1.0965e-02	  1.6256e-02	  1.4952e+04	  8.2391e-02	  2.1243e-01	  4.6399e-01	  9.1978e-01	  1.9555e-01	  1.8409e+01	  1.4974e+00	  6.6908e-03	  7.4334e-01	  1.1293e-01	  1.1293e-01	  6.2740e+00	  1.7197e+01	  9.0534e-02	  1.2272e+00	  1.0013e+00	  1.0000e+00	  5.5433e-01	  1.3119e-02	  0.0000e+00	  1.3477e-02	  5.9394e-04	  1.9132e-02	  9.0174e-03	  9.7416e-05	  5.3295e-02	  1.6938e-03	  3.1395e-04	  1.6256e-02	  0.0000e+00	  1.9119e-03	
    -6.78468	  7.7000e+01	  5.9867e+00	  7.9007e-05	  1.6996e-04	  1.4490e-05	  1.1068e-02	  1.6398e-02	  1.5059e+04	  8.1998e-02	  2.1125e-01	  4.6227e-01	  9.1885e-01	  1.8829e-01	  1.8415e+01	  1.4943e+00	  6.6400e-03	  7.3558e-01	  1.1355e-01	  1.1355e-01	  6.3211e+00	  1.7150e+01	  9.0383e-02	  1.2292e+00	  1.0013e+00	  1.0000e+00	  5.5927e-01	  1.3350e-02	  0.0000e+00	  1.3621e-02	  5.9886e-04	  1.9266e-02	  9.0857e-03	  9.7401e-05	  5.3721e-02	  1.7053e-03	  3.1489e-04	  1.6398e-02	  0.0000e+00	  1.9144e-03	
    -6.78546	  7.8000e+01	  5.9856e+00	  7.8994e-05	  1.7320e-04	  1.4491e-05	  1.1171e-02	  1.6539e-02	  1.5165e+04	  8.1614e-02	  2.1010e-01	  4.6059e-01	  9.1793e-01	  1.8142e-01	  1.8420e+01	  1.4912e+00	  6.5927e-03	  7.2784e-01	  1.1417e-01	  1.1417e-01	  6.3676e+00	  1.7103e+01	  9.0246e-02	  1.2312e+00	  1.0014e+00	  1.0000e+00	  5.6415e-01	  1.3580e-02	  0.0000e+00	  1.3764e-02	  6.0375e-04	  1.9398e-02	  9.1533e-03	  9.7382e-05	  5.4142e-02	  1.7166e-03	  3.1583e-04	  1.6539e-02	  0.0000e+00	  1.9167e-03	
    -6.78623	  7.9000e+01	  5.9845e+00	  7.8980e-05	  1.7642e-04	  1.4493e-05	  1.1272e-02	  1.6679e-02	  1.5270e+04	  8.1238e-02	  2.0897e-01	  4.5893e-01	  9.1702e-01	  1.7491e-01	  1.8426e+01	  1.4882e+00	  6.5489e-03	  7.2015e-01	  1.1478e-01	  1.1478e-01	  6.4135e+00	  1.7057e+01	  9.0123e-02	  1.2332e+00	  1.0014e+00	  1.0000e+00	  5.6897e-01	  1.3810e-02	  0.0000e+00	  1.3906e-02	  6.0859e-04	  1.9529e-02	  9.2202e-03	  9.7358e-05	  5.4560e-02	  1.7278e-03	  3.1674e-04	  1.6679e-02	  0.0000e+00	  1.9189e-03	
      -6.787	  8.0000e+01	  5.9835e+00	  7.8967e-05	  1.7965e-04	  1.4494e-05	  1.1372e-02	  1.6817e-02	  1.5373e+04	  8.0871e-02	  2.0787e-01	  4.5731e-01	  9.1612e-01	  1.6874e-01	  1.8431e+01	  1.4851e+00	  6.5085e-03	  7.1249e-01	  1.1538e-01	  1.1538e-01	  6.4589e+00	  1.7011e+01	  9.0013e-02	  1.2351e+00	  1.0014e+00	  1.0000e+00	  5.7373e-01	  1.4039e-02	  0.0000e+00	  1.4047e-02	  6.1340e-04	  1.9659e-02	  9.2865e-03	  9.7330e-05	  5.4973e-02	  1.7389e-03	  3.1765e-04	  1.6817e-02	  0.0000e+00	  1.9210e-03	
    -6.78777	  8.1000e+01	  5.9825e+00	  7.8954e-05	  1.8286e-04	  1.4495e-05	  1.1470e-02	  1.6953e-02	  1.5476e+04	  8.0512e-02	  2.0679e-01	  4.5571e-01	  9.1522e-01	  1.6289e-01	  1.8436e+01	  1.4821e+00	  6.4713e-03	  7.0487e-01	  1.1598e-01	  1.1598e-01	  6.5036e+00	  1.6966e+01	  8.9917e-02	  1.2371e+00	  1.0014e+00	  1.0000e+00	  5.7843e-01	  1.4267e-02	  0.0000e+00	  1.4187e-02	  6.1817e-04	  1.9787e-02	  9.3520e-03	  9.7298e-05	  5.5381e-02	  1.7498e-03	  3.1854e-04	  1.6953e-02	  0.0000e+00	  1.9231e-03	
    -6.78853	  8.2000e+01	  5.9815e+00	  7.8941e-05	  1.8607e-04	  1.4497e-05	  1.1568e-02	  1.7088e-02	  1.5577e+04	  8.0160e-02	  2.0573e-01	  4.5414e-01	  9.1433e-01	  1.5735e-01	  1.8440e+01	  1.4791e+00	  6.4371e-03	  6.9730e-01	  1.1656e-01	  1.1656e-01	  6.5478e+00	  1.6922e+01	  8.9834e-02	  1.2390e+00	  1.0014e+00	  1.0000e+00	  5.8308e-01	  1.4494e-02	  0.0000e+00	  1.4326e-02	  6.2289e-04	  1.9913e-02	  9.4169e-03	  9.7263e-05	  5.5786e-02	  1.7606e-03	  3.1942e-04	  1.7088e-02	  0.0000e+00	  1.9250e-03	
    -6.78929	  8.3000e+01	  5.9805e+00	  7.8928e-05	  1.8927e-04	  1.4498e-05	  1.1664e-02	  1.7221e-02	  1.5677e+04	  7.9816e-02	  2.0469e-01	  4.5261e-01	  9.1345e-01	  1.5209e-01	  1.8445e+01	  1.4760e+00	  6.4059e-03	  6.8979e-01	  1.1714e-01	  1.1714e-01	  6.5915e+00	  1.6878e+01	  8.9763e-02	  1.2408e+00	  1.0015e+00	  1.0000e+00	  5.8767e-01	  1.4720e-02	  0.0000e+00	  1.4464e-02	  6.2758e-04	  2.0039e-02	  9.4810e-03	  9.7225e-05	  5.6187e-02	  1.7713e-03	  3.2028e-04	  1.7221e-02	  0.0000e+00	  1.9269e-03	
    -6.79005	  8.4000e+01	  5.9796e+00	  7.8915e-05	  1.9247e-04	  1.4499e-05	  1.1760e-02	  1.7353e-02	  1.5776e+04	  7.9479e-02	  2.0368e-01	  4.5109e-01	  9.1257e-01	  1.4710e-01	  1.8449e+01	  1.4730e+00	  6.3775e-03	  6.8232e-01	  1.1771e-01	  1.1771e-01	  6.6346e+00	  1.6835e+01	  8.9705e-02	  1.2427e+00	  1.0015e+00	  1.0000e+00	  5.9220e-01	  1.4946e-02	  0.0000e+00	  1.4601e-02	  6.3223e-04	  2.0162e-02	  9.5446e-03	  9.7184e-05	  5.6583e-02	  1.7819e-03	  3.2114e-04	  1.7353e-02	  0.0000e+00	  1.9286e-03	
     -6.7908	  8.5000e+01	  5.9787e+00	  7.8902e-05	  1.9565e-04	  1.4500e-05	  1.1854e-02	  1.7484e-02	  1.5874e+04	  7.9149e-02	  2.0269e-01	  4.4961e-01	  9.1170e-01	  1.4236e-01	  1.8453e+01	  1.4700e+00	  6.3519e-03	  6.7491e-01	  1.1827e-01	  1.1827e-01	  6.6772e+00	  1.6792e+01	  8.9659e-02	  1.2445e+00	  1.0015e+00	  1.0000e+00	  5.9668e-01	  1.5171e-02	  0.0000e+00	  1.4736e-02	  6.3684e-04	  2.0284e-02	  9.6074e-03	  9.7140e-05	  5.6976e-02	  1.7923e-03	  3.2198e-04	  1.7484e-02	  0.0000e+00	  1.9303e-03	
    -6.79155	  8.6000e+01	  5.9778e+00	  7.8890e-05	  1.9883e-04	  1.4502e-05	  1.1947e-02	  1.7613e-02	  1.5971e+04	  7.8826e-02	  2.0172e-01	  4.4815e-01	  9.1084e-01	  1.3786e-01	  1.8457e+01	  1.4670e+00	  6.3288e-03	  6.6756e-01	  1.1882e-01	  1.1882e-01	  6.7193e+00	  1.6750e+01	  8.9625e-02	  1.2464e+00	  1.0015e+00	  1.0000e+00	  6.0111e-01	  1.5394e-02	  0.0000e+00	  1.4870e-02	  6.4141e-04	  2.0405e-02	  9.6697e-03	  9.7095e-05	  5.7365e-02	  1.8026e-03	  3.2280e-04	  1.7613e-02	  0.0000e+00	  1.9320e-03	
     -6.7923	  8.7000e+01	  5.9769e+00	  7.8878e-05	  2.0200e-04	  1.4503e-05	  1.2040e-02	  1.7740e-02	  1.6067e+04	  7.8510e-02	  2.0076e-01	  4.4672e-01	  9.0999e-01	  1.3359e-01	  1.8461e+01	  1.4640e+00	  6.3083e-03	  6.6027e-01	  1.1936e-01	  1.1936e-01	  6.7609e+00	  1.6708e+01	  8.9603e-02	  1.2481e+00	  1.0016e+00	  1.0000e+00	  6.0548e-01	  1.5617e-02	  0.0000e+00	  1.5004e-02	  6.4594e-04	  2.0525e-02	  9.7312e-03	  9.7047e-05	  5.7749e-02	  1.8128e-03	  3.2362e-04	  1.7740e-02	  0.0000e+00	  1.9335e-03	
    -6.79303	  8.8000e+01	  5.9761e+00	  7.8865e-05	  2.0516e-04	  1.4504e-05	  1.2131e-02	  1.7867e-02	  1.6162e+04	  7.8200e-02	  1.9983e-01	  4.4531e-01	  9.0914e-01	  1.2954e-01	  1.8465e+01	  1.4610e+00	  6.2901e-03	  6.5305e-01	  1.1990e-01	  1.1990e-01	  6.8020e+00	  1.6667e+01	  8.9592e-02	  1.2499e+00	  1.0016e+00	  1.0000e+00	  6.0981e-01	  1.5839e-02	  0.0000e+00	  1.5136e-02	  6.5043e-04	  2.0643e-02	  9.7922e-03	  9.6997e-05	  5.8130e-02	  1.8228e-03	  3.2443e-04	  1.7867e-02	  0.0000e+00	  1.9350e-03	
    -6.79377	  8.9000e+01	  5.9753e+00	  7.8853e-05	  2.0831e-04	  1.4505e-05	  1.2221e-02	  1.7992e-02	  1.6255e+04	  7.7896e-02	  1.9892e-01	  4.4393e-01	  9.0830e-01	  1.2568e-01	  1.8468e+01	  1.4580e+00	  6.2742e-03	  6.4588e-01	  1.2043e-01	  1.2043e-01	  6.8427e+00	  1.6626e+01	  8.9592e-02	  1.2517e+00	  1.0016e+00	  1.0000e+00	  6.1408e-01	  1.6060e-02	  0.0000e+00	  1.5267e-02	  6.5489e-04	  2.0760e-02	  9.8525e-03	  9.6946e-05	  5.8507e-02	  1.8328e-03	  3.2522e-04	  1.7992e-02	  0.0000e+00	  1.9365e-03	
    -6.79449	  9.0000e+01	  5.9745e+00	  7.8841e-05	  2.1145e-04	  1.4507e-05	  1.2310e-02	  1.8115e-02	  1.6348e+04	  7.7599e-02	  1.9802e-01	  4.4257e-01	  9.0747e-01	  1.2201e-01	  1.8472e+01	  1.4550e+00	  6.2605e-03	  6.3879e-01	  1.2095e-01	  1.2095e-01	  6.8829e+00	  1.6586e+01	  8.9603e-02	  1.2534e+00	  1.0016e+00	  1.0000e+00	  6.1831e-01	  1.6280e-02	  0.0000e+00	  1.5397e-02	  6.5931e-04	  2.0875e-02	  9.9122e-03	  9.6893e-05	  5.8880e-02	  1.8426e-03	  3.2600e-04	  1.8115e-02	  0.0000e+00	  1.9378e-03	
    -6.79522	  9.1000e+01	  5.9737e+00	  7.8829e-05	  2.1458e-04	  1.4508e-05	  1.2399e-02	  1.8237e-02	  1.6440e+04	  7.7307e-02	  1.9714e-01	  4.4123e-01	  9.0664e-01	  1.1852e-01	  1.8475e+01	  1.4520e+00	  6.2489e-03	  6.3176e-01	  1.2147e-01	  1.2147e-01	  6.9226e+00	  1.6546e+01	  8.9624e-02	  1.2551e+00	  1.0016e+00	  1.0000e+00	  6.2249e-01	  1.6500e-02	  0.0000e+00	  1.5527e-02	  6.6369e-04	  2.0990e-02	  9.9713e-03	  9.6839e-05	  5.9249e-02	  1.8523e-03	  3.2677e-04	  1.8237e-02	  0.0000e+00	  1.9392e-03	
    -6.79593	  9.2000e+01	  5.9729e+00	  7.8818e-05	  2.1770e-04	  1.4509e-05	  1.2486e-02	  1.8359e-02	  1.6531e+04	  7.7021e-02	  1.9628e-01	  4.3992e-01	  9.0583e-01	  1.1520e-01	  1.8478e+01	  1.4490e+00	  6.2393e-03	  6.2479e-01	  1.2197e-01	  1.2197e-01	  6.9620e+00	  1.6506e+01	  8.9656e-02	  1.2568e+00	  1.0017e+00	  1.0000e+00	  6.2662e-01	  1.6718e-02	  0.0000e+00	  1.5655e-02	  6.6803e-04	  2.1103e-02	  1.0030e-02	  9.6784e-05	  5.9615e-02	  1.8619e-03	  3.2753e-04	  1.8359e-02	  0.0000e+00	  1.9405e-03	
    -6.79664	  9.3000e+01	  5.9722e+00	  7.8806e-05	  2.2081e-04	  1.4510e-05	  1.2572e-02	  1.8478e-02	  1.6620e+04	  7.6741e-02	  1.9544e-01	  4.3863e-01	  9.0501e-01	  1.1204e-01	  1.8481e+01	  1.4461e+00	  6.2316e-03	  6.1790e-01	  1.2247e-01	  1.2247e-01	  7.0008e+00	  1.6467e+01	  8.9698e-02	  1.2585e+00	  1.0017e+00	  1.0000e+00	  6.3071e-01	  1.6935e-02	  0.0000e+00	  1.5781e-02	  6.7234e-04	  2.1214e-02	  1.0088e-02	  9.6728e-05	  5.9977e-02	  1.8713e-03	  3.2828e-04	  1.8478e-02	  0.0000e+00	  1.9417e-03	
    -6.79734	  9.4000e+01	  5.9714e+00	  7.8795e-05	  2.2391e-04	  1.4511e-05	  1.2658e-02	  1.8597e-02	  1.6709e+04	  7.6466e-02	  1.9461e-01	  4.3736e-01	  9.0421e-01	  1.0902e-01	  1.8484e+01	  1.4431e+00	  6.2258e-03	  6.1108e-01	  1.2296e-01	  1.2296e-01	  7.0393e+00	  1.6428e+01	  8.9751e-02	  1.2601e+00	  1.0017e+00	  1.0000e+00	  6.3475e-01	  1.7152e-02	  0.0000e+00	  1.5907e-02	  6.7661e-04	  2.1325e-02	  1.0145e-02	  9.6671e-05	  6.0335e-02	  1.8807e-03	  3.2902e-04	  1.8597e-02	  0.0000e+00	  1.9429e-03	
    -6.79803	  9.5000e+01	  5.9707e+00	  7.8783e-05	  2.2700e-04	  1.4512e-05	  1.2742e-02	  1.8714e-02	  1.6797e+04	  7.6197e-02	  1.9380e-01	  4.3611e-01	  9.0341e-01	  1.0615e-01	  1.8487e+01	  1.4402e+00	  6.2217e-03	  6.0434e-01	  1.2345e-01	  1.2345e-01	  7.0773e+00	  1.6390e+01	  8.9813e-02	  1.2618e+00	  1.0017e+00	  1.0000e+00	  6.3875e-01	  1.7367e-02	  0.0000e+00	  1.6032e-02	  6.8084e-04	  2.1434e-02	  1.0202e-02	  9.6614e-05	  6.0690e-02	  1.8899e-03	  3.2975e-04	  1.8714e-02	  0.0000e+00	  1.9440e-03	
    -6.79872	  9.6000e+01	  5.9700e+00	  7.8772e-05	  2.3008e-04	  1.4513e-05	  1.2826e-02	  1.8830e-02	  1.6884e+04	  7.5932e-02	  1.9300e-01	  4.3488e-01	  9.0262e-01	  1.0340e-01	  1.8489e+01	  1.4372e+00	  6.2192e-03	  5.9766e-01	  1.2393e-01	  1.2393e-01	  7.1150e+00	  1.6352e+01	  8.9884e-02	  1.2634e+00	  1.0018e+00	  1.0000e+00	  6.4271e-01	  1.7582e-02	  0.0000e+00	  1.6156e-02	  6.8504e-04	  2.1542e-02	  1.0258e-02	  9.6556e-05	  6.1041e-02	  1.8991e-03	  3.3047e-04	  1.8830e-02	  0.0000e+00	  1.9451e-03	
     -6.7994	  9.7000e+01	  5.9693e+00	  7.8761e-05	  2.3314e-04	  1.4515e-05	  1.2909e-02	  1.8945e-02	  1.6970e+04	  7.5673e-02	  1.9222e-01	  4.3368e-01	  9.0184e-01	  1.0078e-01	  1.8492e+01	  1.4343e+00	  6.2184e-03	  5.9106e-01	  1.2440e-01	  1.2440e-01	  7.1523e+00	  1.6315e+01	  8.9965e-02	  1.2650e+00	  1.0018e+00	  1.0000e+00	  6.4662e-01	  1.7796e-02	  0.0000e+00	  1.6279e-02	  6.8920e-04	  2.1649e-02	  1.0313e-02	  9.6498e-05	  6.1388e-02	  1.9081e-03	  3.3118e-04	  1.8945e-02	  0.0000e+00	  1.9462e-03	
    -6.80007	  9.8000e+01	  5.9687e+00	  7.8750e-05	  2.3620e-04	  1.4516e-05	  1.2991e-02	  1.9059e-02	  1.7054e+04	  7.5419e-02	  1.9145e-01	  4.3249e-01	  9.0106e-01	  9.8282e-02	  1.8494e+01	  1.4313e+00	  6.2191e-03	  5.8453e-01	  1.2486e-01	  1.2486e-01	  7.1892e+00	  1.6278e+01	  9.0055e-02	  1.2666e+00	  1.0018e+00	  1.0000e+00	  6.5050e-01	  1.8008e-02	  0.0000e+00	  1.6401e-02	  6.9332e-04	  2.1754e-02	  1.0368e-02	  9.6439e-05	  6.1733e-02	  1.9170e-03	  3.3188e-04	  1.9059e-02	  0.0000e+00	  1.9472e-03	
    -6.80074	  9.9000e+01	  5.9680e+00	  7.8739e-05	  2.3924e-04	  1.4517e-05	  1.3072e-02	  1.9172e-02	  1.7139e+04	  7.5169e-02	  1.9070e-01	  4.3132e-01	  9.0029e-01	  9.5890e-02	  1.8497e+01	  1.4284e+00	  6.2212e-03	  5.7808e-01	  1.2532e-01	  1.2532e-01	  7.2257e+00	  1.6241e+01	  9.0155e-02	  1.2682e+00	  1.0018e+00	  1.0000e+00	  6.5433e-01	  1.8220e-02	  0.0000e+00	  1.6521e-02	  6.9741e-04	  2.1859e-02	  1.0423e-02	  9.6381e-05	  6.2073e-02	  1.9258e-03	  3.3257e-04	  1.9172e-02	  0.0000e+00	  1.9482e-03	
     -6.8014	  1.0000e+02	  5.9674e+00	  7.8728e-05	  2.4228e-04	  1.4518e-05	  1.3153e-02	  1.9284e-02	  1.7222e+04	  7.4924e-02	  1.8996e-01	  4.3017e-01	  8.9953e-01	  9.3603e-02	  1.8499e+01	  1.4255e+00	  6.2248e-03	  5.7170e-01	  1.2576e-01	  1.2576e-01	  7.2618e+00	  1.6205e+01	  9.0263e-02	  1.2697e+00	  1.0018e+00	  1.0000e+00	  6.5812e-01	  1.8431e-02	  0.0000e+00	  1.6641e-02	  7.0146e-04	  2.1962e-02	  1.0477e-02	  9.6323e-05	  6.2410e-02	  1.9345e-03	  3.3325e-04	  1.9284e-02	  0.0000e+00	  1.9491e-03	
