          pe	        Time	          pH	       Ozero	          HS	         CH4	        CO2g	         CO2	          SC	        fsl1	        fsl2	        fsl3	        fsl4	         POM	         MOM	         QOM	         DOM	          BA	          EP	          EM	          IC	       Total	     OrgAcid	        Aero	        SulR	        Meth	       Caero	       Csulr	       Cmeth	          Na	           K	          Ca	          Mg	         PO4	          Cl	         SO4	         NH4	        HCO3	         FeS	      Pyrite	
           4	  0.0000e+00	  6.9509e+00	  2.5557e-04	  1.0001e-07	  0.0000e+00	  0.0000e+00	  9.0006e-06	  1.0504e+02	  7.6982e-01	  9.7338e-01	  9.9060e-01	  9.9999e-01	  0.0000e+00	  0.0000e+00	  0.0000e+00	  0.0000e+00	  0.0000e+00	  0.0000e+00	  0.0000e+00	  0.0000e+00	  0.0000e+00	  0.0000e+00	  0.0000e+00	  0.0000e+00	  0.0000e+00	  0.0000e+00	  0.0000e+00	  0.0000e+00	  1.1401e-04	  2.8002e-05	  1.8275e-04	  7.9006e-05	  5.0003e-06	  1.3301e-04	  4.0003e-06	  3.8003e-05	  9.0006e-06	  0.0000e+00	  0.0000e+00	
           4	  0.0000e+00	  6.9509e+00	  2.5557e-04	  1.0001e-07	  0.0000e+00	  0.0000e+00	  9.0006e-06	  1.0504e+02	  7.6982e-01	  9.7338e-01	  9.9060e-01	  9.9999e-01	  0.0000e+00	  0.0000e+00	  0.0000e+00	  0.0000e+00	  0.0000e+00	  0.0000e+00	  0.0000e+00	  0.0000e+00	  0.0000e+00	  0.0000e+00	  0.0000e+00	  0.0000e+00	  0.0000e+00	  0.0000e+00	  0.0000e+00	  0.0000e+00	  1.1401e-04	  2.8002e-05	  1.8275e-04	  7.9006e-05	  5.0003e-06	  1.3301e-04	  4.0003e-06	  3.8003e-05	  9.0006e-06	  0.0000e+00	  0.0000e+00	
    -6.68534	  1.0000e+00	  6.6789e+00	  8.0749e-05	  7.2312e-06	  1.4319e-05	  8.6100e-05	  2.6429e-04	  7.8566e+02	  4.3517e-01	  8.3298e-01	  9.3755e-01	  9.9950e-01	  4.5659e+00	  1.5974e+01	  1.7585e+00	  1.9943e-01	  6.2845e-01	  5.2524e-02	  5.2524e-02	  1.9401e-01	  2.3290e+01	  6.7794e-02	  1.0008e+00	  1.0000e+00	  1.0000e+00	  1.9022e-03	  2.4125e-06	  0.0000e+00	  3.2097e-04	  6.4099e-05	  9.8175e-04	  4.3614e-04	  8.7358e-05	  1.9665e-03	  1.8889e-04	  8.4445e-05	  2.6429e-04	  0.0000e+00	  1.4130e-03	
     -6.7512	  2.0000e+00	  6.6010e+00	  8.0699e-05	  9.3754e-06	  1.4324e-05	  1.7863e-04	  4.9225e-04	  1.2441e+03	  3.5523e-01	  7.5983e-01	  9.0583e-01	  9.9888e-01	  4.4252e+00	  1.6047e+01	  1.7531e+00	  6.9842e-02	  6.9137e-01	  5.3136e-02	  5.3136e-02	  3.3866e-01	  2.3145e+01	  9.1144e-02	  1.0026e+00	  1.0000e+00	  1.0000e+00	  6.2689e-03	  1.7167e-05	  0.0000e+00	  4.7953e-04	  8.1469e-05	  1.5521e-03	  6.9209e-04	  6.9997e-05	  3.3166e-03	  3.0235e-04	  1.0438e-04	  4.9225e-04	  0.0000e+00	  1.3838e-03	
    -6.78501	  3.0000e+00	  6.5507e+00	  8.0655e-05	  1.1031e-05	  1.4329e-05	  2.8226e-04	  7.2862e-04	  1.6410e+03	  3.1042e-01	  7.0632e-01	  8.8034e-01	  9.9818e-01	  4.2874e+00	  1.6119e+01	  1.7489e+00	  4.0126e-02	  7.1901e-01	  5.3789e-02	  5.3789e-02	  4.3851e-01	  2.3045e+01	  9.9437e-02	  1.0048e+00	  1.0000e+00	  1.0000e+00	  1.1647e-02	  4.7993e-05	  0.0000e+00	  6.3840e-04	  9.5200e-05	  2.0575e-03	  9.2064e-04	  6.2861e-05	  4.5043e-03	  3.9675e-04	  1.1873e-04	  7.2862e-04	  0.0000e+00	  1.3650e-03	
    -6.80647	  4.0000e+00	  6.5125e+00	  8.0613e-05	  1.2486e-05	  1.4333e-05	  3.9212e-04	  9.6529e-04	  2.0019e+03	  2.8025e-01	  6.6390e-01	  8.5852e-01	  9.9742e-01	  4.1523e+00	  1.6190e+01	  1.7448e+00	  3.4833e-02	  7.3735e-01	  5.4463e-02	  5.4463e-02	  5.2841e-01	  2.2955e+01	  1.0453e-01	  1.0072e+00	  1.0000e+00	  1.0000e+00	  1.7506e-02	  9.5483e-05	  0.0000e+00	  8.0055e-04	  1.0714e-04	  2.5219e-03	  1.1319e-03	  5.9184e-05	  5.6005e-03	  4.8144e-04	  1.3020e-04	  9.6529e-04	  0.0000e+00	  1.3529e-03	
    -6.82112	  5.0000e+00	  6.4811e+00	  8.0574e-05	  1.3846e-05	  1.4336e-05	  5.0739e-04	  1.2026e-03	  2.3382e+03	  2.5797e-01	  6.2877e-01	  8.3925e-01	  9.9662e-01	  4.0199e+00	  1.6259e+01	  1.7408e+00	  3.3168e-02	  7.5390e-01	  5.5154e-02	  5.5154e-02	  6.1875e-01	  2.2864e+01	  1.0875e-01	  1.0097e+00	  1.0000e+00	  1.0000e+00	  2.3731e-02	  1.6059e-04	  0.0000e+00	  9.6645e-04	  1.1802e-04	  2.9572e-03	  1.3309e-03	  5.7178e-05	  6.6351e-03	  5.5994e-04	  1.3987e-04	  1.2026e-03	  0.0000e+00	  1.3463e-03	
    -6.83138	  6.0000e+00	  6.4539e+00	  8.0537e-05	  1.5167e-05	  1.4340e-05	  6.2797e-04	  1.4414e-03	  2.6563e+03	  2.4057e-01	  5.9884e-01	  8.2188e-01	  9.9578e-01	  3.8899e+00	  1.6327e+01	  1.7369e+00	  3.2009e-02	  7.6978e-01	  5.5861e-02	  5.5861e-02	  7.1096e-01	  2.2772e+01	  1.1242e-01	  1.0124e+00	  1.0000e+00	  1.0000e+00	  3.0287e-02	  2.4440e-04	  0.0000e+00	  1.1360e-03	  1.2820e-04	  3.3701e-03	  1.5205e-03	  5.6145e-05	  7.6240e-03	  6.3397e-04	  1.4829e-04	  1.4414e-03	  0.0000e+00	  1.3444e-03	
    -6.83859	  7.0000e+00	  6.4296e+00	  8.0501e-05	  1.6486e-05	  1.4343e-05	  7.5380e-04	  1.6824e-03	  2.9598e+03	  2.2644e-01	  5.7285e-01	  8.0602e-01	  9.9490e-01	  3.7626e+00	  1.6394e+01	  1.7329e+00	  3.0960e-02	  7.8512e-01	  5.6582e-02	  5.6582e-02	  8.0507e-01	  2.2678e+01	  1.1563e-01	  1.0152e+00	  1.0000e+00	  1.0000e+00	  3.7150e-02	  3.4789e-04	  0.0000e+00	  1.3088e-03	  1.3787e-04	  3.7649e-03	  1.7026e-03	  5.5742e-05	  8.5770e-03	  7.0453e-04	  1.5578e-04	  1.6824e-03	  0.0000e+00	  1.3471e-03	
    -6.84357	  8.0000e+00	  6.4075e+00	  8.0467e-05	  1.7829e-05	  1.4347e-05	  8.8477e-04	  1.9257e-03	  3.2515e+03	  2.1466e-01	  5.4995e-01	  7.9140e-01	  9.9400e-01	  3.6379e+00	  1.6459e+01	  1.7290e+00	  2.9970e-02	  7.9994e-01	  5.7318e-02	  5.7318e-02	  9.0093e-01	  2.2582e+01	  1.1841e-01	  1.0182e+00	  1.0000e+00	  1.0000e+00	  4.4294e-02	  4.7188e-04	  0.0000e+00	  1.4845e-03	  1.4717e-04	  4.1447e-03	  1.8784e-03	  5.5776e-05	  9.5004e-03	  7.7223e-04	  1.6256e-04	  1.9257e-03	  0.0000e+00	  1.3541e-03	
    -6.84691	  9.0000e+00	  6.3870e+00	  8.0433e-05	  1.9220e-05	  1.4350e-05	  1.0207e-03	  2.1715e-03	  3.5329e+03	  2.0462e-01	  5.2953e-01	  7.7781e-01	  9.9307e-01	  3.5158e+00	  1.6524e+01	  1.7251e+00	  2.9029e-02	  8.1422e-01	  5.8067e-02	  5.8067e-02	  9.9835e-01	  2.2484e+01	  1.2079e-01	  1.0212e+00	  1.0001e+00	  1.0000e+00	  5.1697e-02	  6.1701e-04	  0.0000e+00	  1.6628e-03	  1.5617e-04	  4.5115e-03	  2.0488e-03	  5.6124e-05	  1.0399e-02	  8.3751e-04	  1.6876e-04	  2.1715e-03	  0.0000e+00	  1.3652e-03	
    -6.84902	  1.0000e+01	  6.3680e+00	  8.0400e-05	  2.0677e-05	  1.4353e-05	  1.1614e-03	  2.4196e-03	  3.8056e+03	  1.9593e-01	  5.1116e-01	  7.6512e-01	  9.9211e-01	  3.3963e+00	  1.6587e+01	  1.7213e+00	  2.8133e-02	  8.2795e-01	  5.8830e-02	  5.8830e-02	  1.0972e+00	  2.2385e+01	  1.2280e-01	  1.0243e+00	  1.0001e+00	  1.0000e+00	  5.9334e-02	  7.8376e-04	  0.0000e+00	  1.8434e-03	  1.6494e-04	  4.8668e-03	  2.2145e-03	  5.6703e-05	  1.1275e-02	  9.0068e-04	  1.7449e-04	  2.4196e-03	  0.0000e+00	  1.3802e-03	
     -6.8502	  1.1000e+01	  6.3501e+00	  8.0369e-05	  2.2221e-05	  1.4356e-05	  1.3065e-03	  2.6698e-03	  4.0704e+03	  1.8832e-01	  4.9451e-01	  7.5321e-01	  9.9113e-01	  3.2794e+00	  1.6649e+01	  1.7174e+00	  2.7278e-02	  8.4113e-01	  5.9605e-02	  5.9605e-02	  1.1972e+00	  2.2285e+01	  1.2447e-01	  1.0275e+00	  1.0001e+00	  1.0000e+00	  6.7184e-02	  9.7247e-04	  0.0000e+00	  2.0259e-03	  1.7351e-04	  5.2119e-03	  2.3759e-03	  5.7454e-05	  1.2133e-02	  9.6194e-04	  1.7982e-04	  2.6698e-03	  0.0000e+00	  1.3989e-03	
    -6.85067	  1.2000e+01	  6.3333e+00	  8.0338e-05	  2.3871e-05	  1.4359e-05	  1.4558e-03	  2.9221e-03	  4.3283e+03	  1.8156e-01	  4.7931e-01	  7.4199e-01	  9.9014e-01	  3.1651e+00	  1.6709e+01	  1.7136e+00	  2.6459e-02	  8.5375e-01	  6.0393e-02	  6.0393e-02	  1.2983e+00	  2.2184e+01	  1.2582e-01	  1.0308e+00	  1.0001e+00	  1.0000e+00	  7.5224e-02	  1.1833e-03	  0.0000e+00	  2.2102e-03	  1.8192e-04	  5.5478e-03	  2.5335e-03	  5.8334e-05	  1.2973e-02	  1.0215e-03	  1.8480e-04	  2.9221e-03	  0.0000e+00	  1.4210e-03	
    -6.85063	  1.3000e+01	  6.3175e+00	  8.0307e-05	  2.5648e-05	  1.4362e-05	  1.6089e-03	  3.1762e-03	  4.5797e+03	  1.7552e-01	  4.6538e-01	  7.3138e-01	  9.8912e-01	  3.0534e+00	  1.6769e+01	  1.7098e+00	  2.5675e-02	  8.6579e-01	  6.1192e-02	  6.1192e-02	  1.4002e+00	  2.2082e+01	  1.2688e-01	  1.0342e+00	  1.0001e+00	  1.0000e+00	  8.3432e-02	  1.4163e-03	  0.0000e+00	  2.3960e-03	  1.9018e-04	  5.8752e-03	  2.6876e-03	  5.9309e-05	  1.3797e-02	  1.0795e-03	  1.8949e-04	  3.1762e-03	  0.0000e+00	  1.4462e-03	
     -6.8502	  1.4000e+01	  6.3026e+00	  8.0277e-05	  2.7575e-05	  1.4365e-05	  1.7656e-03	  3.4317e-03	  4.8253e+03	  1.7007e-01	  4.5253e-01	  7.2132e-01	  9.8809e-01	  2.9443e+00	  1.6827e+01	  1.7060e+00	  2.4924e-02	  8.7725e-01	  6.2002e-02	  6.2002e-02	  1.5029e+00	  2.1979e+01	  1.2768e-01	  1.0376e+00	  1.0002e+00	  1.0000e+00	  9.1787e-02	  1.6713e-03	  0.0000e+00	  2.5830e-03	  1.9832e-04	  6.1949e-03	  2.8385e-03	  6.0351e-05	  1.4607e-02	  1.1359e-03	  1.9391e-04	  3.4317e-03	  0.0000e+00	  1.4741e-03	
    -6.84951	  1.5000e+01	  6.2884e+00	  8.0248e-05	  2.9679e-05	  1.4368e-05	  1.9255e-03	  3.6886e-03	  5.0655e+03	  1.6513e-01	  4.4065e-01	  7.1177e-01	  9.8705e-01	  2.8378e+00	  1.6884e+01	  1.7023e+00	  2.4201e-02	  8.8812e-01	  6.2822e-02	  6.2822e-02	  1.6061e+00	  2.1875e+01	  1.2824e-01	  1.0411e+00	  1.0002e+00	  1.0000e+00	  1.0027e-01	  1.9482e-03	  0.0000e+00	  2.7710e-03	  2.0635e-04	  6.5072e-03	  2.9863e-03	  6.1439e-05	  1.5403e-02	  1.1911e-03	  1.9811e-04	  3.6886e-03	  0.0000e+00	  1.5044e-03	
    -6.84864	  1.6000e+01	  6.2751e+00	  8.0219e-05	  3.1987e-05	  1.4371e-05	  2.0882e-03	  3.9465e-03	  5.3007e+03	  1.6061e-01	  4.2960e-01	  7.0267e-01	  9.8600e-01	  2.7339e+00	  1.6939e+01	  1.6985e+00	  2.3507e-02	  8.9841e-01	  6.3652e-02	  6.3652e-02	  1.7097e+00	  2.1772e+01	  1.2858e-01	  1.0446e+00	  1.0002e+00	  1.0000e+00	  1.0886e-01	  2.2467e-03	  0.0000e+00	  2.9600e-03	  2.1427e-04	  6.8128e-03	  3.1314e-03	  6.2555e-05	  1.6186e-02	  1.2449e-03	  2.0210e-04	  3.9465e-03	  0.0000e+00	  1.5364e-03	
    -6.84766	  1.7000e+01	  6.2624e+00	  8.0191e-05	  3.4529e-05	  1.4374e-05	  2.2533e-03	  4.2052e-03	  5.5311e+03	  1.5647e-01	  4.1931e-01	  6.9399e-01	  9.8493e-01	  2.6327e+00	  1.6994e+01	  1.6948e+00	  2.2838e-02	  9.0810e-01	  6.4491e-02	  6.4491e-02	  1.8135e+00	  2.1668e+01	  1.2872e-01	  1.0482e+00	  1.0003e+00	  1.0000e+00	  1.1754e-01	  2.5663e-03	  0.0000e+00	  3.1497e-03	  2.2211e-04	  7.1121e-03	  3.2738e-03	  6.3682e-05	  1.6958e-02	  1.2974e-03	  2.0590e-04	  4.2052e-03	  0.0000e+00	  1.5697e-03	
    -6.84662	  1.8000e+01	  6.2504e+00	  8.0163e-05	  3.7339e-05	  1.4377e-05	  2.4207e-03	  4.4643e-03	  5.7570e+03	  1.5265e-01	  4.0969e-01	  6.8569e-01	  9.8385e-01	  2.5340e+00	  1.7047e+01	  1.6911e+00	  2.2194e-02	  9.1719e-01	  6.5339e-02	  6.5339e-02	  1.9174e+00	  2.1564e+01	  1.2869e-01	  1.0518e+00	  1.0003e+00	  1.0000e+00	  1.2629e-01	  2.9065e-03	  0.0000e+00	  3.3399e-03	  2.2986e-04	  7.4053e-03	  3.4137e-03	  6.4809e-05	  1.7718e-02	  1.3489e-03	  2.0953e-04	  4.4643e-03	  0.0000e+00	  1.6036e-03	
    -6.84557	  1.9000e+01	  6.2391e+00	  8.0136e-05	  4.0449e-05	  1.4379e-05	  2.5898e-03	  4.7238e-03	  5.9788e+03	  1.4912e-01	  4.0067e-01	  6.7775e-01	  9.8277e-01	  2.4379e+00	  1.7099e+01	  1.6874e+00	  2.1572e-02	  9.2568e-01	  6.6195e-02	  6.6195e-02	  2.0213e+00	  2.1459e+01	  1.2850e-01	  1.0554e+00	  1.0003e+00	  1.0000e+00	  1.3509e-01	  3.2669e-03	  0.0000e+00	  3.5307e-03	  2.3754e-04	  7.6928e-03	  3.5512e-03	  6.5923e-05	  1.8467e-02	  1.3991e-03	  2.1302e-04	  4.7238e-03	  0.0000e+00	  1.6375e-03	
    -6.84455	  2.0000e+01	  6.2284e+00	  8.0109e-05	  4.3891e-05	  1.4382e-05	  2.7604e-03	  4.9832e-03	  6.1965e+03	  1.4584e-01	  3.9219e-01	  6.7014e-01	  9.8168e-01	  2.3444e+00	  1.7149e+01	  1.6837e+00	  2.0973e-02	  9.3358e-01	  6.7058e-02	  6.7058e-02	  2.1250e+00	  2.1356e+01	  1.2817e-01	  1.0590e+00	  1.0004e+00	  1.0000e+00	  1.4394e-01	  3.6467e-03	  0.0000e+00	  3.7217e-03	  2.4513e-04	  7.9749e-03	  3.6865e-03	  6.7016e-05	  1.9206e-02	  1.4483e-03	  2.1636e-04	  4.9832e-03	  0.0000e+00	  1.6709e-03	
    -6.84359	  2.1000e+01	  6.2182e+00	  8.0083e-05	  4.7694e-05	  1.4384e-05	  2.9322e-03	  5.2425e-03	  6.4105e+03	  1.4278e-01	  3.8421e-01	  6.6283e-01	  9.8058e-01	  2.2535e+00	  1.7198e+01	  1.6801e+00	  2.0393e-02	  9.4087e-01	  6.7928e-02	  6.7928e-02	  2.2284e+00	  2.1252e+01	  1.2771e-01	  1.0626e+00	  1.0004e+00	  1.0000e+00	  1.5281e-01	  4.0453e-03	  0.0000e+00	  3.9130e-03	  2.5267e-04	  8.2519e-03	  3.8196e-03	  6.8080e-05	  1.9935e-02	  1.4965e-03	  2.1957e-04	  5.2425e-03	  0.0000e+00	  1.7030e-03	
    -6.84269	  2.2000e+01	  6.2086e+00	  8.0057e-05	  5.1882e-05	  1.4387e-05	  3.1048e-03	  5.5014e-03	  6.6208e+03	  1.3992e-01	  3.7668e-01	  6.5581e-01	  9.7947e-01	  2.1652e+00	  1.7246e+01	  1.6764e+00	  1.9834e-02	  9.4757e-01	  6.8803e-02	  6.8803e-02	  2.3314e+00	  2.1149e+01	  1.2715e-01	  1.0663e+00	  1.0004e+00	  1.0000e+00	  1.6169e-01	  4.4620e-03	  0.0000e+00	  4.1044e-03	  2.6013e-04	  8.5239e-03	  3.9506e-03	  6.9109e-05	  2.0654e-02	  1.5437e-03	  2.2266e-04	  5.5014e-03	  0.0000e+00	  1.7333e-03	
    -6.84189	  2.3000e+01	  6.1995e+00	  8.0031e-05	  5.6468e-05	  1.4390e-05	  3.2781e-03	  5.7596e-03	  6.8276e+03	  1.3724e-01	  3.6955e-01	  6.4905e-01	  9.7836e-01	  2.0794e+00	  1.7293e+01	  1.6728e+00	  1.9293e-02	  9.5367e-01	  6.9685e-02	  6.9685e-02	  2.4340e+00	  2.1046e+01	  1.2649e-01	  1.0699e+00	  1.0005e+00	  1.0000e+00	  1.7057e-01	  4.8960e-03	  0.0000e+00	  4.2958e-03	  2.6753e-04	  8.7912e-03	  4.0797e-03	  7.0097e-05	  2.1364e-02	  1.5900e-03	  2.2565e-04	  5.7596e-03	  0.0000e+00	  1.7616e-03	
    -6.84119	  2.4000e+01	  6.1909e+00	  8.0006e-05	  6.1459e-05	  1.4392e-05	  3.4516e-03	  6.0171e-03	  7.0310e+03	  1.3473e-01	  3.6281e-01	  6.4255e-01	  9.7724e-01	  1.9961e+00	  1.7339e+01	  1.6692e+00	  1.8771e-02	  9.5919e-01	  7.0571e-02	  7.0571e-02	  2.5359e+00	  2.0944e+01	  1.2575e-01	  1.0735e+00	  1.0005e+00	  1.0000e+00	  1.7944e-01	  5.3466e-03	  0.0000e+00	  4.4872e-03	  2.7487e-04	  9.0539e-03	  4.2068e-03	  7.1040e-05	  2.2065e-02	  1.6353e-03	  2.2853e-04	  6.0171e-03	  0.0000e+00	  1.7874e-03	
     -6.8406	  2.5000e+01	  6.1828e+00	  7.9981e-05	  6.6851e-05	  1.4395e-05	  3.6253e-03	  6.2735e-03	  7.2313e+03	  1.3236e-01	  3.5640e-01	  6.3628e-01	  9.7613e-01	  1.9154e+00	  1.7383e+01	  1.6656e+00	  1.8264e-02	  9.6412e-01	  7.1462e-02	  7.1462e-02	  2.6372e+00	  2.0843e+01	  1.2494e-01	  1.0772e+00	  1.0006e+00	  1.0000e+00	  1.8829e-01	  5.8129e-03	  0.0000e+00	  4.6784e-03	  2.8215e-04	  9.3123e-03	  4.3321e-03	  7.1937e-05	  2.2758e-02	  1.6798e-03	  2.3131e-04	  6.2735e-03	  0.0000e+00	  1.8107e-03	
    -6.84011	  2.6000e+01	  6.1751e+00	  7.9957e-05	  7.2631e-05	  1.4397e-05	  3.7988e-03	  6.5287e-03	  7.4284e+03	  1.3012e-01	  3.5032e-01	  6.3023e-01	  9.7500e-01	  1.8371e+00	  1.7426e+01	  1.6620e+00	  1.7775e-02	  9.6847e-01	  7.2356e-02	  7.2356e-02	  2.7377e+00	  2.0742e+01	  1.2407e-01	  1.0808e+00	  1.0006e+00	  1.0000e+00	  1.9710e-01	  6.2941e-03	  0.0000e+00	  4.8694e-03	  2.8937e-04	  9.5665e-03	  4.4557e-03	  7.2786e-05	  2.3441e-02	  1.7234e-03	  2.3401e-04	  6.5287e-03	  0.0000e+00	  1.8315e-03	
    -6.83973	  2.7000e+01	  6.1678e+00	  7.9932e-05	  7.8780e-05	  1.4399e-05	  3.9720e-03	  6.7826e-03	  7.6225e+03	  1.2800e-01	  3.4453e-01	  6.2439e-01	  9.7388e-01	  1.7613e+00	  1.7468e+01	  1.6584e+00	  1.7301e-02	  9.7226e-01	  7.3254e-02	  7.3254e-02	  2.8373e+00	  2.0642e+01	  1.2315e-01	  1.0844e+00	  1.0007e+00	  1.0000e+00	  2.0587e-01	  6.7896e-03	  0.0000e+00	  5.0602e-03	  2.9654e-04	  9.8165e-03	  4.5775e-03	  7.3586e-05	  2.4117e-02	  1.7662e-03	  2.3662e-04	  6.7826e-03	  0.0000e+00	  1.8498e-03	
    -6.83946	  2.8000e+01	  6.1609e+00	  7.9909e-05	  8.5273e-05	  1.4402e-05	  4.1447e-03	  7.0350e-03	  7.8138e+03	  1.2600e-01	  3.3901e-01	  6.1874e-01	  9.7275e-01	  1.6880e+00	  1.7508e+01	  1.6549e+00	  1.6843e-02	  9.7548e-01	  7.4154e-02	  7.4154e-02	  2.9360e+00	  2.0543e+01	  1.2219e-01	  1.0880e+00	  1.0007e+00	  1.0000e+00	  2.1460e-01	  7.2983e-03	  0.0000e+00	  5.2505e-03	  3.0365e-04	  1.0063e-02	  4.6976e-03	  7.4338e-05	  2.4785e-02	  1.8082e-03	  2.3915e-04	  7.0350e-03	  0.0000e+00	  1.8659e-03	
     -6.8393	  2.9000e+01	  6.1544e+00	  7.9885e-05	  9.2084e-05	  1.4404e-05	  4.3167e-03	  7.2857e-03	  8.0022e+03	  1.2410e-01	  3.3374e-01	  6.1329e-01	  9.7163e-01	  1.6171e+00	  1.7548e+01	  1.6514e+00	  1.6399e-02	  9.7815e-01	  7.5056e-02	  7.5056e-02	  3.0338e+00	  2.0445e+01	  1.2120e-01	  1.0915e+00	  1.0008e+00	  1.0000e+00	  2.2326e-01	  7.8196e-03	  0.0000e+00	  5.4405e-03	  3.1071e-04	  1.0305e-02	  4.8161e-03	  7.5043e-05	  2.5444e-02	  1.8495e-03	  2.4161e-04	  7.2857e-03	  0.0000e+00	  1.8799e-03	
    -6.83923	  3.0000e+01	  6.1482e+00	  7.9862e-05	  9.9187e-05	  1.4406e-05	  4.4879e-03	  7.5348e-03	  8.1878e+03	  1.2229e-01	  3.2871e-01	  6.0800e-01	  9.7050e-01	  1.5486e+00	  1.7586e+01	  1.6478e+00	  1.5969e-02	  9.8029e-01	  7.5960e-02	  7.5960e-02	  3.1306e+00	  2.0348e+01	  1.2019e-01	  1.0950e+00	  1.0008e+00	  1.0000e+00	  2.3186e-01	  8.3526e-03	  0.0000e+00	  5.6300e-03	  3.1772e-04	  1.0544e-02	  4.9331e-03	  7.5700e-05	  2.6096e-02	  1.8900e-03	  2.4400e-04	  7.5348e-03	  0.0000e+00	  1.8921e-03	
    -6.83926	  3.1000e+01	  6.1424e+00	  7.9839e-05	  1.0655e-04	  1.4409e-05	  4.6581e-03	  7.7820e-03	  8.3708e+03	  1.2057e-01	  3.2390e-01	  6.0289e-01	  9.6937e-01	  1.4824e+00	  1.7623e+01	  1.6443e+00	  1.5554e-02	  9.8189e-01	  7.6865e-02	  7.6865e-02	  3.2263e+00	  2.0252e+01	  1.1916e-01	  1.0985e+00	  1.0009e+00	  1.0000e+00	  2.4040e-01	  8.8966e-03	  0.0000e+00	  5.8190e-03	  3.2467e-04	  1.0779e-02	  5.0485e-03	  7.6313e-05	  2.6741e-02	  1.9298e-03	  2.4632e-04	  7.7820e-03	  0.0000e+00	  1.9028e-03	
    -6.83939	  3.2000e+01	  6.1368e+00	  7.9816e-05	  1.1416e-04	  1.4411e-05	  4.8273e-03	  8.0272e-03	  8.5513e+03	  1.1893e-01	  3.1929e-01	  5.9794e-01	  9.6824e-01	  1.4185e+00	  1.7659e+01	  1.6408e+00	  1.5152e-02	  9.8297e-01	  7.7770e-02	  7.7770e-02	  3.3209e+00	  2.0158e+01	  1.1812e-01	  1.1020e+00	  1.0009e+00	  1.0000e+00	  2.4885e-01	  9.4508e-03	  0.0000e+00	  6.0074e-03	  3.3158e-04	  1.1010e-02	  5.1624e-03	  7.6881e-05	  2.7378e-02	  1.9689e-03	  2.4858e-04	  8.0272e-03	  0.0000e+00	  1.9120e-03	
    -6.83959	  3.3000e+01	  6.1315e+00	  7.9794e-05	  1.2198e-04	  1.4413e-05	  4.9953e-03	  8.2704e-03	  8.7292e+03	  1.1736e-01	  3.1488e-01	  5.9313e-01	  9.6711e-01	  1.3570e+00	  1.7693e+01	  1.6373e+00	  1.4762e-02	  9.8355e-01	  7.8675e-02	  7.8675e-02	  3.4143e+00	  2.0064e+01	  1.1708e-01	  1.1054e+00	  1.0010e+00	  1.0000e+00	  2.5723e-01	  1.0014e-02	  0.0000e+00	  6.1953e-03	  3.3843e-04	  1.1238e-02	  5.2749e-03	  7.7407e-05	  2.8008e-02	  2.0074e-03	  2.5077e-04	  8.2704e-03	  0.0000e+00	  1.9201e-03	
    -6.83988	  3.4000e+01	  6.1265e+00	  7.9772e-05	  1.2999e-04	  1.4415e-05	  5.1620e-03	  8.5115e-03	  8.9046e+03	  1.1587e-01	  3.1064e-01	  5.8847e-01	  9.6599e-01	  1.2976e+00	  1.7727e+01	  1.6339e+00	  1.4386e-02	  9.8364e-01	  7.9580e-02	  7.9580e-02	  3.5066e+00	  1.9972e+01	  1.1603e-01	  1.1088e+00	  1.0011e+00	  1.0000e+00	  2.6553e-01	  1.0587e-02	  0.0000e+00	  6.3824e-03	  3.4523e-04	  1.1463e-02	  5.3859e-03	  7.7891e-05	  2.8631e-02	  2.0452e-03	  2.5292e-04	  8.5115e-03	  0.0000e+00	  1.9271e-03	
    -6.84025	  3.5000e+01	  6.1218e+00	  7.9750e-05	  1.3817e-04	  1.4417e-05	  5.3273e-03	  8.7504e-03	  9.0776e+03	  1.1444e-01	  3.0658e-01	  5.8395e-01	  9.6486e-01	  1.2405e+00	  1.7759e+01	  1.6304e+00	  1.4021e-02	  9.8325e-01	  8.0483e-02	  8.0483e-02	  3.5977e+00	  1.9880e+01	  1.1499e-01	  1.1122e+00	  1.0011e+00	  1.0000e+00	  2.7374e-01	  1.1167e-02	  0.0000e+00	  6.5689e-03	  3.5199e-04	  1.1684e-02	  5.4955e-03	  7.8336e-05	  2.9246e-02	  2.0824e-03	  2.5500e-04	  8.7504e-03	  0.0000e+00	  1.9333e-03	
    -6.84069	  3.6000e+01	  6.1173e+00	  7.9728e-05	  1.4651e-04	  1.4419e-05	  5.4912e-03	  8.9871e-03	  9.2483e+03	  1.1307e-01	  3.0267e-01	  5.7956e-01	  9.6374e-01	  1.1855e+00	  1.7790e+01	  1.6270e+00	  1.3669e-02	  9.8240e-01	  8.1385e-02	  8.1385e-02	  3.6875e+00	  1.9790e+01	  1.1396e-01	  1.1155e+00	  1.0012e+00	  1.0000e+00	  2.8185e-01	  1.1755e-02	  0.0000e+00	  6.7547e-03	  3.5869e-04	  1.1903e-02	  5.6038e-03	  7.8744e-05	  2.9855e-02	  2.1190e-03	  2.5704e-04	  8.9871e-03	  0.0000e+00	  1.9388e-03	
     -6.8412	  3.7000e+01	  6.1130e+00	  7.9707e-05	  1.5499e-04	  1.4422e-05	  5.6536e-03	  9.2215e-03	  9.4167e+03	  1.1175e-01	  2.9891e-01	  5.7530e-01	  9.6262e-01	  1.1327e+00	  1.7821e+01	  1.6235e+00	  1.3328e-02	  9.8110e-01	  8.2285e-02	  8.2285e-02	  3.7762e+00	  1.9701e+01	  1.1293e-01	  1.1188e+00	  1.0012e+00	  1.0000e+00	  2.8988e-01	  1.2350e-02	  0.0000e+00	  6.9397e-03	  3.6535e-04	  1.2118e-02	  5.7108e-03	  7.9115e-05	  3.0458e-02	  2.1550e-03	  2.5902e-04	  9.2215e-03	  0.0000e+00	  1.9436e-03	
    -6.84177	  3.8000e+01	  6.1089e+00	  7.9686e-05	  1.6359e-04	  1.4424e-05	  5.8144e-03	  9.4535e-03	  9.5829e+03	  1.1049e-01	  2.9529e-01	  5.7115e-01	  9.6150e-01	  1.0819e+00	  1.7850e+01	  1.6201e+00	  1.2999e-02	  9.7937e-01	  8.3182e-02	  8.3182e-02	  3.8636e+00	  1.9614e+01	  1.1192e-01	  1.1221e+00	  1.0013e+00	  1.0000e+00	  2.9781e-01	  1.2950e-02	  0.0000e+00	  7.1239e-03	  3.7195e-04	  1.2330e-02	  5.8164e-03	  7.9451e-05	  3.1053e-02	  2.1904e-03	  2.6096e-04	  9.4535e-03	  0.0000e+00	  1.9478e-03	
    -6.84241	  3.9000e+01	  6.1050e+00	  7.9665e-05	  1.7231e-04	  1.4426e-05	  5.9736e-03	  9.6832e-03	  9.7469e+03	  1.0928e-01	  2.9181e-01	  5.6712e-01	  9.6039e-01	  1.0331e+00	  1.7878e+01	  1.6167e+00	  1.2681e-02	  9.7722e-01	  8.4077e-02	  8.4077e-02	  3.9497e+00	  1.9528e+01	  1.1093e-01	  1.1253e+00	  1.0014e+00	  1.0000e+00	  3.0565e-01	  1.3556e-02	  0.0000e+00	  7.3073e-03	  3.7851e-04	  1.2540e-02	  5.9208e-03	  7.9755e-05	  3.1643e-02	  2.2253e-03	  2.6285e-04	  9.6832e-03	  0.0000e+00	  1.9516e-03	
    -6.84309	  4.0000e+01	  6.1013e+00	  7.9645e-05	  1.8111e-04	  1.4428e-05	  6.1311e-03	  9.9105e-03	  9.9087e+03	  1.0812e-01	  2.8845e-01	  5.6321e-01	  9.5928e-01	  9.8631e-01	  1.7905e+01	  1.6133e+00	  1.2374e-02	  9.7467e-01	  8.4969e-02	  8.4969e-02	  4.0346e+00	  1.9443e+01	  1.0995e-01	  1.1284e+00	  1.0014e+00	  1.0000e+00	  3.1339e-01	  1.4167e-02	  0.0000e+00	  7.4899e-03	  3.8502e-04	  1.2746e-02	  6.0239e-03	  8.0027e-05	  3.2225e-02	  2.2596e-03	  2.6470e-04	  9.9105e-03	  0.0000e+00	  1.9550e-03	
    -6.84384	  4.1000e+01	  6.0978e+00	  7.9625e-05	  1.9001e-04	  1.4430e-05	  6.2870e-03	  1.0135e-02	  1.0068e+04	  1.0700e-01	  2.8521e-01	  5.5939e-01	  9.5817e-01	  9.4143e-01	  1.7931e+01	  1.6099e+00	  1.2077e-02	  9.7173e-01	  8.5856e-02	  8.5856e-02	  4.1182e+00	  1.9359e+01	  1.0900e-01	  1.1316e+00	  1.0015e+00	  1.0000e+00	  3.2103e-01	  1.4783e-02	  0.0000e+00	  7.6716e-03	  3.9149e-04	  1.2950e-02	  6.1258e-03	  8.0269e-05	  3.2802e-02	  2.2934e-03	  2.6651e-04	  1.0135e-02	  0.0000e+00	  1.9580e-03	
    -6.84463	  4.2000e+01	  6.0945e+00	  7.9605e-05	  1.9897e-04	  1.4432e-05	  6.4411e-03	  1.0358e-02	  1.0226e+04	  1.0592e-01	  2.8208e-01	  5.5568e-01	  9.5707e-01	  8.9843e-01	  1.7957e+01	  1.6066e+00	  1.1791e-02	  9.6842e-01	  8.6740e-02	  8.6740e-02	  4.2006e+00	  1.9276e+01	  1.0806e-01	  1.1347e+00	  1.0015e+00	  1.0000e+00	  3.2858e-01	  1.5402e-02	  0.0000e+00	  7.8524e-03	  3.9790e-04	  1.3150e-02	  6.2265e-03	  8.0483e-05	  3.3372e-02	  2.3268e-03	  2.6827e-04	  1.0358e-02	  0.0000e+00	  1.9607e-03	
    -6.84546	  4.3000e+01	  6.0913e+00	  7.9585e-05	  2.0801e-04	  1.4434e-05	  6.5935e-03	  1.0578e-02	  1.0382e+04	  1.0488e-01	  2.7906e-01	  5.5206e-01	  9.5597e-01	  8.5724e-01	  1.7981e+01	  1.6032e+00	  1.1515e-02	  9.6476e-01	  8.7620e-02	  8.7620e-02	  4.2817e+00	  1.9195e+01	  1.0715e-01	  1.1377e+00	  1.0016e+00	  1.0000e+00	  3.3602e-01	  1.6025e-02	  0.0000e+00	  8.0323e-03	  4.0427e-04	  1.3349e-02	  6.3260e-03	  8.0671e-05	  3.3936e-02	  2.3596e-03	  2.7000e-04	  1.0578e-02	  0.0000e+00	  1.9631e-03	
    -6.84634	  4.4000e+01	  6.0883e+00	  7.9566e-05	  2.1710e-04	  1.4436e-05	  6.7441e-03	  1.0795e-02	  1.0536e+04	  1.0388e-01	  2.7615e-01	  5.4854e-01	  9.5487e-01	  8.1783e-01	  1.8004e+01	  1.5998e+00	  1.1248e-02	  9.6077e-01	  8.8494e-02	  8.8494e-02	  4.3616e+00	  1.9115e+01	  1.0626e-01	  1.1407e+00	  1.0017e+00	  1.0000e+00	  3.4336e-01	  1.6650e-02	  0.0000e+00	  8.2112e-03	  4.1059e-04	  1.3544e-02	  6.4244e-03	  8.0832e-05	  3.4494e-02	  2.3919e-03	  2.7169e-04	  1.0795e-02	  0.0000e+00	  1.9653e-03	
    -6.84725	  4.5000e+01	  6.0854e+00	  7.9546e-05	  2.2623e-04	  1.4437e-05	  6.8929e-03	  1.1010e-02	  1.0687e+04	  1.0291e-01	  2.7332e-01	  5.4511e-01	  9.5378e-01	  7.8013e-01	  1.8027e+01	  1.5965e+00	  1.0991e-02	  9.5645e-01	  8.9364e-02	  8.9364e-02	  4.4402e+00	  1.9036e+01	  1.0539e-01	  1.1437e+00	  1.0017e+00	  1.0000e+00	  3.5061e-01	  1.7278e-02	  0.0000e+00	  8.3892e-03	  4.1687e-04	  1.3737e-02	  6.5216e-03	  8.0970e-05	  3.5046e-02	  2.4238e-03	  2.7334e-04	  1.1010e-02	  0.0000e+00	  1.9673e-03	
     -6.8482	  4.6000e+01	  6.0826e+00	  7.9527e-05	  2.3541e-04	  1.4439e-05	  7.0400e-03	  1.1223e-02	  1.0837e+04	  1.0198e-01	  2.7059e-01	  5.4176e-01	  9.5270e-01	  7.4409e-01	  1.8048e+01	  1.5932e+00	  1.0744e-02	  9.5183e-01	  9.0229e-02	  9.0229e-02	  4.5176e+00	  1.8958e+01	  1.0455e-01	  1.1466e+00	  1.0018e+00	  1.0000e+00	  3.5775e-01	  1.7909e-02	  0.0000e+00	  8.5663e-03	  4.2310e-04	  1.3927e-02	  6.6177e-03	  8.1085e-05	  3.5593e-02	  2.4553e-03	  2.7496e-04	  1.1223e-02	  0.0000e+00	  1.9692e-03	
    -6.84919	  4.7000e+01	  6.0800e+00	  7.9508e-05	  2.4462e-04	  1.4441e-05	  7.1852e-03	  1.1433e-02	  1.0985e+04	  1.0107e-01	  2.6795e-01	  5.3850e-01	  9.5161e-01	  7.0967e-01	  1.8069e+01	  1.5898e+00	  1.0506e-02	  9.4692e-01	  9.1087e-02	  9.1087e-02	  4.5938e+00	  1.8882e+01	  1.0374e-01	  1.1495e+00	  1.0019e+00	  1.0000e+00	  3.6480e-01	  1.8540e-02	  0.0000e+00	  8.7423e-03	  4.2928e-04	  1.4115e-02	  6.7127e-03	  8.1179e-05	  3.6133e-02	  2.4862e-03	  2.7655e-04	  1.1433e-02	  0.0000e+00	  1.9708e-03	
     -6.8502	  4.8000e+01	  6.0775e+00	  7.9490e-05	  2.5386e-04	  1.4443e-05	  7.3287e-03	  1.1641e-02	  1.1131e+04	  1.0020e-01	  2.6539e-01	  5.3531e-01	  9.5054e-01	  6.7680e-01	  1.8089e+01	  1.5865e+00	  1.0277e-02	  9.4173e-01	  9.1940e-02	  9.1940e-02	  4.6689e+00	  1.8807e+01	  1.0294e-01	  1.1524e+00	  1.0019e+00	  1.0000e+00	  3.7175e-01	  1.9173e-02	  0.0000e+00	  8.9174e-03	  4.3542e-04	  1.4301e-02	  6.8066e-03	  8.1252e-05	  3.6668e-02	  2.5168e-03	  2.7811e-04	  1.1641e-02	  0.0000e+00	  1.9723e-03	
    -6.85124	  4.9000e+01	  6.0751e+00	  7.9471e-05	  2.6311e-04	  1.4445e-05	  7.4703e-03	  1.1846e-02	  1.1276e+04	  9.9355e-02	  2.6291e-01	  5.3221e-01	  9.4947e-01	  6.4544e-01	  1.8108e+01	  1.5832e+00	  1.0057e-02	  9.3629e-01	  9.2787e-02	  9.2787e-02	  4.7427e+00	  1.8733e+01	  1.0218e-01	  1.1552e+00	  1.0020e+00	  1.0000e+00	  3.7860e-01	  1.9807e-02	  0.0000e+00	  9.0914e-03	  4.4151e-04	  1.4484e-02	  6.8995e-03	  8.1307e-05	  3.7197e-02	  2.5469e-03	  2.7963e-04	  1.1846e-02	  0.0000e+00	  1.9737e-03	
    -6.85231	  5.0000e+01	  6.0728e+00	  7.9453e-05	  2.7239e-04	  1.4447e-05	  7.6102e-03	  1.2049e-02	  1.1418e+04	  9.8538e-02	  2.6051e-01	  5.2918e-01	  9.4840e-01	  6.1554e-01	  1.8126e+01	  1.5799e+00	  9.8454e-03	  9.3061e-01	  9.3627e-02	  9.3627e-02	  4.8153e+00	  1.8660e+01	  1.0144e-01	  1.1579e+00	  1.0020e+00	  1.0000e+00	  3.8535e-01	  2.0442e-02	  0.0000e+00	  9.2644e-03	  4.4756e-04	  1.4664e-02	  6.9913e-03	  8.1344e-05	  3.7720e-02	  2.5766e-03	  2.8112e-04	  1.2049e-02	  0.0000e+00	  1.9750e-03	
    -6.85339	  5.1000e+01	  6.0706e+00	  7.9435e-05	  2.8167e-04	  1.4448e-05	  7.7482e-03	  1.2249e-02	  1.1559e+04	  9.7746e-02	  2.5817e-01	  5.2622e-01	  9.4734e-01	  5.8703e-01	  1.8144e+01	  1.5766e+00	  9.6422e-03	  9.2469e-01	  9.4461e-02	  9.4461e-02	  4.8868e+00	  1.8588e+01	  1.0073e-01	  1.1607e+00	  1.0021e+00	  1.0000e+00	  3.9201e-01	  2.1077e-02	  0.0000e+00	  9.4364e-03	  4.5356e-04	  1.4843e-02	  7.0821e-03	  8.1365e-05	  3.8239e-02	  2.6060e-03	  2.8259e-04	  1.2249e-02	  0.0000e+00	  1.9762e-03	
     -6.8545	  5.2000e+01	  6.0685e+00	  7.9417e-05	  2.9095e-04	  1.4450e-05	  7.8845e-03	  1.2447e-02	  1.1698e+04	  9.6978e-02	  2.5591e-01	  5.2333e-01	  9.4628e-01	  5.5988e-01	  1.8161e+01	  1.5734e+00	  9.4471e-03	  9.1857e-01	  9.5287e-02	  9.5287e-02	  4.9572e+00	  1.8518e+01	  1.0004e-01	  1.1633e+00	  1.0022e+00	  1.0000e+00	  3.9857e-01	  2.1712e-02	  0.0000e+00	  9.6073e-03	  4.5951e-04	  1.5019e-02	  7.1719e-03	  8.1369e-05	  3.8751e-02	  2.6349e-03	  2.8402e-04	  1.2447e-02	  0.0000e+00	  1.9772e-03	
    -6.85563	  5.3000e+01	  6.0665e+00	  7.9400e-05	  3.0024e-04	  1.4452e-05	  8.0191e-03	  1.2643e-02	  1.1836e+04	  9.6234e-02	  2.5371e-01	  5.2050e-01	  9.4524e-01	  5.3402e-01	  1.8177e+01	  1.5701e+00	  9.2601e-03	  9.1225e-01	  9.6107e-02	  9.6107e-02	  5.0264e+00	  1.8448e+01	  9.9373e-02	  1.1660e+00	  1.0022e+00	  1.0000e+00	  4.0503e-01	  2.2346e-02	  0.0000e+00	  9.7772e-03	  4.6542e-04	  1.5193e-02	  7.2607e-03	  8.1360e-05	  3.9258e-02	  2.6634e-03	  2.8543e-04	  1.2643e-02	  0.0000e+00	  1.9782e-03	
    -6.85677	  5.4000e+01	  6.0646e+00	  7.9382e-05	  3.0952e-04	  1.4454e-05	  8.1518e-03	  1.2836e-02	  1.1972e+04	  9.5513e-02	  2.5158e-01	  5.1774e-01	  9.4419e-01	  5.0941e-01	  1.8192e+01	  1.5669e+00	  9.0808e-03	  9.0574e-01	  9.6920e-02	  9.6920e-02	  5.0946e+00	  1.8380e+01	  9.8735e-02	  1.1686e+00	  1.0023e+00	  1.0000e+00	  4.1141e-01	  2.2980e-02	  0.0000e+00	  9.9460e-03	  4.7129e-04	  1.5364e-02	  7.3485e-03	  8.1337e-05	  3.9760e-02	  2.6916e-03	  2.8682e-04	  1.2836e-02	  0.0000e+00	  1.9792e-03	
    -6.85793	  5.5000e+01	  6.0628e+00	  7.9365e-05	  3.1879e-04	  1.4455e-05	  8.2829e-03	  1.3027e-02	  1.2106e+04	  9.4812e-02	  2.4951e-01	  5.1505e-01	  9.4315e-01	  4.8600e-01	  1.8207e+01	  1.5636e+00	  8.9091e-03	  8.9907e-01	  9.7725e-02	  9.7725e-02	  5.1617e+00	  1.8313e+01	  9.8120e-02	  1.1712e+00	  1.0024e+00	  1.0000e+00	  4.1769e-01	  2.3614e-02	  0.0000e+00	  1.0114e-02	  4.7711e-04	  1.5534e-02	  7.4353e-03	  8.1301e-05	  4.0257e-02	  2.7194e-03	  2.8817e-04	  1.3027e-02	  0.0000e+00	  1.9800e-03	
     -6.8591	  5.6000e+01	  6.0611e+00	  7.9348e-05	  3.2805e-04	  1.4457e-05	  8.4122e-03	  1.3216e-02	  1.2239e+04	  9.4132e-02	  2.4749e-01	  5.1241e-01	  9.4212e-01	  4.6375e-01	  1.8222e+01	  1.5604e+00	  8.7448e-03	  8.9223e-01	  9.8522e-02	  9.8522e-02	  5.2277e+00	  1.8247e+01	  9.7530e-02	  1.1737e+00	  1.0024e+00	  1.0000e+00	  4.2388e-01	  2.4246e-02	  0.0000e+00	  1.0280e-02	  4.8288e-04	  1.5701e-02	  7.5212e-03	  8.1253e-05	  4.0749e-02	  2.7468e-03	  2.8951e-04	  1.3216e-02	  0.0000e+00	  1.9808e-03	
    -6.86028	  5.7000e+01	  6.0594e+00	  7.9331e-05	  3.3729e-04	  1.4459e-05	  8.5399e-03	  1.3403e-02	  1.2370e+04	  9.3471e-02	  2.4553e-01	  5.0983e-01	  9.4110e-01	  4.4259e-01	  1.8235e+01	  1.5571e+00	  8.5876e-03	  8.8526e-01	  9.9312e-02	  9.9312e-02	  5.2927e+00	  1.8181e+01	  9.6964e-02	  1.1762e+00	  1.0025e+00	  1.0000e+00	  4.2998e-01	  2.4877e-02	  0.0000e+00	  1.0446e-02	  4.8861e-04	  1.5867e-02	  7.6062e-03	  8.1195e-05	  4.1235e-02	  2.7739e-03	  2.9081e-04	  1.3403e-02	  0.0000e+00	  1.9816e-03	
    -6.86147	  5.8000e+01	  6.0578e+00	  7.9315e-05	  3.4652e-04	  1.4460e-05	  8.6658e-03	  1.3587e-02	  1.2499e+04	  9.2830e-02	  2.4363e-01	  5.0731e-01	  9.4008e-01	  4.2250e-01	  1.8248e+01	  1.5539e+00	  8.4375e-03	  8.7815e-01	  1.0009e-01	  1.0009e-01	  5.3567e+00	  1.8117e+01	  9.6421e-02	  1.1787e+00	  1.0026e+00	  1.0000e+00	  4.3600e-01	  2.5507e-02	  0.0000e+00	  1.0610e-02	  4.9430e-04	  1.6030e-02	  7.6902e-03	  8.1126e-05	  4.1717e-02	  2.8006e-03	  2.9210e-04	  1.3587e-02	  0.0000e+00	  1.9823e-03	
    -6.86266	  5.9000e+01	  6.0563e+00	  7.9298e-05	  3.5572e-04	  1.4462e-05	  8.7901e-03	  1.3769e-02	  1.2627e+04	  9.2205e-02	  2.4177e-01	  5.0485e-01	  9.3907e-01	  4.0341e-01	  1.8261e+01	  1.5507e+00	  8.2942e-03	  8.7092e-01	  1.0087e-01	  1.0087e-01	  5.4197e+00	  1.8054e+01	  9.5901e-02	  1.1811e+00	  1.0026e+00	  1.0000e+00	  4.4193e-01	  2.6135e-02	  0.0000e+00	  1.0774e-02	  4.9994e-04	  1.6191e-02	  7.7733e-03	  8.1048e-05	  4.2193e-02	  2.8270e-03	  2.9336e-04	  1.3769e-02	  0.0000e+00	  1.9829e-03	
    -6.86387	  6.0000e+01	  6.0548e+00	  7.9282e-05	  3.6491e-04	  1.4464e-05	  8.9128e-03	  1.3949e-02	  1.2754e+04	  9.1599e-02	  2.3997e-01	  5.0243e-01	  9.3806e-01	  3.8529e-01	  1.8273e+01	  1.5475e+00	  8.1575e-03	  8.6359e-01	  1.0163e-01	  1.0163e-01	  5.4817e+00	  1.7992e+01	  9.5404e-02	  1.1835e+00	  1.0027e+00	  1.0000e+00	  4.4777e-01	  2.6762e-02	  0.0000e+00	  1.0936e-02	  5.0554e-04	  1.6350e-02	  7.8555e-03	  8.0961e-05	  4.2665e-02	  2.8531e-03	  2.9460e-04	  1.3949e-02	  0.0000e+00	  1.9835e-03	
    -6.86508	  6.1000e+01	  6.0534e+00	  7.9266e-05	  3.7406e-04	  1.4465e-05	  9.0338e-03	  1.4126e-02	  1.2879e+04	  9.1008e-02	  2.3821e-01	  5.0007e-01	  9.3706e-01	  3.6809e-01	  1.8284e+01	  1.5443e+00	  8.0272e-03	  8.5616e-01	  1.0239e-01	  1.0239e-01	  5.5428e+00	  1.7931e+01	  9.4929e-02	  1.1859e+00	  1.0027e+00	  1.0000e+00	  4.5353e-01	  2.7386e-02	  0.0000e+00	  1.1097e-02	  5.1110e-04	  1.6508e-02	  7.9369e-03	  8.0867e-05	  4.3132e-02	  2.8788e-03	  2.9582e-04	  1.4126e-02	  0.0000e+00	  1.9841e-03	
    -6.86629	  6.2000e+01	  6.0520e+00	  7.9250e-05	  3.8319e-04	  1.4467e-05	  9.1533e-03	  1.4302e-02	  1.3002e+04	  9.0433e-02	  2.3650e-01	  4.9776e-01	  9.3607e-01	  3.5178e-01	  1.8295e+01	  1.5411e+00	  7.9032e-03	  8.4864e-01	  1.0314e-01	  1.0314e-01	  5.6029e+00	  1.7870e+01	  9.4476e-02	  1.1882e+00	  1.0028e+00	  1.0000e+00	  4.5921e-01	  2.8009e-02	  0.0000e+00	  1.1257e-02	  5.1661e-04	  1.6663e-02	  8.0173e-03	  8.0765e-05	  4.3593e-02	  2.9043e-03	  2.9702e-04	  1.4302e-02	  0.0000e+00	  1.9846e-03	
    -6.86751	  6.3000e+01	  6.0508e+00	  7.9234e-05	  3.9228e-04	  1.4468e-05	  9.2711e-03	  1.4475e-02	  1.3124e+04	  8.9874e-02	  2.3483e-01	  4.9550e-01	  9.3508e-01	  3.3631e-01	  1.8306e+01	  1.5380e+00	  7.7852e-03	  8.4105e-01	  1.0388e-01	  1.0388e-01	  5.6622e+00	  1.7811e+01	  9.4044e-02	  1.1905e+00	  1.0029e+00	  1.0000e+00	  4.6480e-01	  2.8629e-02	  0.0000e+00	  1.1416e-02	  5.2208e-04	  1.6817e-02	  8.0969e-03	  8.0656e-05	  4.4051e-02	  2.9294e-03	  2.9819e-04	  1.4475e-02	  0.0000e+00	  1.9851e-03	
    -6.86872	  6.4000e+01	  6.0495e+00	  7.9219e-05	  4.0135e-04	  1.4470e-05	  9.3874e-03	  1.4647e-02	  1.3245e+04	  8.9329e-02	  2.3321e-01	  4.9328e-01	  9.3410e-01	  3.2164e-01	  1.8316e+01	  1.5348e+00	  7.6731e-03	  8.3339e-01	  1.0462e-01	  1.0462e-01	  5.7205e+00	  1.7752e+01	  9.3633e-02	  1.1928e+00	  1.0029e+00	  1.0000e+00	  4.7032e-01	  2.9247e-02	  0.0000e+00	  1.1574e-02	  5.2751e-04	  1.6968e-02	  8.1757e-03	  8.0541e-05	  4.4503e-02	  2.9542e-03	  2.9935e-04	  1.4647e-02	  0.0000e+00	  1.9856e-03	
    -6.86994	  6.5000e+01	  6.0483e+00	  7.9203e-05	  4.1038e-04	  1.4472e-05	  9.5022e-03	  1.4816e-02	  1.3364e+04	  8.8798e-02	  2.3162e-01	  4.9111e-01	  9.3313e-01	  3.0773e-01	  1.8326e+01	  1.5316e+00	  7.5667e-03	  8.2568e-01	  1.0534e-01	  1.0534e-01	  5.7780e+00	  1.7695e+01	  9.3241e-02	  1.1950e+00	  1.0030e+00	  1.0000e+00	  4.7576e-01	  2.9863e-02	  0.0000e+00	  1.1731e-02	  5.3289e-04	  1.7118e-02	  8.2536e-03	  8.0420e-05	  4.4951e-02	  2.9786e-03	  3.0049e-04	  1.4816e-02	  0.0000e+00	  1.9860e-03	
    -6.87116	  6.6000e+01	  6.0472e+00	  7.9188e-05	  4.1937e-04	  1.4473e-05	  9.6155e-03	  1.4983e-02	  1.3482e+04	  8.8281e-02	  2.3008e-01	  4.8898e-01	  9.3217e-01	  2.9455e-01	  1.8335e+01	  1.5285e+00	  7.4659e-03	  8.1792e-01	  1.0606e-01	  1.0606e-01	  5.8347e+00	  1.7638e+01	  9.2870e-02	  1.1972e+00	  1.0030e+00	  1.0000e+00	  4.8112e-01	  3.0476e-02	  0.0000e+00	  1.1886e-02	  5.3823e-04	  1.7266e-02	  8.3307e-03	  8.0294e-05	  4.5394e-02	  3.0028e-03	  3.0161e-04	  1.4983e-02	  0.0000e+00	  1.9865e-03	
    -6.87238	  6.7000e+01	  6.0461e+00	  7.9173e-05	  4.2833e-04	  1.4475e-05	  9.7274e-03	  1.5149e-02	  1.3599e+04	  8.7776e-02	  2.2857e-01	  4.8690e-01	  9.3121e-01	  2.8205e-01	  1.8344e+01	  1.5253e+00	  7.3704e-03	  8.1012e-01	  1.0676e-01	  1.0676e-01	  5.8905e+00	  1.7582e+01	  9.2518e-02	  1.1993e+00	  1.0031e+00	  1.0000e+00	  4.8641e-01	  3.1087e-02	  0.0000e+00	  1.2041e-02	  5.4353e-04	  1.7413e-02	  8.4069e-03	  8.0164e-05	  4.5833e-02	  3.0267e-03	  3.0271e-04	  1.5149e-02	  0.0000e+00	  1.9869e-03	
    -6.87359	  6.8000e+01	  6.0450e+00	  7.9158e-05	  4.3724e-04	  1.4476e-05	  9.8377e-03	  1.5312e-02	  1.3714e+04	  8.7284e-02	  2.2710e-01	  4.8486e-01	  9.3025e-01	  2.7022e-01	  1.8352e+01	  1.5222e+00	  7.2801e-03	  8.0230e-01	  1.0746e-01	  1.0746e-01	  5.9455e+00	  1.7527e+01	  9.2185e-02	  1.2015e+00	  1.0032e+00	  1.0000e+00	  4.9162e-01	  3.1695e-02	  0.0000e+00	  1.2194e-02	  5.4878e-04	  1.7557e-02	  8.4824e-03	  8.0029e-05	  4.6267e-02	  3.0503e-03	  3.0379e-04	  1.5312e-02	  0.0000e+00	  1.9872e-03	
     -6.8748	  6.9000e+01	  6.0440e+00	  7.9144e-05	  4.4612e-04	  1.4477e-05	  9.9467e-03	  1.5473e-02	  1.3828e+04	  8.6805e-02	  2.2567e-01	  4.8285e-01	  9.2931e-01	  2.5901e-01	  1.8360e+01	  1.5191e+00	  7.1947e-03	  7.9445e-01	  1.0815e-01	  1.0815e-01	  5.9997e+00	  1.7472e+01	  9.1870e-02	  1.2036e+00	  1.0032e+00	  1.0000e+00	  4.9676e-01	  3.2300e-02	  0.0000e+00	  1.2347e-02	  5.5400e-04	  1.7700e-02	  8.5570e-03	  7.9890e-05	  4.6697e-02	  3.0737e-03	  3.0485e-04	  1.5473e-02	  0.0000e+00	  1.9876e-03	
    -6.87601	  7.0000e+01	  6.0430e+00	  7.9129e-05	  4.5496e-04	  1.4479e-05	  1.0054e-02	  1.5633e-02	  1.3941e+04	  8.6337e-02	  2.2426e-01	  4.8089e-01	  9.2837e-01	  2.4839e-01	  1.8368e+01	  1.5159e+00	  7.1143e-03	  7.8659e-01	  1.0884e-01	  1.0884e-01	  6.0531e+00	  1.7419e+01	  9.1574e-02	  1.2057e+00	  1.0033e+00	  1.0000e+00	  5.0183e-01	  3.2902e-02	  0.0000e+00	  1.2498e-02	  5.5917e-04	  1.7841e-02	  8.6309e-03	  7.9748e-05	  4.7122e-02	  3.0967e-03	  3.0590e-04	  1.5633e-02	  0.0000e+00	  1.9879e-03	
    -6.87722	  7.1000e+01	  6.0421e+00	  7.9115e-05	  4.6375e-04	  1.4480e-05	  1.0160e-02	  1.5791e-02	  1.4052e+04	  8.5880e-02	  2.2290e-01	  4.7897e-01	  9.2744e-01	  2.3833e-01	  1.8376e+01	  1.5128e+00	  7.0385e-03	  7.7872e-01	  1.0951e-01	  1.0951e-01	  6.1058e+00	  1.7366e+01	  9.1295e-02	  1.2077e+00	  1.0034e+00	  1.0000e+00	  5.0683e-01	  3.3502e-02	  0.0000e+00	  1.2648e-02	  5.6430e-04	  1.7981e-02	  8.7040e-03	  7.9603e-05	  4.7543e-02	  3.1195e-03	  3.0693e-04	  1.5791e-02	  0.0000e+00	  1.9883e-03	
    -6.87841	  7.2000e+01	  6.0412e+00	  7.9100e-05	  4.7251e-04	  1.4482e-05	  1.0265e-02	  1.5947e-02	  1.4162e+04	  8.5434e-02	  2.2156e-01	  4.7708e-01	  9.2651e-01	  2.2880e-01	  1.8383e+01	  1.5097e+00	  6.9672e-03	  7.7085e-01	  1.1017e-01	  1.1017e-01	  6.1578e+00	  1.7314e+01	  9.1033e-02	  1.2097e+00	  1.0034e+00	  1.0000e+00	  5.1176e-01	  3.4098e-02	  0.0000e+00	  1.2797e-02	  5.6939e-04	  1.8118e-02	  8.7764e-03	  7.9456e-05	  4.7960e-02	  3.1419e-03	  3.0795e-04	  1.5947e-02	  0.0000e+00	  1.9886e-03	
    -6.87961	  7.3000e+01	  6.0403e+00	  7.9086e-05	  4.8122e-04	  1.4483e-05	  1.0369e-02	  1.6101e-02	  1.4271e+04	  8.4998e-02	  2.2026e-01	  4.7523e-01	  9.2559e-01	  2.1978e-01	  1.8390e+01	  1.5066e+00	  6.9003e-03	  7.6299e-01	  1.1083e-01	  1.1083e-01	  6.2090e+00	  1.7262e+01	  9.0788e-02	  1.2117e+00	  1.0035e+00	  1.0000e+00	  5.1662e-01	  3.4692e-02	  0.0000e+00	  1.2944e-02	  5.7444e-04	  1.8255e-02	  8.8479e-03	  7.9306e-05	  4.8372e-02	  3.1642e-03	  3.0895e-04	  1.6101e-02	  0.0000e+00	  1.9888e-03	
     -6.8808	  7.4000e+01	  6.0395e+00	  7.9072e-05	  4.8988e-04	  1.4485e-05	  1.0471e-02	  1.6253e-02	  1.4379e+04	  8.4573e-02	  2.1898e-01	  4.7342e-01	  9.2468e-01	  2.1124e-01	  1.8396e+01	  1.5035e+00	  6.8376e-03	  7.5514e-01	  1.1148e-01	  1.1148e-01	  6.2596e+00	  1.7212e+01	  9.0559e-02	  1.2137e+00	  1.0035e+00	  1.0000e+00	  5.2142e-01	  3.5283e-02	  0.0000e+00	  1.3091e-02	  5.7945e-04	  1.8389e-02	  8.9187e-03	  7.9154e-05	  4.8780e-02	  3.1861e-03	  3.0993e-04	  1.6253e-02	  0.0000e+00	  1.9891e-03	
    -6.88198	  7.5000e+01	  6.0387e+00	  7.9059e-05	  4.9850e-04	  1.4486e-05	  1.0572e-02	  1.6403e-02	  1.4485e+04	  8.4157e-02	  2.1773e-01	  4.7164e-01	  9.2378e-01	  2.0314e-01	  1.8402e+01	  1.5004e+00	  6.7789e-03	  7.4730e-01	  1.1212e-01	  1.1212e-01	  6.3095e+00	  1.7162e+01	  9.0346e-02	  1.2156e+00	  1.0036e+00	  1.0000e+00	  5.2616e-01	  3.5870e-02	  0.0000e+00	  1.3237e-02	  5.8441e-04	  1.8522e-02	  8.9888e-03	  7.9000e-05	  4.9184e-02	  3.2078e-03	  3.1090e-04	  1.6403e-02	  0.0000e+00	  1.9894e-03	
    -6.88315	  7.6000e+01	  6.0379e+00	  7.9045e-05	  5.0708e-04	  1.4487e-05	  1.0671e-02	  1.6552e-02	  1.4591e+04	  8.3751e-02	  2.1652e-01	  4.6989e-01	  9.2288e-01	  1.9548e-01	  1.8408e+01	  1.4974e+00	  6.7241e-03	  7.3949e-01	  1.1275e-01	  1.1275e-01	  6.3587e+00	  1.7112e+01	  9.0149e-02	  1.2176e+00	  1.0036e+00	  1.0000e+00	  5.3083e-01	  3.6455e-02	  0.0000e+00	  1.3381e-02	  5.8934e-04	  1.8654e-02	  9.0582e-03	  7.8845e-05	  4.9584e-02	  3.2293e-03	  3.1185e-04	  1.6552e-02	  0.0000e+00	  1.9896e-03	
    -6.88432	  7.7000e+01	  6.0372e+00	  7.9031e-05	  5.1560e-04	  1.4489e-05	  1.0770e-02	  1.6699e-02	  1.4695e+04	  8.3353e-02	  2.1532e-01	  4.6818e-01	  9.2199e-01	  1.8821e-01	  1.8414e+01	  1.4943e+00	  6.6731e-03	  7.3171e-01	  1.1337e-01	  1.1337e-01	  6.4072e+00	  1.7063e+01	  8.9967e-02	  1.2194e+00	  1.0037e+00	  1.0000e+00	  5.3544e-01	  3.7036e-02	  0.0000e+00	  1.3524e-02	  5.9422e-04	  1.8784e-02	  9.1268e-03	  7.8688e-05	  4.9980e-02	  3.2504e-03	  3.1279e-04	  1.6699e-02	  0.0000e+00	  1.9899e-03	
    -6.88548	  7.8000e+01	  6.0364e+00	  7.9018e-05	  5.2409e-04	  1.4490e-05	  1.0867e-02	  1.6845e-02	  1.4798e+04	  8.2965e-02	  2.1416e-01	  4.6649e-01	  9.2111e-01	  1.8133e-01	  1.8420e+01	  1.4912e+00	  6.6258e-03	  7.2395e-01	  1.1399e-01	  1.1399e-01	  6.4552e+00	  1.7015e+01	  8.9800e-02	  1.2213e+00	  1.0038e+00	  1.0000e+00	  5.3999e-01	  3.7614e-02	  0.0000e+00	  1.3667e-02	  5.9907e-04	  1.8912e-02	  9.1947e-03	  7.8531e-05	  5.0372e-02	  3.2714e-03	  3.1372e-04	  1.6845e-02	  0.0000e+00	  1.9901e-03	
    -6.88663	  7.9000e+01	  6.0358e+00	  7.9005e-05	  5.3253e-04	  1.4491e-05	  1.0963e-02	  1.6989e-02	  1.4899e+04	  8.2586e-02	  2.1302e-01	  4.6484e-01	  9.2023e-01	  1.7481e-01	  1.8425e+01	  1.4882e+00	  6.5819e-03	  7.1624e-01	  1.1459e-01	  1.1459e-01	  6.5025e+00	  1.6968e+01	  8.9648e-02	  1.2231e+00	  1.0038e+00	  1.0000e+00	  5.4448e-01	  3.8189e-02	  0.0000e+00	  1.3808e-02	  6.0387e-04	  1.9039e-02	  9.2620e-03	  7.8373e-05	  5.0760e-02	  3.2921e-03	  3.1463e-04	  1.6989e-02	  0.0000e+00	  1.9903e-03	
    -6.88778	  8.0000e+01	  6.0351e+00	  7.8992e-05	  5.4092e-04	  1.4493e-05	  1.1058e-02	  1.7131e-02	  1.5000e+04	  8.2214e-02	  2.1190e-01	  4.6322e-01	  9.1936e-01	  1.6863e-01	  1.8430e+01	  1.4851e+00	  6.5413e-03	  7.0856e-01	  1.1519e-01	  1.1519e-01	  6.5492e+00	  1.6921e+01	  8.9509e-02	  1.2250e+00	  1.0039e+00	  1.0000e+00	  5.4891e-01	  3.8761e-02	  0.0000e+00	  1.3948e-02	  6.0864e-04	  1.9165e-02	  9.3285e-03	  7.8214e-05	  5.1144e-02	  3.3125e-03	  3.1552e-04	  1.7131e-02	  0.0000e+00	  1.9905e-03	
    -6.88891	  8.1000e+01	  6.0344e+00	  7.8979e-05	  5.4926e-04	  1.4494e-05	  1.1151e-02	  1.7271e-02	  1.5100e+04	  8.1851e-02	  2.1081e-01	  4.6163e-01	  9.1850e-01	  1.6277e-01	  1.8435e+01	  1.4821e+00	  6.5040e-03	  7.0093e-01	  1.1578e-01	  1.1578e-01	  6.5953e+00	  1.6875e+01	  8.9385e-02	  1.2268e+00	  1.0039e+00	  1.0000e+00	  5.5329e-01	  3.9330e-02	  0.0000e+00	  1.4087e-02	  6.1336e-04	  1.9289e-02	  9.3943e-03	  7.8055e-05	  5.1524e-02	  3.3327e-03	  3.1641e-04	  1.7271e-02	  0.0000e+00	  1.9907e-03	
    -6.89003	  8.2000e+01	  6.0338e+00	  7.8966e-05	  5.5756e-04	  1.4495e-05	  1.1244e-02	  1.7411e-02	  1.5198e+04	  8.1495e-02	  2.0974e-01	  4.6006e-01	  9.1765e-01	  1.5722e-01	  1.8439e+01	  1.4790e+00	  6.4697e-03	  6.9335e-01	  1.1636e-01	  1.1636e-01	  6.6409e+00	  1.6829e+01	  8.9274e-02	  1.2285e+00	  1.0040e+00	  1.0000e+00	  5.5761e-01	  3.9895e-02	  0.0000e+00	  1.4224e-02	  6.1805e-04	  1.9411e-02	  9.4595e-03	  7.7896e-05	  5.1901e-02	  3.3527e-03	  3.1728e-04	  1.7411e-02	  0.0000e+00	  1.9909e-03	
    -6.89115	  8.3000e+01	  6.0332e+00	  7.8953e-05	  5.6581e-04	  1.4496e-05	  1.1335e-02	  1.7548e-02	  1.5295e+04	  8.1147e-02	  2.0870e-01	  4.5853e-01	  9.1680e-01	  1.5195e-01	  1.8444e+01	  1.4760e+00	  6.4385e-03	  6.8581e-01	  1.1693e-01	  1.1693e-01	  6.6859e+00	  1.6784e+01	  8.9176e-02	  1.2303e+00	  1.0040e+00	  1.0000e+00	  5.6188e-01	  4.0457e-02	  0.0000e+00	  1.4361e-02	  6.2270e-04	  1.9532e-02	  9.5240e-03	  7.7737e-05	  5.2273e-02	  3.3724e-03	  3.1814e-04	  1.7548e-02	  0.0000e+00	  1.9911e-03	
    -6.89226	  8.4000e+01	  6.0326e+00	  7.8941e-05	  5.7401e-04	  1.4498e-05	  1.1425e-02	  1.7684e-02	  1.5392e+04	  8.0807e-02	  2.0767e-01	  4.5702e-01	  9.1596e-01	  1.4695e-01	  1.8448e+01	  1.4730e+00	  6.4101e-03	  6.7834e-01	  1.1750e-01	  1.1750e-01	  6.7303e+00	  1.6739e+01	  8.9092e-02	  1.2320e+00	  1.0041e+00	  1.0000e+00	  5.6609e-01	  4.1016e-02	  0.0000e+00	  1.4497e-02	  6.2731e-04	  1.9652e-02	  9.5878e-03	  7.7578e-05	  5.2642e-02	  3.3919e-03	  3.1898e-04	  1.7684e-02	  0.0000e+00	  1.9913e-03	
    -6.89335	  8.5000e+01	  6.0320e+00	  7.8929e-05	  5.8217e-04	  1.4499e-05	  1.1515e-02	  1.7819e-02	  1.5487e+04	  8.0473e-02	  2.0667e-01	  4.5554e-01	  9.1512e-01	  1.4221e-01	  1.8452e+01	  1.4700e+00	  6.3843e-03	  6.7091e-01	  1.1805e-01	  1.1805e-01	  6.7742e+00	  1.6695e+01	  8.9020e-02	  1.2337e+00	  1.0042e+00	  1.0000e+00	  5.7025e-01	  4.1572e-02	  0.0000e+00	  1.4631e-02	  6.3188e-04	  1.9771e-02	  9.6509e-03	  7.7419e-05	  5.3007e-02	  3.4112e-03	  3.1982e-04	  1.7819e-02	  0.0000e+00	  1.9914e-03	
    -6.89444	  8.6000e+01	  6.0315e+00	  7.8916e-05	  5.9028e-04	  1.4500e-05	  1.1603e-02	  1.7952e-02	  1.5581e+04	  8.0147e-02	  2.0569e-01	  4.5408e-01	  9.1430e-01	  1.3771e-01	  1.8456e+01	  1.4670e+00	  6.3613e-03	  6.6355e-01	  1.1860e-01	  1.1860e-01	  6.8177e+00	  1.6651e+01	  8.8960e-02	  1.2354e+00	  1.0042e+00	  1.0000e+00	  5.7436e-01	  4.2125e-02	  0.0000e+00	  1.4765e-02	  6.3641e-04	  1.9888e-02	  9.7134e-03	  7.7261e-05	  5.3368e-02	  3.4302e-03	  3.2064e-04	  1.7952e-02	  0.0000e+00	  1.9916e-03	
    -6.89551	  8.7000e+01	  6.0310e+00	  7.8904e-05	  5.9834e-04	  1.4501e-05	  1.1690e-02	  1.8084e-02	  1.5674e+04	  7.9827e-02	  2.0473e-01	  4.5265e-01	  9.1347e-01	  1.3343e-01	  1.8460e+01	  1.4639e+00	  6.3407e-03	  6.5624e-01	  1.1914e-01	  1.1914e-01	  6.8605e+00	  1.6608e+01	  8.8912e-02	  1.2371e+00	  1.0043e+00	  1.0000e+00	  5.7842e-01	  4.2675e-02	  0.0000e+00	  1.4897e-02	  6.4090e-04	  2.0004e-02	  9.7753e-03	  7.7104e-05	  5.3725e-02	  3.4490e-03	  3.2145e-04	  1.8084e-02	  0.0000e+00	  1.9918e-03	
    -6.89658	  8.8000e+01	  6.0304e+00	  7.8892e-05	  6.0636e-04	  1.4503e-05	  1.1776e-02	  1.8214e-02	  1.5766e+04	  7.9513e-02	  2.0378e-01	  4.5125e-01	  9.1266e-01	  1.2937e-01	  1.8464e+01	  1.4609e+00	  6.3226e-03	  6.4900e-01	  1.1968e-01	  1.1968e-01	  6.9029e+00	  1.6566e+01	  8.8876e-02	  1.2387e+00	  1.0043e+00	  1.0000e+00	  5.8244e-01	  4.3221e-02	  0.0000e+00	  1.5029e-02	  6.4536e-04	  2.0118e-02	  9.8365e-03	  7.6947e-05	  5.4079e-02	  3.4676e-03	  3.2224e-04	  1.8214e-02	  0.0000e+00	  1.9919e-03	
    -6.89763	  8.9000e+01	  6.0299e+00	  7.8880e-05	  6.1433e-04	  1.4504e-05	  1.1862e-02	  1.8343e-02	  1.5857e+04	  7.9206e-02	  2.0286e-01	  4.4987e-01	  9.1185e-01	  1.2550e-01	  1.8467e+01	  1.4580e+00	  6.3067e-03	  6.4183e-01	  1.2020e-01	  1.2020e-01	  6.9449e+00	  1.6524e+01	  8.8852e-02	  1.2403e+00	  1.0044e+00	  1.0000e+00	  5.8640e-01	  4.3764e-02	  0.0000e+00	  1.5159e-02	  6.4978e-04	  2.0231e-02	  9.8972e-03	  7.6791e-05	  5.4430e-02	  3.4860e-03	  3.2303e-04	  1.8343e-02	  0.0000e+00	  1.9920e-03	
    -6.89868	  9.0000e+01	  6.0294e+00	  7.8869e-05	  6.2225e-04	  1.4505e-05	  1.1946e-02	  1.8470e-02	  1.5947e+04	  7.8905e-02	  2.0195e-01	  4.4851e-01	  9.1105e-01	  1.2183e-01	  1.8471e+01	  1.4550e+00	  6.2930e-03	  6.3472e-01	  1.2072e-01	  1.2072e-01	  6.9863e+00	  1.6482e+01	  8.8839e-02	  1.2419e+00	  1.0044e+00	  1.0000e+00	  5.9032e-01	  4.4304e-02	  0.0000e+00	  1.5288e-02	  6.5416e-04	  2.0343e-02	  9.9571e-03	  7.6636e-05	  5.4777e-02	  3.5041e-03	  3.2381e-04	  1.8470e-02	  0.0000e+00	  1.9922e-03	
    -6.89971	  9.1000e+01	  6.0290e+00	  7.8857e-05	  6.3013e-04	  1.4506e-05	  1.2029e-02	  1.8596e-02	  1.6036e+04	  7.8610e-02	  2.0107e-01	  4.4717e-01	  9.1026e-01	  1.1833e-01	  1.8474e+01	  1.4520e+00	  6.2815e-03	  6.2767e-01	  1.2123e-01	  1.2123e-01	  7.0273e+00	  1.6441e+01	  8.8837e-02	  1.2435e+00	  1.0045e+00	  1.0000e+00	  5.9419e-01	  4.4841e-02	  0.0000e+00	  1.5416e-02	  6.5850e-04	  2.0454e-02	  1.0017e-02	  7.6482e-05	  5.5120e-02	  3.5221e-03	  3.2457e-04	  1.8596e-02	  0.0000e+00	  1.9923e-03	
    -6.90073	  9.2000e+01	  6.0285e+00	  7.8845e-05	  6.3796e-04	  1.4507e-05	  1.2112e-02	  1.8721e-02	  1.6125e+04	  7.8321e-02	  2.0019e-01	  4.4586e-01	  9.0947e-01	  1.1500e-01	  1.8477e+01	  1.4490e+00	  6.2719e-03	  6.2070e-01	  1.2173e-01	  1.2173e-01	  7.0678e+00	  1.6400e+01	  8.8846e-02	  1.2451e+00	  1.0045e+00	  1.0000e+00	  5.9802e-01	  4.5375e-02	  0.0000e+00	  1.5543e-02	  6.6281e-04	  2.0563e-02	  1.0075e-02	  7.6329e-05	  5.5460e-02	  3.5398e-03	  3.2532e-04	  1.8721e-02	  0.0000e+00	  1.9924e-03	
    -6.90174	  9.3000e+01	  6.0281e+00	  7.8834e-05	  6.4575e-04	  1.4508e-05	  1.2193e-02	  1.8845e-02	  1.6212e+04	  7.8037e-02	  1.9934e-01	  4.4457e-01	  9.0869e-01	  1.1183e-01	  1.8480e+01	  1.4461e+00	  6.2643e-03	  6.1380e-01	  1.2223e-01	  1.2223e-01	  7.1079e+00	  1.6360e+01	  8.8865e-02	  1.2466e+00	  1.0046e+00	  1.0000e+00	  6.0180e-01	  4.5905e-02	  0.0000e+00	  1.5670e-02	  6.6708e-04	  2.0671e-02	  1.0133e-02	  7.6178e-05	  5.5796e-02	  3.5573e-03	  3.2607e-04	  1.8845e-02	  0.0000e+00	  1.9926e-03	
    -6.90274	  9.4000e+01	  6.0276e+00	  7.8823e-05	  6.5349e-04	  1.4510e-05	  1.2274e-02	  1.8967e-02	  1.6298e+04	  7.7759e-02	  1.9850e-01	  4.4330e-01	  9.0792e-01	  1.0881e-01	  1.8483e+01	  1.4431e+00	  6.2585e-03	  6.0697e-01	  1.2272e-01	  1.2272e-01	  7.1476e+00	  1.6320e+01	  8.8895e-02	  1.2482e+00	  1.0046e+00	  1.0000e+00	  6.0554e-01	  4.6433e-02	  0.0000e+00	  1.5795e-02	  6.7131e-04	  2.0778e-02	  1.0191e-02	  7.6027e-05	  5.6129e-02	  3.5746e-03	  3.2680e-04	  1.8967e-02	  0.0000e+00	  1.9927e-03	
    -6.90373	  9.5000e+01	  6.0272e+00	  7.8812e-05	  6.6118e-04	  1.4511e-05	  1.2354e-02	  1.9088e-02	  1.6383e+04	  7.7487e-02	  1.9768e-01	  4.4206e-01	  9.0715e-01	  1.0593e-01	  1.8486e+01	  1.4401e+00	  6.2545e-03	  6.0021e-01	  1.2320e-01	  1.2320e-01	  7.1868e+00	  1.6281e+01	  8.8935e-02	  1.2497e+00	  1.0047e+00	  1.0000e+00	  6.0924e-01	  4.6957e-02	  0.0000e+00	  1.5919e-02	  6.7551e-04	  2.0884e-02	  1.0248e-02	  7.5878e-05	  5.6459e-02	  3.5918e-03	  3.2752e-04	  1.9088e-02	  0.0000e+00	  1.9928e-03	
    -6.90471	  9.6000e+01	  6.0268e+00	  7.8801e-05	  6.6883e-04	  1.4512e-05	  1.2432e-02	  1.9208e-02	  1.6468e+04	  7.7219e-02	  1.9688e-01	  4.4083e-01	  9.0639e-01	  1.0318e-01	  1.8488e+01	  1.4372e+00	  6.2522e-03	  5.9353e-01	  1.2367e-01	  1.2367e-01	  7.2257e+00	  1.6242e+01	  8.8985e-02	  1.2512e+00	  1.0047e+00	  1.0000e+00	  6.1290e-01	  4.7479e-02	  0.0000e+00	  1.6041e-02	  6.7967e-04	  2.0989e-02	  1.0304e-02	  7.5731e-05	  5.6785e-02	  3.6087e-03	  3.2824e-04	  1.9208e-02	  0.0000e+00	  1.9929e-03	
    -6.90567	  9.7000e+01	  6.0264e+00	  7.8790e-05	  6.7644e-04	  1.4513e-05	  1.2510e-02	  1.9327e-02	  1.6551e+04	  7.6957e-02	  1.9609e-01	  4.3962e-01	  9.0564e-01	  1.0056e-01	  1.8491e+01	  1.4343e+00	  6.2515e-03	  5.8692e-01	  1.2414e-01	  1.2414e-01	  7.2641e+00	  1.6203e+01	  8.9045e-02	  1.2527e+00	  1.0048e+00	  1.0000e+00	  6.1651e-01	  4.7997e-02	  0.0000e+00	  1.6163e-02	  6.8380e-04	  2.1092e-02	  1.0360e-02	  7.5584e-05	  5.7108e-02	  3.6254e-03	  3.2894e-04	  1.9327e-02	  0.0000e+00	  1.9930e-03	
    -6.90663	  9.8000e+01	  6.0260e+00	  7.8779e-05	  6.8400e-04	  1.4514e-05	  1.2588e-02	  1.9444e-02	  1.6634e+04	  7.6699e-02	  1.9531e-01	  4.3844e-01	  9.0489e-01	  9.8052e-02	  1.8493e+01	  1.4313e+00	  6.2523e-03	  5.8038e-01	  1.2460e-01	  1.2460e-01	  7.3022e+00	  1.6165e+01	  8.9115e-02	  1.2541e+00	  1.0049e+00	  1.0000e+00	  6.2009e-01	  4.8512e-02	  0.0000e+00	  1.6284e-02	  6.8789e-04	  2.1194e-02	  1.0416e-02	  7.5440e-05	  5.7428e-02	  3.6419e-03	  3.2963e-04	  1.9444e-02	  0.0000e+00	  1.9931e-03	
    -6.90757	  9.9000e+01	  6.0256e+00	  7.8768e-05	  6.9152e-04	  1.4515e-05	  1.2664e-02	  1.9561e-02	  1.6715e+04	  7.6446e-02	  1.9455e-01	  4.3727e-01	  9.0415e-01	  9.5656e-02	  1.8496e+01	  1.4284e+00	  6.2546e-03	  5.7392e-01	  1.2505e-01	  1.2505e-01	  7.3398e+00	  1.6127e+01	  8.9194e-02	  1.2556e+00	  1.0049e+00	  1.0000e+00	  6.2363e-01	  4.9025e-02	  0.0000e+00	  1.6404e-02	  6.9194e-04	  2.1295e-02	  1.0470e-02	  7.5297e-05	  5.7745e-02	  3.6582e-03	  3.3032e-04	  1.9561e-02	  0.0000e+00	  1.9932e-03	
     -6.9085	  1.0000e+02	  6.0253e+00	  7.8758e-05	  6.9899e-04	  1.4516e-05	  1.2740e-02	  1.9676e-02	  1.6796e+04	  7.6198e-02	  1.9380e-01	  4.3612e-01	  9.0342e-01	  9.3364e-02	  1.8498e+01	  1.4255e+00	  6.2583e-03	  5.6753e-01	  1.2549e-01	  1.2549e-01	  7.3771e+00	  1.6090e+01	  8.9282e-02	  1.2570e+00	  1.0050e+00	  1.0000e+00	  6.2713e-01	  4.9534e-02	  0.0000e+00	  1.6523e-02	  6.9596e-04	  2.1395e-02	  1.0524e-02	  7.5156e-05	  5.8058e-02	  3.6743e-03	  3.3099e-04	  1.9676e-02	  0.0000e+00	  1.9933e-03	
