          pe	        Time	          pH	       Ozero	          HS	         CH4	        CO2g	         CO2	          SC	        fsl1	        fsl2	        fsl3	        fsl4	         POM	         MOM	         QOM	         DOM	          BA	          EP	          EM	          IC	       Total	     OrgAcid	        Aero	        SulR	        Meth	       Caero	       Csulr	       Cmeth	          Na	           K	          Ca	          Mg	         PO4	          Cl	         SO4	         NH4	        HCO3	         FeS	      Pyrite	
           4	  0.0000e+00	  6.9509e+00	  2.5557e-04	  1.0001e-07	  0.0000e+00	  0.0000e+00	  9.0006e-06	  1.0504e+02	  7.6982e-01	  9.7338e-01	  9.9060e-01	  9.9999e-01	  0.0000e+00	  0.0000e+00	  0.0000e+00	  0.0000e+00	  0.0000e+00	  0.0000e+00	  0.0000e+00	  0.0000e+00	  0.0000e+00	  0.0000e+00	  0.0000e+00	  0.0000e+00	  0.0000e+00	  0.0000e+00	  0.0000e+00	  0.0000e+00	  1.1401e-04	  2.8002e-05	  1.8275e-04	  7.9006e-05	  5.0003e-06	  1.3301e-04	  4.0003e-06	  3.8003e-05	  9.0006e-06	  0.0000e+00	  0.0000e+00	
           4	  0.0000e+00	  6.9509e+00	  2.5557e-04	  1.0001e-07	  0.0000e+00	  0.0000e+00	  9.0006e-06	  1.0504e+02	  7.6982e-01	  9.7338e-01	  9.9060e-01	  9.9999e-01	  0.0000e+00	  0.0000e+00	  0.0000e+00	  0.0000e+00	  0.0000e+00	  0.0000e+00	  0.0000e+00	  0.0000e+00	  0.0000e+00	  0.0000e+00	  0.0000e+00	  0.0000e+00	  0.0000e+00	  0.0000e+00	  0.0000e+00	  0.0000e+00	  1.1401e-04	  2.8002e-05	  1.8275e-04	  7.9006e-05	  5.0003e-06	  1.3301e-04	  4.0003e-06	  3.8003e-05	  9.0006e-06	  0.0000e+00	  0.0000e+00	
    -6.75139	  1.0000e+00	  6.6798e+00	  8.0746e-05	  8.3180e-06	  1.4320e-05	  8.5699e-05	  2.6368e-04	  7.9140e+02	  4.3386e-01	  8.3197e-01	  9.3714e-01	  9.9949e-01	  4.5659e+00	  1.5974e+01	  1.7585e+00	  1.9942e-01	  6.2844e-01	  5.2524e-02	  5.2524e-02	  1.9387e-01	  2.3290e+01	  6.7815e-02	  1.0008e+00	  1.0000e+00	  1.0000e+00	  1.8737e-03	  8.7282e-06	  0.0000e+00	  3.2207e-04	  6.4342e-05	  9.9026e-04	  4.4841e-04	  8.6721e-05	  1.6735e-03	  3.7519e-04	  8.4827e-05	  2.6368e-04	  0.0000e+00	  1.4012e-03	
     -6.8207	  2.0000e+00	  6.6037e+00	  8.0695e-05	  1.0867e-05	  1.4325e-05	  1.7738e-04	  4.9120e-04	  1.2405e+03	  3.5571e-01	  7.6035e-01	  9.0607e-01	  9.9888e-01	  4.4252e+00	  1.6047e+01	  1.7531e+00	  6.9807e-02	  6.9131e-01	  5.3136e-02	  5.3136e-02	  3.3816e-01	  2.3145e+01	  9.1227e-02	  1.0025e+00	  1.0000e+00	  1.0000e+00	  6.1362e-03	  6.0719e-05	  0.0000e+00	  4.7931e-04	  8.1458e-05	  1.5510e-03	  7.0989e-04	  6.9829e-05	  2.8184e-03	  6.0395e-04	  1.0447e-04	  4.9120e-04	  0.0000e+00	  1.3745e-03	
    -6.85681	  3.0000e+00	  6.5548e+00	  8.0650e-05	  1.2927e-05	  1.4329e-05	  2.7999e-04	  7.2758e-04	  1.6255e+03	  3.1190e-01	  7.0827e-01	  8.8130e-01	  9.9821e-01	  4.2874e+00	  1.6119e+01	  1.7489e+00	  4.0091e-02	  7.1885e-01	  5.3789e-02	  5.3789e-02	  4.3764e-01	  2.3046e+01	  9.9596e-02	  1.0047e+00	  1.0000e+00	  1.0000e+00	  1.1354e-02	  1.6651e-04	  0.0000e+00	  6.3648e-04	  9.4942e-05	  2.0429e-03	  9.4223e-04	  6.2807e-05	  3.8279e-03	  7.9404e-04	  1.1855e-04	  7.2758e-04	  0.0000e+00	  1.3667e-03	
    -6.88012	  4.0000e+00	  6.5180e+00	  8.0609e-05	  1.4854e-05	  1.4333e-05	  3.8880e-04	  9.6485e-04	  1.9735e+03	  2.8235e-01	  6.6704e-01	  8.6019e-01	  9.9749e-01	  4.1523e+00	  1.6190e+01	  1.7448e+00	  3.4804e-02	  7.3709e-01	  5.4463e-02	  5.4463e-02	  5.2729e-01	  2.2956e+01	  1.0477e-01	  1.0070e+00	  1.0000e+00	  1.0000e+00	  1.7015e-02	  3.2568e-04	  0.0000e+00	  7.9672e-04	  1.0666e-04	  2.4922e-03	  1.1564e-03	  5.9116e-05	  4.7606e-03	  9.6412e-04	  1.2978e-04	  9.6485e-04	  0.0000e+00	  1.3729e-03	
     -6.8964	  5.0000e+00	  6.4877e+00	  8.0570e-05	  1.6803e-05	  1.4337e-05	  5.0300e-04	  1.2034e-03	  2.2967e+03	  2.6049e-01	  6.3290e-01	  8.4158e-01	  9.9673e-01	  4.0198e+00	  1.6259e+01	  1.7408e+00	  3.3145e-02	  7.5354e-01	  5.5154e-02	  5.5154e-02	  6.1755e-01	  2.2866e+01	  1.0906e-01	  1.0094e+00	  1.0001e+00	  1.0000e+00	  2.3010e-02	  5.3927e-04	  0.0000e+00	  9.6054e-04	  1.1733e-04	  2.9114e-03	  1.3579e-03	  5.7029e-05	  5.6412e-03	  1.1212e-03	  1.3924e-04	  1.2034e-03	  0.0000e+00	  1.3912e-03	
    -6.90819	  6.0000e+00	  6.4617e+00	  8.0534e-05	  1.8880e-05	  1.4341e-05	  6.2252e-04	  1.4442e-03	  2.6013e+03	  2.4336e-01	  6.0381e-01	  8.2483e-01	  9.9593e-01	  3.8899e+00	  1.6327e+01	  1.7369e+00	  3.1994e-02	  7.6930e-01	  5.5860e-02	  5.5860e-02	  7.0988e-01	  2.2773e+01	  1.1280e-01	  1.0120e+00	  1.0001e+00	  1.0000e+00	  2.9306e-02	  8.0892e-04	  0.0000e+00	  1.1278e-03	  1.2730e-04	  3.3078e-03	  1.5496e-03	  5.5872e-05	  6.4831e-03	  1.2689e-03	  1.4747e-04	  1.4442e-03	  0.0000e+00	  1.4202e-03	
    -6.91687	  7.0000e+00	  6.4386e+00	  8.0498e-05	  2.1185e-05	  1.4344e-05	  7.4731e-04	  1.6878e-03	  2.8914e+03	  2.2944e-01	  5.7852e-01	  8.0954e-01	  9.9511e-01	  3.7626e+00	  1.6394e+01	  1.7329e+00	  3.0954e-02	  7.8454e-01	  5.6580e-02	  5.6580e-02	  8.0432e-01	  2.2678e+01	  1.1607e-01	  1.0147e+00	  1.0001e+00	  1.0000e+00	  3.5881e-02	  1.1359e-03	  0.0000e+00	  1.2983e-03	  1.3678e-04	  3.6858e-03	  1.7335e-03	  5.5311e-05	  7.2944e-03	  1.4091e-03	  1.5480e-04	  1.6878e-03	  0.0000e+00	  1.4590e-03	
    -6.92332	  8.0000e+00	  6.4176e+00	  8.0465e-05	  2.3823e-05	  1.4347e-05	  8.7722e-04	  1.9345e-03	  3.1695e+03	  2.1781e-01	  5.5620e-01	  7.9545e-01	  9.9426e-01	  3.6379e+00	  1.6459e+01	  1.7290e+00	  2.9973e-02	  7.9924e-01	  5.7315e-02	  5.7315e-02	  9.0075e-01	  2.2582e+01	  1.1890e-01	  1.0175e+00	  1.0002e+00	  1.0000e+00	  4.2712e-02	  1.5212e-03	  0.0000e+00	  1.4715e-03	  1.4590e-04	  4.0486e-03	  1.9109e-03	  5.5153e-05	  8.0805e-03	  1.5432e-03	  1.6142e-04	  1.9345e-03	  0.0000e+00	  1.5060e-03	
    -6.92816	  9.0000e+00	  6.3984e+00	  8.0432e-05	  2.6926e-05	  1.4351e-05	  1.0121e-03	  2.1844e-03	  3.4375e+03	  2.0789e-01	  5.3628e-01	  7.8236e-01	  9.9339e-01	  3.5158e+00	  1.6524e+01	  1.7251e+00	  2.9041e-02	  8.1341e-01	  5.8064e-02	  5.8064e-02	  9.9898e-01	  2.2483e+01	  1.2131e-01	  1.0204e+00	  1.0002e+00	  1.0000e+00	  4.9777e-02	  1.9651e-03	  0.0000e+00	  1.6473e-03	  1.5472e-04	  4.3984e-03	  2.0827e-03	  5.5273e-05	  8.8452e-03	  1.6720e-03	  1.6748e-04	  2.1844e-03	  0.0000e+00	  1.5594e-03	
    -6.93181	  1.0000e+01	  6.3807e+00	  8.0400e-05	  3.0649e-05	  1.4354e-05	  1.1516e-03	  2.4373e-03	  3.6968e+03	  1.9929e-01	  5.1833e-01	  7.7013e-01	  9.9250e-01	  3.3963e+00	  1.6587e+01	  1.7213e+00	  2.8153e-02	  8.2703e-01	  5.8826e-02	  5.8826e-02	  1.0989e+00	  2.2383e+01	  1.2335e-01	  1.0234e+00	  1.0002e+00	  1.0000e+00	  5.7054e-02	  2.4677e-03	  0.0000e+00	  1.8252e-03	  1.6332e-04	  4.7367e-03	  2.2497e-03	  5.5584e-05	  9.5913e-03	  1.7963e-03	  1.7308e-04	  2.4373e-03	  0.0000e+00	  1.6169e-03	
    -6.93461	  1.1000e+01	  6.3643e+00	  8.0369e-05	  3.5185e-05	  1.4357e-05	  1.2954e-03	  2.6932e-03	  3.9484e+03	  1.9173e-01	  5.0204e-01	  7.5865e-01	  9.9159e-01	  3.2794e+00	  1.6649e+01	  1.7174e+00	  2.7305e-02	  8.4010e-01	  5.9600e-02	  5.9600e-02	  1.2002e+00	  2.2282e+01	  1.2502e-01	  1.0264e+00	  1.0003e+00	  1.0000e+00	  6.4522e-02	  3.0284e-03	  0.0000e+00	  2.0051e-03	  1.7172e-04	  5.0648e-03	  2.4123e-03	  5.6021e-05	  1.0321e-02	  1.9165e-03	  1.7828e-04	  2.6932e-03	  0.0000e+00	  1.6756e-03	
    -6.93682	  1.2000e+01	  6.3490e+00	  8.0338e-05	  4.0738e-05	  1.4360e-05	  1.4431e-03	  2.9518e-03	  4.1931e+03	  1.8503e-01	  4.8716e-01	  7.4783e-01	  9.9066e-01	  3.1651e+00	  1.6709e+01	  1.7136e+00	  2.6494e-02	  8.5261e-01	  6.0387e-02	  6.0387e-02	  1.3028e+00	  2.2179e+01	  1.2637e-01	  1.0296e+00	  1.0004e+00	  1.0000e+00	  7.2158e-02	  3.6465e-03	  0.0000e+00	  2.1866e-03	  1.7996e-04	  5.3839e-03	  2.5710e-03	  5.6533e-05	  1.1036e-02	  2.0330e-03	  1.8315e-04	  2.9518e-03	  0.0000e+00	  1.7322e-03	
    -6.93865	  1.3000e+01	  6.3349e+00	  8.0309e-05	  4.7497e-05	  1.4363e-05	  1.5944e-03	  3.2129e-03	  4.4316e+03	  1.7902e-01	  4.7349e-01	  7.3759e-01	  9.8973e-01	  3.0534e+00	  1.6769e+01	  1.7098e+00	  2.5717e-02	  8.6454e-01	  6.1185e-02	  6.1185e-02	  1.4065e+00	  2.2075e+01	  1.2742e-01	  1.0328e+00	  1.0004e+00	  1.0000e+00	  7.9943e-02	  4.3209e-03	  0.0000e+00	  2.3696e-03	  1.8807e-04	  5.6947e-03	  2.7261e-03	  5.7080e-05	  1.1737e-02	  2.1460e-03	  1.8773e-04	  3.2129e-03	  0.0000e+00	  1.7836e-03	
    -6.94022	  1.4000e+01	  6.3218e+00	  8.0280e-05	  5.5585e-05	  1.4366e-05	  1.7487e-03	  3.4762e-03	  4.6644e+03	  1.7359e-01	  4.6086e-01	  7.2788e-01	  9.8877e-01	  2.9443e+00	  1.6827e+01	  1.7060e+00	  2.4971e-02	  8.7590e-01	  6.1993e-02	  6.1993e-02	  1.5112e+00	  2.1970e+01	  1.2819e-01	  1.0360e+00	  1.0005e+00	  1.0000e+00	  8.7855e-02	  5.0502e-03	  0.0000e+00	  2.5538e-03	  1.9605e-04	  5.9979e-03	  2.8780e-03	  5.7634e-05	  1.2425e-02	  2.2559e-03	  1.9206e-04	  3.4762e-03	  0.0000e+00	  1.8275e-03	
    -6.94165	  1.5000e+01	  6.3097e+00	  8.0251e-05	  6.5025e-05	  1.4368e-05	  1.9057e-03	  3.7415e-03	  4.8921e+03	  1.6866e-01	  4.4917e-01	  7.1864e-01	  9.8781e-01	  2.8378e+00	  1.6884e+01	  1.7023e+00	  2.4254e-02	  8.8668e-01	  6.2812e-02	  6.2812e-02	  1.6166e+00	  2.1865e+01	  1.2871e-01	  1.0393e+00	  1.0006e+00	  1.0000e+00	  9.5877e-02	  5.8328e-03	  0.0000e+00	  2.7390e-03	  2.0393e-04	  6.2942e-03	  3.0268e-03	  5.8175e-05	  1.3102e-02	  2.3628e-03	  1.9616e-04	  3.7415e-03	  0.0000e+00	  1.8632e-03	
    -6.94299	  1.6000e+01	  6.2984e+00	  8.0224e-05	  7.5751e-05	  1.4371e-05	  2.0651e-03	  4.0085e-03	  5.1148e+03	  1.6415e-01	  4.3828e-01	  7.0984e-01	  9.8683e-01	  2.7339e+00	  1.6939e+01	  1.6985e+00	  2.3565e-02	  8.9687e-01	  6.3641e-02	  6.3641e-02	  1.7226e+00	  2.1759e+01	  1.2899e-01	  1.0426e+00	  1.0007e+00	  1.0000e+00	  1.0399e-01	  6.6669e-03	  0.0000e+00	  2.9252e-03	  2.1171e-04	  6.5838e-03	  3.1728e-03	  5.8694e-05	  1.3769e-02	  2.4669e-03	  2.0007e-04	  4.0085e-03	  0.0000e+00	  1.8912e-03	
    -6.94428	  1.7000e+01	  6.2879e+00	  8.0196e-05	  8.7643e-05	  1.4374e-05	  2.2265e-03	  4.2769e-03	  5.3331e+03	  1.6001e-01	  4.2812e-01	  7.0143e-01	  9.8585e-01	  2.6327e+00	  1.6994e+01	  1.6948e+00	  2.2901e-02	  9.0646e-01	  6.4478e-02	  6.4478e-02	  1.8290e+00	  2.1652e+01	  1.2907e-01	  1.0460e+00	  1.0008e+00	  1.0000e+00	  1.1217e-01	  7.5505e-03	  0.0000e+00	  3.1120e-03	  2.1941e-04	  6.8674e-03	  3.3162e-03	  5.9185e-05	  1.4424e-02	  2.5685e-03	  2.0379e-04	  4.2769e-03	  0.0000e+00	  1.9127e-03	
    -6.94555	  1.8000e+01	  6.2781e+00	  8.0169e-05	  1.0057e-04	  1.4377e-05	  2.3896e-03	  4.5463e-03	  5.5470e+03	  1.5619e-01	  4.1862e-01	  6.9340e-01	  9.8486e-01	  2.5340e+00	  1.7047e+01	  1.6911e+00	  2.2260e-02	  9.1546e-01	  6.5325e-02	  6.5325e-02	  1.9357e+00	  2.1545e+01	  1.2896e-01	  1.0493e+00	  1.0008e+00	  1.0000e+00	  1.2041e-01	  8.4814e-03	  0.0000e+00	  3.2995e-03	  2.2702e-04	  7.1452e-03	  3.4571e-03	  5.9646e-05	  1.5070e-02	  2.6676e-03	  2.0735e-04	  4.5463e-03	  0.0000e+00	  1.9291e-03	
    -6.94682	  1.9000e+01	  6.2689e+00	  8.0143e-05	  1.1442e-04	  1.4379e-05	  2.5540e-03	  4.8164e-03	  5.7570e+03	  1.5266e-01	  4.0969e-01	  6.8570e-01	  9.8385e-01	  2.4379e+00	  1.7099e+01	  1.6874e+00	  2.1642e-02	  9.2387e-01	  6.6178e-02	  6.6178e-02	  2.0425e+00	  2.1438e+01	  1.2869e-01	  1.0527e+00	  1.0009e+00	  1.0000e+00	  1.2869e-01	  9.4575e-03	  0.0000e+00	  3.4873e-03	  2.3456e-04	  7.4175e-03	  3.5955e-03	  6.0074e-05	  1.5707e-02	  2.7643e-03	  2.1077e-04	  4.8164e-03	  0.0000e+00	  1.9416e-03	
    -6.94809	  2.0000e+01	  6.2604e+00	  8.0117e-05	  1.2908e-04	  1.4382e-05	  2.7196e-03	  5.0870e-03	  5.9630e+03	  1.4937e-01	  4.0130e-01	  6.7831e-01	  9.8285e-01	  2.3444e+00	  1.7149e+01	  1.6837e+00	  2.1045e-02	  9.3167e-01	  6.7040e-02	  6.7040e-02	  2.1494e+00	  2.1331e+01	  1.2826e-01	  1.0561e+00	  1.0010e+00	  1.0000e+00	  1.3700e-01	  1.0476e-02	  0.0000e+00	  3.6756e-03	  2.4202e-04	  7.6846e-03	  3.7317e-03	  6.0469e-05	  1.6335e-02	  2.8588e-03	  2.1404e-04	  5.0870e-03	  0.0000e+00	  1.9513e-03	
    -6.94938	  2.1000e+01	  6.2524e+00	  8.0091e-05	  1.4446e-04	  1.4384e-05	  2.8860e-03	  5.3577e-03	  6.1655e+03	  1.4630e-01	  3.9338e-01	  6.7121e-01	  9.8183e-01	  2.2535e+00	  1.7198e+01	  1.6800e+00	  2.0468e-02	  9.3888e-01	  6.7908e-02	  6.7908e-02	  2.2561e+00	  2.1224e+01	  1.2770e-01	  1.0596e+00	  1.0012e+00	  1.0000e+00	  1.4531e-01	  1.1536e-02	  0.0000e+00	  3.8640e-03	  2.4942e-04	  7.9468e-03	  3.8658e-03	  6.0830e-05	  1.6954e-02	  2.9513e-03	  2.1719e-04	  5.3577e-03	  0.0000e+00	  1.9589e-03	
     -6.9507	  2.2000e+01	  6.2449e+00	  8.0066e-05	  1.6051e-04	  1.4387e-05	  3.0530e-03	  5.6284e-03	  6.3644e+03	  1.4343e-01	  3.8590e-01	  6.6439e-01	  9.8081e-01	  2.1652e+00	  1.7246e+01	  1.6764e+00	  1.9911e-02	  9.4549e-01	  6.8781e-02	  6.8781e-02	  2.3625e+00	  2.1118e+01	  1.2703e-01	  1.0630e+00	  1.0013e+00	  1.0000e+00	  1.5363e-01	  1.2633e-02	  0.0000e+00	  4.0526e-03	  2.5675e-04	  8.2042e-03	  3.9977e-03	  6.1156e-05	  1.7565e-02	  3.0417e-03	  2.2023e-04	  5.6284e-03	  0.0000e+00	  1.9648e-03	
    -6.95206	  2.3000e+01	  6.2379e+00	  8.0041e-05	  1.7715e-04	  1.4389e-05	  3.2203e-03	  5.8987e-03	  6.5600e+03	  1.4073e-01	  3.7882e-01	  6.5782e-01	  9.7979e-01	  2.0794e+00	  1.7293e+01	  1.6728e+00	  1.9372e-02	  9.5151e-01	  6.9661e-02	  6.9661e-02	  2.4685e+00	  2.1012e+01	  1.2626e-01	  1.0664e+00	  1.0014e+00	  1.0000e+00	  1.6193e-01	  1.3766e-02	  0.0000e+00	  4.2411e-03	  2.6403e-04	  8.4570e-03	  4.1277e-03	  6.1448e-05	  1.8169e-02	  3.1302e-03	  2.2315e-04	  5.8987e-03	  0.0000e+00	  1.9696e-03	
    -6.95346	  2.4000e+01	  6.2313e+00	  8.0017e-05	  1.9432e-04	  1.4392e-05	  3.3877e-03	  6.1685e-03	  6.7524e+03	  1.3820e-01	  3.7211e-01	  6.5149e-01	  9.7877e-01	  1.9962e+00	  1.7338e+01	  1.6692e+00	  1.8850e-02	  9.5694e-01	  7.0545e-02	  7.0545e-02	  2.5740e+00	  2.0906e+01	  1.2540e-01	  1.0698e+00	  1.0015e+00	  1.0000e+00	  1.7021e-01	  1.4933e-02	  0.0000e+00	  4.4297e-03	  2.7124e-04	  8.7054e-03	  4.2557e-03	  6.1704e-05	  1.8764e-02	  3.2169e-03	  2.2598e-04	  6.1685e-03	  0.0000e+00	  1.9735e-03	
    -6.95491	  2.5000e+01	  6.2251e+00	  7.9993e-05	  2.1199e-04	  1.4394e-05	  3.5550e-03	  6.4374e-03	  6.9417e+03	  1.3582e-01	  3.6574e-01	  6.4539e-01	  9.7774e-01	  1.9154e+00	  1.7383e+01	  1.6656e+00	  1.8345e-02	  9.6178e-01	  7.1433e-02	  7.1433e-02	  2.6790e+00	  2.0801e+01	  1.2446e-01	  1.0731e+00	  1.0016e+00	  1.0000e+00	  1.7845e-01	  1.6130e-02	  0.0000e+00	  4.6181e-03	  2.7839e-04	  8.9497e-03	  4.3818e-03	  6.1925e-05	  1.9352e-02	  3.3018e-03	  2.2871e-04	  6.4374e-03	  0.0000e+00	  1.9767e-03	
     -6.9564	  2.6000e+01	  6.2193e+00	  7.9969e-05	  2.3011e-04	  1.4397e-05	  3.7219e-03	  6.7053e-03	  7.1281e+03	  1.3357e-01	  3.5967e-01	  6.3950e-01	  9.7670e-01	  1.8372e+00	  1.7426e+01	  1.6620e+00	  1.7856e-02	  9.6605e-01	  7.2325e-02	  7.2325e-02	  2.7832e+00	  2.0696e+01	  1.2347e-01	  1.0765e+00	  1.0017e+00	  1.0000e+00	  1.8665e-01	  1.7357e-02	  0.0000e+00	  4.8062e-03	  2.8549e-04	  9.1899e-03	  4.5062e-03	  6.2111e-05	  1.9933e-02	  3.3851e-03	  2.3135e-04	  6.7053e-03	  0.0000e+00	  1.9793e-03	
    -6.95795	  2.7000e+01	  6.2139e+00	  7.9945e-05	  2.4863e-04	  1.4399e-05	  3.8882e-03	  6.9720e-03	  7.3115e+03	  1.3143e-01	  3.5390e-01	  6.3380e-01	  9.7567e-01	  1.7614e+00	  1.7467e+01	  1.6584e+00	  1.7383e-02	  9.6975e-01	  7.3221e-02	  7.3221e-02	  2.8867e+00	  2.0593e+01	  1.2242e-01	  1.0798e+00	  1.0019e+00	  1.0000e+00	  1.9480e-01	  1.8609e-02	  0.0000e+00	  4.9941e-03	  2.9253e-04	  9.4262e-03	  4.6288e-03	  6.2264e-05	  2.0507e-02	  3.4668e-03	  2.3392e-04	  6.9720e-03	  0.0000e+00	  1.9815e-03	
    -6.95954	  2.8000e+01	  6.2088e+00	  7.9922e-05	  2.6752e-04	  1.4401e-05	  4.0539e-03	  7.2372e-03	  7.4922e+03	  1.2941e-01	  3.4839e-01	  6.2830e-01	  9.7464e-01	  1.6881e+00	  1.7508e+01	  1.6549e+00	  1.6925e-02	  9.7289e-01	  7.4118e-02	  7.4118e-02	  2.9893e+00	  2.0490e+01	  1.2133e-01	  1.0832e+00	  1.0020e+00	  1.0000e+00	  2.0289e-01	  1.9885e-02	  0.0000e+00	  5.1817e-03	  2.9952e-04	  9.6586e-03	  4.7497e-03	  6.2385e-05	  2.1074e-02	  3.5470e-03	  2.3640e-04	  7.2372e-03	  0.0000e+00	  1.9833e-03	
    -6.96119	  2.9000e+01	  6.2040e+00	  7.9900e-05	  2.8675e-04	  1.4403e-05	  4.2187e-03	  7.5010e-03	  7.6702e+03	  1.2750e-01	  3.4313e-01	  6.2297e-01	  9.7360e-01	  1.6172e+00	  1.7547e+01	  1.6513e+00	  1.6481e-02	  9.7547e-01	  7.5018e-02	  7.5018e-02	  3.0910e+00	  2.0388e+01	  1.2021e-01	  1.0864e+00	  1.0021e+00	  1.0000e+00	  2.1091e-01	  2.1184e-02	  0.0000e+00	  5.3688e-03	  3.0646e-04	  9.8874e-03	  4.8690e-03	  6.2475e-05	  2.1634e-02	  3.6257e-03	  2.3881e-04	  7.5010e-03	  0.0000e+00	  1.9849e-03	
    -6.96287	  3.0000e+01	  6.1995e+00	  7.9877e-05	  3.0627e-04	  1.4406e-05	  4.3825e-03	  7.7630e-03	  7.8456e+03	  1.2567e-01	  3.3811e-01	  6.1782e-01	  9.7256e-01	  1.5487e+00	  1.7585e+01	  1.6478e+00	  1.6051e-02	  9.7752e-01	  7.5919e-02	  7.5919e-02	  3.1917e+00	  2.0287e+01	  1.1907e-01	  1.0897e+00	  1.0023e+00	  1.0000e+00	  2.1886e-01	  2.2502e-02	  0.0000e+00	  5.5555e-03	  3.1335e-04	  1.0113e-02	  4.9867e-03	  6.2535e-05	  2.2188e-02	  3.7030e-03	  2.4116e-04	  7.7630e-03	  0.0000e+00	  1.9863e-03	
    -6.96461	  3.1000e+01	  6.1953e+00	  7.9855e-05	  3.2606e-04	  1.4408e-05	  4.5451e-03	  8.0232e-03	  8.0184e+03	  1.2394e-01	  3.3329e-01	  6.1282e-01	  9.7153e-01	  1.4825e+00	  1.7622e+01	  1.6443e+00	  1.5635e-02	  9.7903e-01	  7.6821e-02	  7.6821e-02	  3.2913e+00	  2.0187e+01	  1.1791e-01	  1.0929e+00	  1.0024e+00	  1.0000e+00	  2.2674e-01	  2.3839e-02	  0.0000e+00	  5.7417e-03	  3.2018e-04	  1.0334e-02	  5.1029e-03	  6.2567e-05	  2.2735e-02	  3.7789e-03	  2.4343e-04	  8.0232e-03	  0.0000e+00	  1.9875e-03	
    -6.96638	  3.2000e+01	  6.1913e+00	  7.9833e-05	  3.4608e-04	  1.4410e-05	  4.7065e-03	  8.2814e-03	  8.1888e+03	  1.2228e-01	  3.2868e-01	  6.0798e-01	  9.7049e-01	  1.4187e+00	  1.7658e+01	  1.6408e+00	  1.5232e-02	  9.8003e-01	  7.7723e-02	  7.7723e-02	  3.3899e+00	  2.0089e+01	  1.1674e-01	  1.0961e+00	  1.0025e+00	  1.0000e+00	  2.3453e-01	  2.5191e-02	  0.0000e+00	  5.9274e-03	  3.2697e-04	  1.0553e-02	  5.2176e-03	  6.2573e-05	  2.3276e-02	  3.8535e-03	  2.4565e-04	  8.2814e-03	  0.0000e+00	  1.9885e-03	
    -6.96819	  3.3000e+01	  6.1876e+00	  7.9811e-05	  3.6632e-04	  1.4412e-05	  4.8665e-03	  8.5376e-03	  8.3568e+03	  1.2070e-01	  3.2426e-01	  6.0328e-01	  9.6946e-01	  1.3571e+00	  1.7693e+01	  1.6373e+00	  1.4843e-02	  9.8052e-01	  7.8625e-02	  7.8625e-02	  3.4873e+00	  1.9991e+01	  1.1556e-01	  1.0993e+00	  1.0027e+00	  1.0000e+00	  2.4223e-01	  2.6557e-02	  0.0000e+00	  6.1124e-03	  3.3370e-04	  1.0768e-02	  5.3308e-03	  6.2553e-05	  2.3810e-02	  3.9269e-03	  2.4781e-04	  8.5376e-03	  0.0000e+00	  1.9894e-03	
    -6.97004	  3.4000e+01	  6.1841e+00	  7.9790e-05	  3.8673e-04	  1.4414e-05	  5.0251e-03	  8.7916e-03	  8.5224e+03	  1.1919e-01	  3.2002e-01	  5.9872e-01	  9.6842e-01	  1.2978e+00	  1.7726e+01	  1.6339e+00	  1.4465e-02	  9.8051e-01	  7.9527e-02	  7.9527e-02	  3.5836e+00	  1.9895e+01	  1.1439e-01	  1.1024e+00	  1.0028e+00	  1.0000e+00	  2.4985e-01	  2.7936e-02	  0.0000e+00	  6.2968e-03	  3.4039e-04	  1.0980e-02	  5.4426e-03	  6.2509e-05	  2.4339e-02	  3.9991e-03	  2.4991e-04	  8.7916e-03	  0.0000e+00	  1.9901e-03	
    -6.97193	  3.5000e+01	  6.1808e+00	  7.9769e-05	  4.0731e-04	  1.4417e-05	  5.1821e-03	  9.0433e-03	  8.6858e+03	  1.1774e-01	  3.1594e-01	  5.9430e-01	  9.6739e-01	  1.2407e+00	  1.7759e+01	  1.6304e+00	  1.4100e-02	  9.8003e-01	  8.0427e-02	  8.0427e-02	  3.6786e+00	  1.9799e+01	  1.1322e-01	  1.1055e+00	  1.0029e+00	  1.0000e+00	  2.5738e-01	  2.9326e-02	  0.0000e+00	  6.4805e-03	  3.4703e-04	  1.1189e-02	  5.5530e-03	  6.2444e-05	  2.4862e-02	  4.0702e-03	  2.5196e-04	  9.0433e-03	  0.0000e+00	  1.9908e-03	
    -6.97384	  3.6000e+01	  6.1777e+00	  7.9748e-05	  4.2802e-04	  1.4419e-05	  5.3375e-03	  9.2927e-03	  8.8469e+03	  1.1635e-01	  3.1202e-01	  5.9000e-01	  9.6636e-01	  1.1857e+00	  1.7790e+01	  1.6270e+00	  1.3747e-02	  9.7909e-01	  8.1326e-02	  8.1326e-02	  3.7724e+00	  1.9705e+01	  1.1206e-01	  1.1085e+00	  1.0031e+00	  1.0000e+00	  2.6481e-01	  3.0725e-02	  0.0000e+00	  6.6636e-03	  3.5362e-04	  1.1395e-02	  5.6620e-03	  6.2358e-05	  2.5379e-02	  4.1401e-03	  2.5395e-04	  9.2927e-03	  0.0000e+00	  1.9914e-03	
    -6.97578	  3.7000e+01	  6.1748e+00	  7.9728e-05	  4.4883e-04	  1.4421e-05	  5.4913e-03	  9.5398e-03	  9.0059e+03	  1.1503e-01	  3.0825e-01	  5.8582e-01	  9.6533e-01	  1.1328e+00	  1.7820e+01	  1.6235e+00	  1.3405e-02	  9.7769e-01	  8.2223e-02	  8.2223e-02	  3.8650e+00	  1.9613e+01	  1.1092e-01	  1.1115e+00	  1.0032e+00	  1.0000e+00	  2.7215e-01	  3.2132e-02	  0.0000e+00	  6.8458e-03	  3.6016e-04	  1.1598e-02	  5.7697e-03	  6.2253e-05	  2.5890e-02	  4.2089e-03	  2.5590e-04	  9.5398e-03	  0.0000e+00	  1.9920e-03	
    -6.97775	  3.8000e+01	  6.1720e+00	  7.9707e-05	  4.6974e-04	  1.4423e-05	  5.6433e-03	  9.7844e-03	  9.1628e+03	  1.1375e-01	  3.0461e-01	  5.8175e-01	  9.6431e-01	  1.0820e+00	  1.7849e+01	  1.6201e+00	  1.3075e-02	  9.7587e-01	  8.3117e-02	  8.3117e-02	  3.9563e+00	  1.9521e+01	  1.0979e-01	  1.1145e+00	  1.0034e+00	  1.0000e+00	  2.7938e-01	  3.3545e-02	  0.0000e+00	  7.0273e-03	  3.6666e-04	  1.1798e-02	  5.8761e-03	  6.2130e-05	  2.6396e-02	  4.2767e-03	  2.5780e-04	  9.7844e-03	  0.0000e+00	  1.9925e-03	
    -6.97974	  3.9000e+01	  6.1695e+00	  7.9687e-05	  4.9072e-04	  1.4425e-05	  5.7936e-03	  1.0027e-02	  9.3176e+03	  1.1252e-01	  3.0111e-01	  5.7780e-01	  9.6328e-01	  1.0333e+00	  1.7878e+01	  1.6167e+00	  1.2756e-02	  9.7362e-01	  8.4008e-02	  8.4008e-02	  4.0463e+00	  1.9431e+01	  1.0868e-01	  1.1174e+00	  1.0035e+00	  1.0000e+00	  2.8652e-01	  3.4963e-02	  0.0000e+00	  7.2080e-03	  3.7310e-04	  1.1995e-02	  5.9812e-03	  6.1991e-05	  2.6896e-02	  4.3435e-03	  2.5966e-04	  1.0027e-02	  0.0000e+00	  1.9929e-03	
    -6.98174	  4.0000e+01	  6.1670e+00	  7.9668e-05	  5.1176e-04	  1.4427e-05	  5.9421e-03	  1.0266e-02	  9.4703e+03	  1.1134e-01	  2.9773e-01	  5.7396e-01	  9.6226e-01	  9.8648e-01	  1.7905e+01	  1.6133e+00	  1.2448e-02	  9.7098e-01	  8.4896e-02	  8.4896e-02	  4.1350e+00	  1.9342e+01	  1.0759e-01	  1.1203e+00	  1.0036e+00	  1.0000e+00	  2.9356e-01	  3.6385e-02	  0.0000e+00	  7.3879e-03	  3.7950e-04	  1.2190e-02	  6.0851e-03	  6.1838e-05	  2.7390e-02	  4.4093e-03	  2.6148e-04	  1.0266e-02	  0.0000e+00	  1.9933e-03	
    -6.98376	  4.1000e+01	  6.1648e+00	  7.9648e-05	  5.3283e-04	  1.4429e-05	  6.0888e-03	  1.0503e-02	  9.6211e+03	  1.1021e-01	  2.9447e-01	  5.7021e-01	  9.6125e-01	  9.4160e-01	  1.7931e+01	  1.6099e+00	  1.2150e-02	  9.6794e-01	  8.5780e-02	  8.5780e-02	  4.2224e+00	  1.9254e+01	  1.0652e-01	  1.1232e+00	  1.0038e+00	  1.0000e+00	  3.0050e-01	  3.7809e-02	  0.0000e+00	  7.5670e-03	  3.8586e-04	  1.2381e-02	  6.1877e-03	  6.1671e-05	  2.7879e-02	  4.4742e-03	  2.6325e-04	  1.0503e-02	  0.0000e+00	  1.9937e-03	
     -6.9858	  4.2000e+01	  6.1626e+00	  7.9629e-05	  5.5392e-04	  1.4431e-05	  6.2336e-03	  1.0738e-02	  9.7699e+03	  1.0911e-01	  2.9133e-01	  5.6656e-01	  9.6023e-01	  8.9860e-01	  1.7956e+01	  1.6065e+00	  1.1863e-02	  9.6454e-01	  8.6660e-02	  8.6660e-02	  4.3086e+00	  1.9168e+01	  1.0548e-01	  1.1260e+00	  1.0039e+00	  1.0000e+00	  3.0734e-01	  3.9235e-02	  0.0000e+00	  7.7451e-03	  3.9217e-04	  1.2571e-02	  6.2892e-03	  6.1492e-05	  2.8363e-02	  4.5382e-03	  2.6499e-04	  1.0738e-02	  0.0000e+00	  1.9940e-03	
    -6.98785	  4.3000e+01	  6.1606e+00	  7.9610e-05	  5.7501e-04	  1.4432e-05	  6.3766e-03	  1.0970e-02	  9.9169e+03	  1.0806e-01	  2.8828e-01	  5.6301e-01	  9.5922e-01	  8.5741e-01	  1.7980e+01	  1.6032e+00	  1.1585e-02	  9.6078e-01	  8.7536e-02	  8.7536e-02	  4.3934e+00	  1.9083e+01	  1.0446e-01	  1.1287e+00	  1.0041e+00	  1.0000e+00	  3.1408e-01	  4.0662e-02	  0.0000e+00	  7.9224e-03	  3.9843e-04	  1.2757e-02	  6.3894e-03	  6.1302e-05	  2.8842e-02	  4.6013e-03	  2.6669e-04	  1.0970e-02	  0.0000e+00	  1.9943e-03	
     -6.9899	  4.4000e+01	  6.1587e+00	  7.9591e-05	  5.9610e-04	  1.4434e-05	  6.5177e-03	  1.1199e-02	  1.0062e+04	  1.0704e-01	  2.8534e-01	  5.5955e-01	  9.5822e-01	  8.1799e-01	  1.8004e+01	  1.5998e+00	  1.1318e-02	  9.5669e-01	  8.8406e-02	  8.8406e-02	  4.4770e+00	  1.8999e+01	  1.0347e-01	  1.1314e+00	  1.0042e+00	  1.0000e+00	  3.2071e-01	  4.2089e-02	  0.0000e+00	  8.0987e-03	  4.0464e-04	  1.2941e-02	  6.4886e-03	  6.1101e-05	  2.9316e-02	  4.6635e-03	  2.6835e-04	  1.1199e-02	  0.0000e+00	  1.9945e-03	
    -6.99196	  4.5000e+01	  6.1569e+00	  7.9572e-05	  6.1716e-04	  1.4436e-05	  6.6569e-03	  1.1425e-02	  1.0205e+04	  1.0606e-01	  2.8250e-01	  5.5617e-01	  9.5722e-01	  7.8029e-01	  1.8026e+01	  1.5965e+00	  1.1060e-02	  9.5228e-01	  8.9272e-02	  8.9272e-02	  4.5593e+00	  1.8917e+01	  1.0251e-01	  1.1341e+00	  1.0044e+00	  1.0000e+00	  3.2725e-01	  4.3514e-02	  0.0000e+00	  8.2741e-03	  4.1081e-04	  1.3123e-02	  6.5865e-03	  6.0892e-05	  2.9784e-02	  4.7249e-03	  2.6997e-04	  1.1425e-02	  0.0000e+00	  1.9948e-03	
    -6.99403	  4.6000e+01	  6.1553e+00	  7.9554e-05	  6.3820e-04	  1.4438e-05	  6.7943e-03	  1.1650e-02	  1.0347e+04	  1.0511e-01	  2.7974e-01	  5.5288e-01	  9.5622e-01	  7.4425e-01	  1.8048e+01	  1.5931e+00	  1.0812e-02	  9.4756e-01	  9.0132e-02	  9.0132e-02	  4.6403e+00	  1.8836e+01	  1.0157e-01	  1.1368e+00	  1.0045e+00	  1.0000e+00	  3.3369e-01	  4.4937e-02	  0.0000e+00	  8.4486e-03	  4.1694e-04	  1.3302e-02	  6.6834e-03	  6.0675e-05	  3.0248e-02	  4.7855e-03	  2.7156e-04	  1.1650e-02	  0.0000e+00	  1.9950e-03	
    -6.99609	  4.7000e+01	  6.1537e+00	  7.9536e-05	  6.5918e-04	  1.4440e-05	  6.9298e-03	  1.1871e-02	  1.0486e+04	  1.0420e-01	  2.7708e-01	  5.4966e-01	  9.5522e-01	  7.0982e-01	  1.8068e+01	  1.5898e+00	  1.0573e-02	  9.4255e-01	  9.0987e-02	  9.0987e-02	  4.7200e+00	  1.8756e+01	  1.0067e-01	  1.1394e+00	  1.0046e+00	  1.0000e+00	  3.4003e-01	  4.6358e-02	  0.0000e+00	  8.6221e-03	  4.2302e-04	  1.3479e-02	  6.7792e-03	  6.0451e-05	  3.0706e-02	  4.8453e-03	  2.7312e-04	  1.1871e-02	  0.0000e+00	  1.9952e-03	
    -6.99816	  4.8000e+01	  6.1522e+00	  7.9518e-05	  6.8012e-04	  1.4442e-05	  7.0634e-03	  1.2090e-02	  1.0624e+04	  1.0331e-01	  2.7449e-01	  5.4653e-01	  9.5424e-01	  6.7695e-01	  1.8088e+01	  1.5865e+00	  1.0343e-02	  9.3727e-01	  9.1835e-02	  9.1835e-02	  4.7985e+00	  1.8677e+01	  9.9787e-02	  1.1419e+00	  1.0048e+00	  1.0000e+00	  3.4627e-01	  4.7775e-02	  0.0000e+00	  8.7946e-03	  4.2905e-04	  1.3654e-02	  6.8739e-03	  6.0221e-05	  3.1160e-02	  4.9043e-03	  2.7465e-04	  1.2090e-02	  0.0000e+00	  1.9954e-03	
    -7.00023	  4.9000e+01	  6.1508e+00	  7.9500e-05	  7.0099e-04	  1.4444e-05	  7.1952e-03	  1.2306e-02	  1.0760e+04	  1.0245e-01	  2.7198e-01	  5.4347e-01	  9.5325e-01	  6.4559e-01	  1.8107e+01	  1.5832e+00	  1.0122e-02	  9.3174e-01	  9.2678e-02	  9.2678e-02	  4.8758e+00	  1.8600e+01	  9.8937e-02	  1.1444e+00	  1.0049e+00	  1.0000e+00	  3.5242e-01	  4.9188e-02	  0.0000e+00	  8.9661e-03	  4.3504e-04	  1.3826e-02	  6.9675e-03	  5.9986e-05	  3.1609e-02	  4.9626e-03	  2.7615e-04	  1.2306e-02	  0.0000e+00	  1.9956e-03	
    -7.00229	  5.0000e+01	  6.1495e+00	  7.9482e-05	  7.2180e-04	  1.4445e-05	  7.3251e-03	  1.2520e-02	  1.0895e+04	  1.0162e-01	  2.6955e-01	  5.4048e-01	  9.5227e-01	  6.1567e-01	  1.8126e+01	  1.5799e+00	  9.9094e-03	  9.2596e-01	  9.3513e-02	  9.3513e-02	  4.9519e+00	  1.8524e+01	  9.8116e-02	  1.1469e+00	  1.0051e+00	  1.0000e+00	  3.5847e-01	  5.0596e-02	  0.0000e+00	  9.1366e-03	  4.4099e-04	  1.3996e-02	  7.0601e-03	  5.9745e-05	  3.2053e-02	  5.0201e-03	  2.7762e-04	  1.2520e-02	  0.0000e+00	  1.9957e-03	
    -7.00435	  5.1000e+01	  6.1482e+00	  7.9465e-05	  7.4252e-04	  1.4447e-05	  7.4532e-03	  1.2731e-02	  1.1028e+04	  1.0082e-01	  2.6720e-01	  5.3756e-01	  9.5130e-01	  5.8716e-01	  1.8143e+01	  1.5766e+00	  9.7053e-03	  9.1996e-01	  9.4342e-02	  9.4342e-02	  5.0267e+00	  1.8448e+01	  9.7323e-02	  1.1494e+00	  1.0052e+00	  1.0000e+00	  3.6443e-01	  5.2000e-02	  0.0000e+00	  9.3061e-03	  4.4688e-04	  1.4164e-02	  7.1517e-03	  5.9501e-05	  3.2493e-02	  5.0769e-03	  2.7906e-04	  1.2731e-02	  0.0000e+00	  1.9959e-03	
     -7.0064	  5.2000e+01	  6.1471e+00	  7.9448e-05	  7.6316e-04	  1.4449e-05	  7.5795e-03	  1.2940e-02	  1.1159e+04	  1.0004e-01	  2.6491e-01	  5.3471e-01	  9.5033e-01	  5.5999e-01	  1.8160e+01	  1.5733e+00	  9.5094e-03	  9.1374e-01	  9.5165e-02	  9.5165e-02	  5.1004e+00	  1.8375e+01	  9.6558e-02	  1.1518e+00	  1.0053e+00	  1.0000e+00	  3.7029e-01	  5.3397e-02	  0.0000e+00	  9.4746e-03	  4.5274e-04	  1.4330e-02	  7.2423e-03	  5.9254e-05	  3.2927e-02	  5.1331e-03	  2.8047e-04	  1.2940e-02	  0.0000e+00	  1.9960e-03	
    -7.00844	  5.3000e+01	  6.1460e+00	  7.9431e-05	  7.8370e-04	  1.4450e-05	  7.7040e-03	  1.3146e-02	  1.1289e+04	  9.9279e-02	  2.6269e-01	  5.3192e-01	  9.4937e-01	  5.3413e-01	  1.8176e+01	  1.5701e+00	  9.3215e-03	  9.0733e-01	  9.5980e-02	  9.5980e-02	  5.1729e+00	  1.8302e+01	  9.5821e-02	  1.1541e+00	  1.0055e+00	  1.0000e+00	  3.7606e-01	  5.4789e-02	  0.0000e+00	  9.6420e-03	  4.5855e-04	  1.4493e-02	  7.3319e-03	  5.9004e-05	  3.3358e-02	  5.1885e-03	  2.8185e-04	  1.3146e-02	  0.0000e+00	  1.9962e-03	
    -7.01048	  5.4000e+01	  6.1449e+00	  7.9414e-05	  8.0415e-04	  1.4452e-05	  7.8268e-03	  1.3349e-02	  1.1417e+04	  9.8545e-02	  2.6053e-01	  5.2920e-01	  9.4841e-01	  5.0951e-01	  1.8192e+01	  1.5668e+00	  9.1414e-03	  9.0073e-01	  9.6787e-02	  9.6787e-02	  5.2443e+00	  1.8230e+01	  9.5112e-02	  1.1565e+00	  1.0056e+00	  1.0000e+00	  3.8174e-01	  5.6174e-02	  0.0000e+00	  9.8084e-03	  4.6432e-04	  1.4655e-02	  7.4205e-03	  5.8752e-05	  3.3784e-02	  5.2433e-03	  2.8321e-04	  1.3349e-02	  0.0000e+00	  1.9963e-03	
    -7.01251	  5.5000e+01	  6.1440e+00	  7.9397e-05	  8.2450e-04	  1.4454e-05	  7.9478e-03	  1.3550e-02	  1.1544e+04	  9.7832e-02	  2.5843e-01	  5.2654e-01	  9.4746e-01	  4.8609e-01	  1.8207e+01	  1.5636e+00	  8.9689e-03	  8.9397e-01	  9.7587e-02	  9.7587e-02	  5.3146e+00	  1.8160e+01	  9.4429e-02	  1.1587e+00	  1.0058e+00	  1.0000e+00	  3.8733e-01	  5.7553e-02	  0.0000e+00	  9.9737e-03	  4.7004e-04	  1.4814e-02	  7.5081e-03	  5.8498e-05	  3.4205e-02	  5.2974e-03	  2.8455e-04	  1.3550e-02	  0.0000e+00	  1.9964e-03	
    -7.01452	  5.6000e+01	  6.1431e+00	  7.9381e-05	  8.4473e-04	  1.4456e-05	  8.0670e-03	  1.3749e-02	  1.1669e+04	  9.7140e-02	  2.5639e-01	  5.2394e-01	  9.4651e-01	  4.6382e-01	  1.8221e+01	  1.5603e+00	  8.8038e-03	  8.8705e-01	  9.8380e-02	  9.8380e-02	  5.3837e+00	  1.8091e+01	  9.3773e-02	  1.1610e+00	  1.0059e+00	  1.0000e+00	  3.9284e-01	  5.8924e-02	  0.0000e+00	  1.0138e-02	  4.7572e-04	  1.4971e-02	  7.5948e-03	  5.8243e-05	  3.4622e-02	  5.3509e-03	  2.8586e-04	  1.3749e-02	  0.0000e+00	  1.9965e-03	
    -7.01652	  5.7000e+01	  6.1422e+00	  7.9365e-05	  8.6486e-04	  1.4457e-05	  8.1846e-03	  1.3945e-02	  1.1793e+04	  9.6467e-02	  2.5440e-01	  5.2139e-01	  9.4557e-01	  4.4265e-01	  1.8235e+01	  1.5571e+00	  8.6459e-03	  8.7999e-01	  9.9165e-02	  9.9165e-02	  5.4518e+00	  1.8022e+01	  9.3144e-02	  1.1632e+00	  1.0060e+00	  1.0000e+00	  3.9826e-01	  6.0288e-02	  0.0000e+00	  1.0301e-02	  4.8136e-04	  1.5127e-02	  7.6805e-03	  5.7987e-05	  3.5035e-02	  5.4037e-03	  2.8715e-04	  1.3945e-02	  0.0000e+00	  1.9966e-03	
    -7.01851	  5.8000e+01	  6.1414e+00	  7.9349e-05	  8.8487e-04	  1.4459e-05	  8.3004e-03	  1.4139e-02	  1.1915e+04	  9.5814e-02	  2.5247e-01	  5.1890e-01	  9.4463e-01	  4.2254e-01	  1.8248e+01	  1.5539e+00	  8.4951e-03	  8.7279e-01	  9.9942e-02	  9.9942e-02	  5.5188e+00	  1.7955e+01	  9.2540e-02	  1.1654e+00	  1.0062e+00	  1.0000e+00	  4.0359e-01	  6.1644e-02	  0.0000e+00	  1.0463e-02	  4.8695e-04	  1.5280e-02	  7.7654e-03	  5.7730e-05	  3.5443e-02	  5.4560e-03	  2.8841e-04	  1.4139e-02	  0.0000e+00	  1.9967e-03	
    -7.02049	  5.9000e+01	  6.1406e+00	  7.9333e-05	  9.0475e-04	  1.4460e-05	  8.4146e-03	  1.4331e-02	  1.2036e+04	  9.5178e-02	  2.5059e-01	  5.1646e-01	  9.4370e-01	  4.0344e-01	  1.8260e+01	  1.5507e+00	  8.3511e-03	  8.6549e-01	  1.0071e-01	  1.0071e-01	  5.5848e+00	  1.7889e+01	  9.1961e-02	  1.1676e+00	  1.0063e+00	  1.0000e+00	  4.0884e-01	  6.2992e-02	  0.0000e+00	  1.0624e-02	  4.9250e-04	  1.5432e-02	  7.8493e-03	  5.7474e-05	  3.5847e-02	  5.5076e-03	  2.8965e-04	  1.4331e-02	  0.0000e+00	  1.9968e-03	
    -7.02245	  6.0000e+01	  6.1399e+00	  7.9317e-05	  9.2452e-04	  1.4462e-05	  8.5272e-03	  1.4520e-02	  1.2155e+04	  9.4560e-02	  2.4876e-01	  5.1407e-01	  9.4278e-01	  3.8531e-01	  1.8272e+01	  1.5475e+00	  8.2137e-03	  8.5807e-01	  1.0147e-01	  1.0147e-01	  5.6498e+00	  1.7824e+01	  9.1407e-02	  1.1697e+00	  1.0064e+00	  1.0000e+00	  4.1401e-01	  6.4331e-02	  0.0000e+00	  1.0784e-02	  4.9801e-04	  1.5582e-02	  7.9323e-03	  5.7218e-05	  3.6247e-02	  5.5586e-03	  2.9087e-04	  1.4520e-02	  0.0000e+00	  1.9968e-03	
     -7.0244	  6.1000e+01	  6.1392e+00	  7.9302e-05	  9.4416e-04	  1.4464e-05	  8.6382e-03	  1.4707e-02	  1.2273e+04	  9.3959e-02	  2.4698e-01	  5.1173e-01	  9.4186e-01	  3.6810e-01	  1.8284e+01	  1.5443e+00	  8.0828e-03	  8.5056e-01	  1.0222e-01	  1.0222e-01	  5.7138e+00	  1.7760e+01	  9.0877e-02	  1.1718e+00	  1.0066e+00	  1.0000e+00	  4.1910e-01	  6.5663e-02	  0.0000e+00	  1.0943e-02	  5.0347e-04	  1.5730e-02	  8.0144e-03	  5.6963e-05	  3.6643e-02	  5.6091e-03	  2.9207e-04	  1.4707e-02	  0.0000e+00	  1.9969e-03	
    -7.02633	  6.2000e+01	  6.1386e+00	  7.9286e-05	  9.6367e-04	  1.4465e-05	  8.7476e-03	  1.4891e-02	  1.2389e+04	  9.3373e-02	  2.4524e-01	  5.0945e-01	  9.4094e-01	  3.5177e-01	  1.8295e+01	  1.5411e+00	  7.9582e-03	  8.4297e-01	  1.0297e-01	  1.0297e-01	  5.7768e+00	  1.7697e+01	  9.0371e-02	  1.1738e+00	  1.0067e+00	  1.0000e+00	  4.2412e-01	  6.6986e-02	  0.0000e+00	  1.1101e-02	  5.0889e-04	  1.5876e-02	  8.0957e-03	  5.6708e-05	  3.7035e-02	  5.6590e-03	  2.9324e-04	  1.4891e-02	  0.0000e+00	  1.9970e-03	
    -7.02825	  6.3000e+01	  6.1380e+00	  7.9271e-05	  9.8306e-04	  1.4467e-05	  8.8555e-03	  1.5074e-02	  1.2505e+04	  9.2803e-02	  2.4355e-01	  5.0721e-01	  9.4004e-01	  3.3628e-01	  1.8305e+01	  1.5379e+00	  7.8397e-03	  8.3530e-01	  1.0370e-01	  1.0370e-01	  5.8388e+00	  1.7634e+01	  8.9887e-02	  1.1758e+00	  1.0068e+00	  1.0000e+00	  4.2905e-01	  6.8300e-02	  0.0000e+00	  1.1258e-02	  5.1427e-04	  1.6020e-02	  8.1761e-03	  5.6455e-05	  3.7423e-02	  5.7083e-03	  2.9440e-04	  1.5074e-02	  0.0000e+00	  1.9971e-03	
    -7.03015	  6.4000e+01	  6.1374e+00	  7.9256e-05	  1.0023e-03	  1.4468e-05	  8.9618e-03	  1.5254e-02	  1.2619e+04	  9.2248e-02	  2.4190e-01	  5.0501e-01	  9.3914e-01	  3.2160e-01	  1.8315e+01	  1.5347e+00	  7.7271e-03	  8.2757e-01	  1.0443e-01	  1.0443e-01	  5.9000e+00	  1.7573e+01	  8.9426e-02	  1.1778e+00	  1.0070e+00	  1.0000e+00	  4.3391e-01	  6.9606e-02	  0.0000e+00	  1.1413e-02	  5.1961e-04	  1.6163e-02	  8.2556e-03	  5.6203e-05	  3.7806e-02	  5.7571e-03	  2.9554e-04	  1.5254e-02	  0.0000e+00	  1.9971e-03	
    -7.03203	  6.5000e+01	  6.1368e+00	  7.9241e-05	  1.0214e-03	  1.4470e-05	  9.0667e-03	  1.5432e-02	  1.2731e+04	  9.1706e-02	  2.4029e-01	  5.0286e-01	  9.3824e-01	  3.0767e-01	  1.8325e+01	  1.5316e+00	  7.6202e-03	  8.1978e-01	  1.0515e-01	  1.0515e-01	  5.9602e+00	  1.7513e+01	  8.8987e-02	  1.1798e+00	  1.0071e+00	  1.0000e+00	  4.3870e-01	  7.0902e-02	  0.0000e+00	  1.1568e-02	  5.2490e-04	  1.6303e-02	  8.3343e-03	  5.5952e-05	  3.8186e-02	  5.8053e-03	  2.9666e-04	  1.5432e-02	  0.0000e+00	  1.9972e-03	
     -7.0339	  6.6000e+01	  6.1363e+00	  7.9227e-05	  1.0404e-03	  1.4471e-05	  9.1700e-03	  1.5608e-02	  1.2842e+04	  9.1179e-02	  2.3872e-01	  5.0075e-01	  9.3735e-01	  2.9448e-01	  1.8334e+01	  1.5284e+00	  7.5189e-03	  8.1195e-01	  1.0586e-01	  1.0586e-01	  6.0195e+00	  1.7453e+01	  8.8569e-02	  1.1817e+00	  1.0072e+00	  1.0000e+00	  4.4342e-01	  7.2190e-02	  0.0000e+00	  1.1721e-02	  5.3015e-04	  1.6442e-02	  8.4122e-03	  5.5703e-05	  3.8562e-02	  5.8530e-03	  2.9776e-04	  1.5608e-02	  0.0000e+00	  1.9972e-03	
    -7.03575	  6.7000e+01	  6.1359e+00	  7.9212e-05	  1.0593e-03	  1.4473e-05	  9.2720e-03	  1.5781e-02	  1.2952e+04	  9.0665e-02	  2.3719e-01	  4.9869e-01	  9.3647e-01	  2.8197e-01	  1.8343e+01	  1.5253e+00	  7.4230e-03	  8.0409e-01	  1.0656e-01	  1.0656e-01	  6.0780e+00	  1.7394e+01	  8.8172e-02	  1.1836e+00	  1.0073e+00	  1.0000e+00	  4.4806e-01	  7.3468e-02	  0.0000e+00	  1.1873e-02	  5.3536e-04	  1.6580e-02	  8.4893e-03	  5.5457e-05	  3.8934e-02	  5.9001e-03	  2.9884e-04	  1.5781e-02	  0.0000e+00	  1.9973e-03	
    -7.03758	  6.8000e+01	  6.1354e+00	  7.9198e-05	  1.0780e-03	  1.4474e-05	  9.3725e-03	  1.5953e-02	  1.3061e+04	  9.0163e-02	  2.3569e-01	  4.9667e-01	  9.3560e-01	  2.7012e-01	  1.8351e+01	  1.5221e+00	  7.3322e-03	  7.9620e-01	  1.0726e-01	  1.0726e-01	  6.1356e+00	  1.7337e+01	  8.7795e-02	  1.1855e+00	  1.0075e+00	  1.0000e+00	  4.5263e-01	  7.4738e-02	  0.0000e+00	  1.2025e-02	  5.4053e-04	  1.6716e-02	  8.5655e-03	  5.5212e-05	  3.9302e-02	  5.9467e-03	  2.9991e-04	  1.5953e-02	  0.0000e+00	  1.9973e-03	
    -7.03939	  6.9000e+01	  6.1350e+00	  7.9184e-05	  1.0966e-03	  1.4475e-05	  9.4716e-03	  1.6123e-02	  1.3169e+04	  8.9674e-02	  2.3423e-01	  4.9468e-01	  9.3473e-01	  2.5889e-01	  1.8359e+01	  1.5190e+00	  7.2465e-03	  7.8829e-01	  1.0794e-01	  1.0794e-01	  6.1924e+00	  1.7280e+01	  8.7438e-02	  1.1874e+00	  1.0076e+00	  1.0000e+00	  4.5714e-01	  7.5998e-02	  0.0000e+00	  1.2175e-02	  5.4566e-04	  1.6850e-02	  8.6410e-03	  5.4969e-05	  3.9667e-02	  5.9928e-03	  3.0096e-04	  1.6123e-02	  0.0000e+00	  1.9974e-03	
    -7.04118	  7.0000e+01	  6.1346e+00	  7.9169e-05	  1.1150e-03	  1.4477e-05	  9.5694e-03	  1.6290e-02	  1.3275e+04	  8.9196e-02	  2.3281e-01	  4.9274e-01	  9.3386e-01	  2.4826e-01	  1.8367e+01	  1.5159e+00	  7.1657e-03	  7.8036e-01	  1.0862e-01	  1.0862e-01	  6.2484e+00	  1.7223e+01	  8.7101e-02	  1.1892e+00	  1.0077e+00	  1.0000e+00	  4.6158e-01	  7.7249e-02	  0.0000e+00	  1.2324e-02	  5.5075e-04	  1.6982e-02	  8.7157e-03	  5.4729e-05	  4.0027e-02	  6.0384e-03	  3.0199e-04	  1.6290e-02	  0.0000e+00	  1.9974e-03	
    -7.04296	  7.1000e+01	  6.1342e+00	  7.9156e-05	  1.1333e-03	  1.4478e-05	  9.6658e-03	  1.6456e-02	  1.3380e+04	  8.8730e-02	  2.3142e-01	  4.9083e-01	  9.3300e-01	  2.3818e-01	  1.8375e+01	  1.5128e+00	  7.0896e-03	  7.7243e-01	  1.0928e-01	  1.0928e-01	  6.3036e+00	  1.7168e+01	  8.6782e-02	  1.1910e+00	  1.0078e+00	  1.0000e+00	  4.6596e-01	  7.8491e-02	  0.0000e+00	  1.2471e-02	  5.5579e-04	  1.7113e-02	  8.7896e-03	  5.4490e-05	  4.0384e-02	  6.0835e-03	  3.0300e-04	  1.6456e-02	  0.0000e+00	  1.9975e-03	
    -7.04471	  7.2000e+01	  6.1339e+00	  7.9142e-05	  1.1515e-03	  1.4480e-05	  9.7610e-03	  1.6620e-02	  1.3484e+04	  8.8275e-02	  2.3006e-01	  4.8896e-01	  9.3215e-01	  2.2864e-01	  1.8382e+01	  1.5097e+00	  7.0180e-03	  7.6450e-01	  1.0994e-01	  1.0994e-01	  6.3580e+00	  1.7113e+01	  8.6481e-02	  1.1927e+00	  1.0080e+00	  1.0000e+00	  4.7027e-01	  7.9724e-02	  0.0000e+00	  1.2618e-02	  5.6080e-04	  1.7243e-02	  8.8627e-03	  5.4255e-05	  4.0738e-02	  6.1281e-03	  3.0400e-04	  1.6620e-02	  0.0000e+00	  1.9975e-03	
    -7.04645	  7.3000e+01	  6.1335e+00	  7.9128e-05	  1.1695e-03	  1.4481e-05	  9.8548e-03	  1.6781e-02	  1.3587e+04	  8.7830e-02	  2.2873e-01	  4.8712e-01	  9.3131e-01	  2.1960e-01	  1.8388e+01	  1.5066e+00	  6.9508e-03	  7.5658e-01	  1.1059e-01	  1.1059e-01	  6.4117e+00	  1.7060e+01	  8.6198e-02	  1.1945e+00	  1.0081e+00	  1.0000e+00	  4.7452e-01	  8.0947e-02	  0.0000e+00	  1.2764e-02	  5.6576e-04	  1.7370e-02	  8.9350e-03	  5.4022e-05	  4.1088e-02	  6.1723e-03	  3.0498e-04	  1.6781e-02	  0.0000e+00	  1.9975e-03	
    -7.04817	  7.4000e+01	  6.1332e+00	  7.9115e-05	  1.1874e-03	  1.4482e-05	  9.9474e-03	  1.6941e-02	  1.3688e+04	  8.7396e-02	  2.2743e-01	  4.8532e-01	  9.3047e-01	  2.1104e-01	  1.8395e+01	  1.5035e+00	  6.8879e-03	  7.4868e-01	  1.1123e-01	  1.1123e-01	  6.4647e+00	  1.7006e+01	  8.5933e-02	  1.1962e+00	  1.0082e+00	  1.0000e+00	  4.7871e-01	  8.2162e-02	  0.0000e+00	  1.2909e-02	  5.7069e-04	  1.7497e-02	  9.0066e-03	  5.3792e-05	  4.1434e-02	  6.2159e-03	  3.0595e-04	  1.6941e-02	  0.0000e+00	  1.9976e-03	
    -7.04987	  7.5000e+01	  6.1329e+00	  7.9101e-05	  1.2052e-03	  1.4484e-05	  1.0039e-02	  1.7099e-02	  1.3788e+04	  8.6972e-02	  2.2616e-01	  4.8355e-01	  9.2964e-01	  2.0293e-01	  1.8401e+01	  1.5004e+00	  6.8290e-03	  7.4079e-01	  1.1187e-01	  1.1187e-01	  6.5170e+00	  1.6954e+01	  8.5684e-02	  1.1979e+00	  1.0083e+00	  1.0000e+00	  4.8284e-01	  8.3367e-02	  0.0000e+00	  1.3052e-02	  5.7557e-04	  1.7622e-02	  9.0775e-03	  5.3564e-05	  4.1776e-02	  6.2590e-03	  3.0690e-04	  1.7099e-02	  0.0000e+00	  1.9976e-03	
    -7.05155	  7.6000e+01	  6.1327e+00	  7.9088e-05	  1.2228e-03	  1.4485e-05	  1.0129e-02	  1.7255e-02	  1.3888e+04	  8.6557e-02	  2.2492e-01	  4.8182e-01	  9.2881e-01	  1.9525e-01	  1.8407e+01	  1.4973e+00	  6.7741e-03	  7.3293e-01	  1.1249e-01	  1.1249e-01	  6.5685e+00	  1.6902e+01	  8.5452e-02	  1.1996e+00	  1.0085e+00	  1.0000e+00	  4.8692e-01	  8.4563e-02	  0.0000e+00	  1.3194e-02	  5.8042e-04	  1.7745e-02	  9.1477e-03	  5.3339e-05	  4.2116e-02	  6.3017e-03	  3.0784e-04	  1.7255e-02	  0.0000e+00	  1.9977e-03	
    -7.05321	  7.7000e+01	  6.1324e+00	  7.9075e-05	  1.2403e-03	  1.4486e-05	  1.0218e-02	  1.7410e-02	  1.3986e+04	  8.6151e-02	  2.2371e-01	  4.8011e-01	  9.2799e-01	  1.8797e-01	  1.8413e+01	  1.4942e+00	  6.7229e-03	  7.2509e-01	  1.1311e-01	  1.1311e-01	  6.6194e+00	  1.6851e+01	  8.5236e-02	  1.2012e+00	  1.0086e+00	  1.0000e+00	  4.9093e-01	  8.5750e-02	  0.0000e+00	  1.3336e-02	  5.8522e-04	  1.7867e-02	  9.2171e-03	  5.3117e-05	  4.2451e-02	  6.3439e-03	  3.0876e-04	  1.7410e-02	  0.0000e+00	  1.9977e-03	
    -7.05485	  7.8000e+01	  6.1321e+00	  7.9062e-05	  1.2576e-03	  1.4488e-05	  1.0306e-02	  1.7563e-02	  1.4083e+04	  8.5755e-02	  2.2252e-01	  4.7844e-01	  9.2718e-01	  1.8108e-01	  1.8418e+01	  1.4912e+00	  6.6754e-03	  7.1729e-01	  1.1372e-01	  1.1372e-01	  6.6696e+00	  1.6801e+01	  8.5036e-02	  1.2028e+00	  1.0087e+00	  1.0000e+00	  4.9489e-01	  8.6928e-02	  0.0000e+00	  1.3476e-02	  5.8999e-04	  1.7988e-02	  9.2858e-03	  5.2897e-05	  4.2784e-02	  6.3857e-03	  3.0967e-04	  1.7563e-02	  0.0000e+00	  1.9977e-03	
    -7.05647	  7.9000e+01	  6.1319e+00	  7.9050e-05	  1.2748e-03	  1.4489e-05	  1.0392e-02	  1.7713e-02	  1.4179e+04	  8.5367e-02	  2.2136e-01	  4.7680e-01	  9.2637e-01	  1.7454e-01	  1.8424e+01	  1.4881e+00	  6.6314e-03	  7.0953e-01	  1.1432e-01	  1.1432e-01	  6.7192e+00	  1.6751e+01	  8.4851e-02	  1.2044e+00	  1.0088e+00	  1.0000e+00	  4.9880e-01	  8.8097e-02	  0.0000e+00	  1.3615e-02	  5.9471e-04	  1.8107e-02	  9.3538e-03	  5.2681e-05	  4.3113e-02	  6.4270e-03	  3.1057e-04	  1.7713e-02	  0.0000e+00	  1.9977e-03	
    -7.05807	  8.0000e+01	  6.1317e+00	  7.9037e-05	  1.2919e-03	  1.4490e-05	  1.0478e-02	  1.7863e-02	  1.4274e+04	  8.4988e-02	  2.2023e-01	  4.7519e-01	  9.2557e-01	  1.6835e-01	  1.8429e+01	  1.4851e+00	  6.5908e-03	  7.0181e-01	  1.1491e-01	  1.1491e-01	  6.7681e+00	  1.6702e+01	  8.4680e-02	  1.2060e+00	  1.0089e+00	  1.0000e+00	  5.0265e-01	  8.9257e-02	  0.0000e+00	  1.3753e-02	  5.9940e-04	  1.8224e-02	  9.4210e-03	  5.2467e-05	  4.3438e-02	  6.4678e-03	  3.1145e-04	  1.7863e-02	  0.0000e+00	  1.9978e-03	
    -7.05966	  8.1000e+01	  6.1315e+00	  7.9025e-05	  1.3089e-03	  1.4492e-05	  1.0562e-02	  1.8010e-02	  1.4368e+04	  8.4617e-02	  2.1911e-01	  4.7361e-01	  9.2478e-01	  1.6248e-01	  1.8434e+01	  1.4820e+00	  6.5534e-03	  6.9414e-01	  1.1549e-01	  1.1549e-01	  6.8164e+00	  1.6654e+01	  8.4525e-02	  1.2076e+00	  1.0090e+00	  1.0000e+00	  5.0645e-01	  9.0408e-02	  0.0000e+00	  1.3890e-02	  6.0405e-04	  1.8341e-02	  9.4876e-03	  5.2256e-05	  4.3761e-02	  6.5082e-03	  3.1232e-04	  1.8010e-02	  0.0000e+00	  1.9978e-03	
    -7.06122	  8.2000e+01	  6.1313e+00	  7.9012e-05	  1.3257e-03	  1.4493e-05	  1.0646e-02	  1.8156e-02	  1.4461e+04	  8.4253e-02	  2.1802e-01	  4.7205e-01	  9.2399e-01	  1.5691e-01	  1.8438e+01	  1.4790e+00	  6.5192e-03	  6.8651e-01	  1.1606e-01	  1.1606e-01	  6.8642e+00	  1.6606e+01	  8.4383e-02	  1.2091e+00	  1.0092e+00	  1.0000e+00	  5.1020e-01	  9.1550e-02	  0.0000e+00	  1.4026e-02	  6.0866e-04	  1.8456e-02	  9.5536e-03	  5.2049e-05	  4.4080e-02	  6.5482e-03	  3.1318e-04	  1.8156e-02	  0.0000e+00	  1.9978e-03	
    -7.06277	  8.3000e+01	  6.1311e+00	  7.9000e-05	  1.3424e-03	  1.4494e-05	  1.0728e-02	  1.8300e-02	  1.4552e+04	  8.3898e-02	  2.1696e-01	  4.7052e-01	  9.2321e-01	  1.5163e-01	  1.8443e+01	  1.4760e+00	  6.4879e-03	  6.7894e-01	  1.1663e-01	  1.1663e-01	  6.9113e+00	  1.6558e+01	  8.4256e-02	  1.2106e+00	  1.0093e+00	  1.0000e+00	  5.1390e-01	  9.2684e-02	  0.0000e+00	  1.4161e-02	  6.1323e-04	  1.8569e-02	  9.6188e-03	  5.1844e-05	  4.4395e-02	  6.5877e-03	  3.1402e-04	  1.8300e-02	  0.0000e+00	  1.9978e-03	
    -7.06429	  8.4000e+01	  6.1310e+00	  7.8988e-05	  1.3590e-03	  1.4495e-05	  1.0810e-02	  1.8443e-02	  1.4643e+04	  8.3550e-02	  2.1591e-01	  4.6902e-01	  9.2243e-01	  1.4662e-01	  1.8447e+01	  1.4729e+00	  6.4595e-03	  6.7142e-01	  1.1719e-01	  1.1719e-01	  6.9579e+00	  1.6512e+01	  8.4142e-02	  1.2121e+00	  1.0094e+00	  1.0000e+00	  5.1756e-01	  9.3809e-02	  0.0000e+00	  1.4295e-02	  6.1776e-04	  1.8682e-02	  9.6834e-03	  5.1642e-05	  4.4708e-02	  6.6268e-03	  3.1486e-04	  1.8443e-02	  0.0000e+00	  1.9979e-03	
     -7.0658	  8.5000e+01	  6.1308e+00	  7.8976e-05	  1.3754e-03	  1.4496e-05	  1.0890e-02	  1.8584e-02	  1.4733e+04	  8.3209e-02	  2.1489e-01	  4.6755e-01	  9.2167e-01	  1.4187e-01	  1.8451e+01	  1.4699e+00	  6.4338e-03	  6.6397e-01	  1.1774e-01	  1.1774e-01	  7.0039e+00	  1.6465e+01	  8.4041e-02	  1.2136e+00	  1.0095e+00	  1.0000e+00	  5.2116e-01	  9.4925e-02	  0.0000e+00	  1.4427e-02	  6.2226e-04	  1.8793e-02	  9.7473e-03	  5.1443e-05	  4.5017e-02	  6.6655e-03	  3.1568e-04	  1.8584e-02	  0.0000e+00	  1.9979e-03	
    -7.06729	  8.6000e+01	  6.1306e+00	  7.8964e-05	  1.3917e-03	  1.4498e-05	  1.0969e-02	  1.8724e-02	  1.4822e+04	  8.2875e-02	  2.1389e-01	  4.6610e-01	  9.2090e-01	  1.3735e-01	  1.8455e+01	  1.4669e+00	  6.4109e-03	  6.5657e-01	  1.1828e-01	  1.1828e-01	  7.0493e+00	  1.6420e+01	  8.3953e-02	  1.2151e+00	  1.0096e+00	  1.0000e+00	  5.2472e-01	  9.6033e-02	  0.0000e+00	  1.4559e-02	  6.2671e-04	  1.8903e-02	  9.8105e-03	  5.1246e-05	  4.5324e-02	  6.7037e-03	  3.1649e-04	  1.8724e-02	  0.0000e+00	  1.9979e-03	
    -7.06876	  8.7000e+01	  6.1305e+00	  7.8953e-05	  1.4079e-03	  1.4499e-05	  1.1048e-02	  1.8862e-02	  1.4909e+04	  8.2548e-02	  2.1291e-01	  4.6468e-01	  9.2015e-01	  1.3306e-01	  1.8459e+01	  1.4639e+00	  6.3904e-03	  6.4923e-01	  1.1882e-01	  1.1882e-01	  7.0943e+00	  1.6375e+01	  8.3877e-02	  1.2165e+00	  1.0097e+00	  1.0000e+00	  5.2824e-01	  9.7132e-02	  0.0000e+00	  1.4689e-02	  6.3113e-04	  1.9011e-02	  9.8731e-03	  5.1053e-05	  4.5627e-02	  6.7415e-03	  3.1728e-04	  1.8862e-02	  0.0000e+00	  1.9979e-03	
    -7.07021	  8.8000e+01	  6.1304e+00	  7.8941e-05	  1.4240e-03	  1.4500e-05	  1.1125e-02	  1.8999e-02	  1.4996e+04	  8.2228e-02	  2.1194e-01	  4.6328e-01	  9.1940e-01	  1.2899e-01	  1.8462e+01	  1.4609e+00	  6.3724e-03	  6.4196e-01	  1.1934e-01	  1.1934e-01	  7.1387e+00	  1.6330e+01	  8.3814e-02	  1.2179e+00	  1.0098e+00	  1.0000e+00	  5.3170e-01	  9.8223e-02	  0.0000e+00	  1.4819e-02	  6.3552e-04	  1.9119e-02	  9.9351e-03	  5.0863e-05	  4.5927e-02	  6.7789e-03	  3.1807e-04	  1.8999e-02	  0.0000e+00	  1.9979e-03	
    -7.07164	  8.9000e+01	  6.1302e+00	  7.8929e-05	  1.4399e-03	  1.4501e-05	  1.1202e-02	  1.9134e-02	  1.5082e+04	  8.1914e-02	  2.1100e-01	  4.6190e-01	  9.1865e-01	  1.2511e-01	  1.8466e+01	  1.4579e+00	  6.3567e-03	  6.3475e-01	  1.1986e-01	  1.1986e-01	  7.1826e+00	  1.6286e+01	  8.3763e-02	  1.2193e+00	  1.0099e+00	  1.0000e+00	  5.3513e-01	  9.9306e-02	  0.0000e+00	  1.4947e-02	  6.3986e-04	  1.9225e-02	  9.9965e-03	  5.0675e-05	  4.6224e-02	  6.8159e-03	  3.1884e-04	  1.9134e-02	  0.0000e+00	  1.9980e-03	
    -7.07306	  9.0000e+01	  6.1301e+00	  7.8918e-05	  1.4558e-03	  1.4502e-05	  1.1277e-02	  1.9268e-02	  1.5167e+04	  8.1606e-02	  2.1008e-01	  4.6055e-01	  9.1792e-01	  1.2143e-01	  1.8469e+01	  1.4549e+00	  6.3432e-03	  6.2762e-01	  1.2037e-01	  1.2037e-01	  7.2260e+00	  1.6242e+01	  8.3724e-02	  1.2207e+00	  1.0100e+00	  1.0000e+00	  5.3851e-01	  1.0038e-01	  0.0000e+00	  1.5075e-02	  6.4417e-04	  1.9330e-02	  1.0057e-02	  5.0491e-05	  4.6518e-02	  6.8525e-03	  3.1960e-04	  1.9268e-02	  0.0000e+00	  1.9980e-03	
    -7.07445	  9.1000e+01	  6.1300e+00	  7.8907e-05	  1.4715e-03	  1.4504e-05	  1.1352e-02	  1.9400e-02	  1.5251e+04	  8.1305e-02	  2.0917e-01	  4.5922e-01	  9.1718e-01	  1.1792e-01	  1.8472e+01	  1.4519e+00	  6.3319e-03	  6.2055e-01	  1.2088e-01	  1.2088e-01	  7.2689e+00	  1.6199e+01	  8.3696e-02	  1.2221e+00	  1.0101e+00	  1.0000e+00	  5.4186e-01	  1.0145e-01	  0.0000e+00	  1.5201e-02	  6.4844e-04	  1.9433e-02	  1.0117e-02	  5.0309e-05	  4.6809e-02	  6.8887e-03	  3.2036e-04	  1.9400e-02	  0.0000e+00	  1.9980e-03	
    -7.07583	  9.2000e+01	  6.1299e+00	  7.8896e-05	  1.4870e-03	  1.4505e-05	  1.1426e-02	  1.9531e-02	  1.5334e+04	  8.1009e-02	  2.0828e-01	  4.5792e-01	  9.1646e-01	  1.1459e-01	  1.8475e+01	  1.4490e+00	  6.3226e-03	  6.1355e-01	  1.2137e-01	  1.2137e-01	  7.3114e+00	  1.6157e+01	  8.3679e-02	  1.2234e+00	  1.0103e+00	  1.0000e+00	  5.4516e-01	  1.0251e-01	  0.0000e+00	  1.5327e-02	  6.5268e-04	  1.9536e-02	  1.0177e-02	  5.0130e-05	  4.7098e-02	  6.9245e-03	  3.2110e-04	  1.9531e-02	  0.0000e+00	  1.9980e-03	
    -7.07719	  9.3000e+01	  6.1298e+00	  7.8885e-05	  1.5025e-03	  1.4506e-05	  1.1499e-02	  1.9661e-02	  1.5417e+04	  8.0719e-02	  2.0741e-01	  4.5663e-01	  9.1574e-01	  1.1141e-01	  1.8478e+01	  1.4460e+00	  6.3152e-03	  6.0663e-01	  1.2186e-01	  1.2186e-01	  7.3534e+00	  1.6115e+01	  8.3673e-02	  1.2248e+00	  1.0104e+00	  1.0000e+00	  5.4842e-01	  1.0356e-01	  0.0000e+00	  1.5451e-02	  6.5688e-04	  1.9637e-02	  1.0236e-02	  4.9954e-05	  4.7383e-02	  6.9599e-03	  3.2183e-04	  1.9661e-02	  0.0000e+00	  1.9980e-03	
    -7.07853	  9.4000e+01	  6.1297e+00	  7.8874e-05	  1.5179e-03	  1.4507e-05	  1.1571e-02	  1.9789e-02	  1.5498e+04	  8.0435e-02	  2.0655e-01	  4.5537e-01	  9.1503e-01	  1.0838e-01	  1.8481e+01	  1.4430e+00	  6.3097e-03	  5.9978e-01	  1.2234e-01	  1.2234e-01	  7.3949e+00	  1.6073e+01	  8.3678e-02	  1.2261e+00	  1.0105e+00	  1.0000e+00	  5.5165e-01	  1.0460e-01	  0.0000e+00	  1.5574e-02	  6.6104e-04	  1.9737e-02	  1.0294e-02	  4.9781e-05	  4.7665e-02	  6.9949e-03	  3.2255e-04	  1.9789e-02	  0.0000e+00	  1.9980e-03	
    -7.07986	  9.5000e+01	  6.1296e+00	  7.8863e-05	  1.5331e-03	  1.4508e-05	  1.1643e-02	  1.9916e-02	  1.5578e+04	  8.0156e-02	  2.0572e-01	  4.5412e-01	  9.1432e-01	  1.0549e-01	  1.8484e+01	  1.4401e+00	  6.3060e-03	  5.9300e-01	  1.2281e-01	  1.2281e-01	  7.4361e+00	  1.6031e+01	  8.3694e-02	  1.2274e+00	  1.0106e+00	  1.0000e+00	  5.5483e-01	  1.0564e-01	  0.0000e+00	  1.5696e-02	  6.6517e-04	  1.9836e-02	  1.0352e-02	  4.9610e-05	  4.7945e-02	  7.0295e-03	  3.2326e-04	  1.9916e-02	  0.0000e+00	  1.9981e-03	
    -7.08116	  9.6000e+01	  6.1295e+00	  7.8853e-05	  1.5482e-03	  1.4509e-05	  1.1713e-02	  2.0042e-02	  1.5658e+04	  7.9882e-02	  2.0489e-01	  4.5290e-01	  9.1362e-01	  1.0273e-01	  1.8487e+01	  1.4371e+00	  6.3040e-03	  5.8629e-01	  1.2328e-01	  1.2328e-01	  7.4767e+00	  1.5991e+01	  8.3719e-02	  1.2287e+00	  1.0107e+00	  1.0000e+00	  5.5798e-01	  1.0666e-01	  0.0000e+00	  1.5818e-02	  6.6926e-04	  1.9934e-02	  1.0409e-02	  4.9442e-05	  4.8221e-02	  7.0637e-03	  3.2397e-04	  2.0042e-02	  0.0000e+00	  1.9981e-03	
    -7.08245	  9.7000e+01	  6.1295e+00	  7.8842e-05	  1.5633e-03	  1.4510e-05	  1.1783e-02	  2.0166e-02	  1.5737e+04	  7.9613e-02	  2.0408e-01	  4.5170e-01	  9.1292e-01	  1.0010e-01	  1.8489e+01	  1.4342e+00	  6.3036e-03	  5.7966e-01	  1.2374e-01	  1.2374e-01	  7.5170e+00	  1.5950e+01	  8.3755e-02	  1.2300e+00	  1.0108e+00	  1.0000e+00	  5.6110e-01	  1.0768e-01	  0.0000e+00	  1.5938e-02	  6.7332e-04	  2.0031e-02	  1.0465e-02	  4.9277e-05	  4.8495e-02	  7.0975e-03	  3.2466e-04	  2.0166e-02	  0.0000e+00	  1.9981e-03	
    -7.08372	  9.8000e+01	  6.1294e+00	  7.8832e-05	  1.5782e-03	  1.4511e-05	  1.1852e-02	  2.0289e-02	  1.5814e+04	  7.9350e-02	  2.0329e-01	  4.5051e-01	  9.1223e-01	  9.7586e-02	  1.8492e+01	  1.4313e+00	  6.3049e-03	  5.7311e-01	  1.2419e-01	  1.2419e-01	  7.5568e+00	  1.5910e+01	  8.3801e-02	  1.2312e+00	  1.0109e+00	  1.0000e+00	  5.6417e-01	  1.0870e-01	  0.0000e+00	  1.6057e-02	  6.7734e-04	  2.0127e-02	  1.0521e-02	  4.9115e-05	  4.8767e-02	  7.1310e-03	  3.2534e-04	  2.0289e-02	  0.0000e+00	  1.9981e-03	
    -7.08497	  9.9000e+01	  6.1293e+00	  7.8821e-05	  1.5930e-03	  1.4512e-05	  1.1921e-02	  2.0411e-02	  1.5891e+04	  7.9091e-02	  2.0251e-01	  4.4935e-01	  9.1155e-01	  9.5184e-02	  1.8494e+01	  1.4283e+00	  6.3076e-03	  5.6664e-01	  1.2464e-01	  1.2464e-01	  7.5963e+00	  1.5871e+01	  8.3857e-02	  1.2325e+00	  1.0110e+00	  1.0000e+00	  5.6722e-01	  1.0970e-01	  0.0000e+00	  1.6175e-02	  6.8133e-04	  2.0222e-02	  1.0577e-02	  4.8955e-05	  4.9035e-02	  7.1641e-03	  3.2602e-04	  2.0411e-02	  0.0000e+00	  1.9981e-03	
    -7.08621	  1.0000e+02	  6.1292e+00	  7.8811e-05	  1.6077e-03	  1.4513e-05	  1.1988e-02	  2.0532e-02	  1.5968e+04	  7.8838e-02	  2.0175e-01	  4.4820e-01	  9.1087e-01	  9.2885e-02	  1.8496e+01	  1.4254e+00	  6.3117e-03	  5.6023e-01	  1.2508e-01	  1.2508e-01	  7.6353e+00	  1.5831e+01	  8.3921e-02	  1.2337e+00	  1.0111e+00	  1.0000e+00	  5.7023e-01	  1.1070e-01	  0.0000e+00	  1.6293e-02	  6.8529e-04	  2.0315e-02	  1.0631e-02	  4.8798e-05	  4.9301e-02	  7.1968e-03	  3.2668e-04	  2.0532e-02	  0.0000e+00	  1.9981e-03	
