          pe	        Time	          pH	       Ozero	          HS	         CH4	        CO2g	         CO2	          SC	        fsl1	        fsl2	        fsl3	        fsl4	         POM	         MOM	         QOM	         DOM	          BA	          EP	          EM	          IC	       Total	     OrgAcid	        Aero	        SulR	        Meth	       Caero	       Csulr	       Cmeth	          Na	           K	          Ca	          Mg	         PO4	          Cl	         SO4	         NH4	        HCO3	         FeS	      Pyrite	
           4	  0.0000e+00	  6.9509e+00	  2.5557e-04	  1.0001e-07	  0.0000e+00	  0.0000e+00	  9.0006e-06	  1.0504e+02	  7.6982e-01	  9.7338e-01	  9.9060e-01	  9.9999e-01	  0.0000e+00	  0.0000e+00	  0.0000e+00	  0.0000e+00	  0.0000e+00	  0.0000e+00	  0.0000e+00	  0.0000e+00	  0.0000e+00	  0.0000e+00	  0.0000e+00	  0.0000e+00	  0.0000e+00	  0.0000e+00	  0.0000e+00	  0.0000e+00	  1.1401e-04	  2.8002e-05	  1.8275e-04	  7.9006e-05	  5.0003e-06	  1.3301e-04	  4.0003e-06	  3.8003e-05	  9.0006e-06	  0.0000e+00	  0.0000e+00	
           4	  0.0000e+00	  6.9509e+00	  2.5557e-04	  1.0001e-07	  0.0000e+00	  0.0000e+00	  9.0006e-06	  1.0504e+02	  7.6982e-01	  9.7338e-01	  9.9060e-01	  9.9999e-01	  0.0000e+00	  0.0000e+00	  0.0000e+00	  0.0000e+00	  0.0000e+00	  0.0000e+00	  0.0000e+00	  0.0000e+00	  0.0000e+00	  0.0000e+00	  0.0000e+00	  0.0000e+00	  0.0000e+00	  0.0000e+00	  0.0000e+00	  0.0000e+00	  1.1401e-04	  2.8002e-05	  1.8275e-04	  7.9006e-05	  5.0003e-06	  1.3301e-04	  4.0003e-06	  3.8003e-05	  9.0006e-06	  0.0000e+00	  0.0000e+00	
    -6.72082	  1.0000e+00	  6.6794e+00	  8.0747e-05	  7.7964e-06	  1.4320e-05	  8.5888e-05	  2.6396e-04	  7.8854e+02	  4.3451e-01	  8.3247e-01	  9.3734e-01	  9.9949e-01	  4.5659e+00	  1.5974e+01	  1.7585e+00	  1.9943e-01	  6.2845e-01	  5.2524e-02	  5.2524e-02	  1.9393e-01	  2.3290e+01	  6.7805e-02	  1.0008e+00	  1.0000e+00	  1.0000e+00	  1.8876e-03	  5.1464e-06	  0.0000e+00	  3.2152e-04	  6.4220e-05	  9.8600e-04	  4.4228e-04	  8.7031e-05	  1.8199e-03	  2.8211e-04	  8.4636e-05	  2.6396e-04	  0.0000e+00	  1.4067e-03	
    -6.78854	  2.0000e+00	  6.6024e+00	  8.0697e-05	  1.0145e-05	  1.4324e-05	  1.7794e-04	  4.9157e-04	  1.2422e+03	  3.5548e-01	  7.6010e-01	  9.0596e-01	  9.9888e-01	  4.4252e+00	  1.6047e+01	  1.7531e+00	  6.9822e-02	  6.9134e-01	  5.3136e-02	  5.3136e-02	  3.3837e-01	  2.3145e+01	  9.1190e-02	  1.0025e+00	  1.0000e+00	  1.0000e+00	  6.2004e-03	  3.6240e-05	  0.0000e+00	  4.7941e-04	  8.1460e-05	  1.5514e-03	  7.0097e-04	  6.9909e-05	  3.0677e-03	  4.5304e-04	  1.0442e-04	  4.9157e-04	  0.0000e+00	  1.3782e-03	
    -6.82358	  3.0000e+00	  6.5528e+00	  8.0652e-05	  1.1997e-05	  1.4329e-05	  2.8096e-04	  7.2771e-04	  1.6331e+03	  3.1117e-01	  7.0731e-01	  8.8083e-01	  9.9819e-01	  4.2874e+00	  1.6119e+01	  1.7489e+00	  4.0105e-02	  7.1893e-01	  5.3789e-02	  5.3789e-02	  4.3796e-01	  2.3046e+01	  9.9528e-02	  1.0047e+00	  1.0000e+00	  1.0000e+00	  1.1495e-02	  1.0035e-04	  0.0000e+00	  6.3741e-04	  9.5066e-05	  2.0500e-03	  9.3140e-04	  6.2828e-05	  4.1666e-03	  5.9511e-04	  1.1863e-04	  7.2771e-04	  0.0000e+00	  1.3641e-03	
    -6.84602	  4.0000e+00	  6.5153e+00	  8.0611e-05	  1.3671e-05	  1.4333e-05	  3.9015e-04	  9.6437e-04	  1.9875e+03	  2.8131e-01	  6.6549e-01	  8.5937e-01	  9.9746e-01	  4.1523e+00	  1.6190e+01	  1.7448e+00	  3.4815e-02	  7.3721e-01	  5.4463e-02	  5.4463e-02	  5.2763e-01	  2.2956e+01	  1.0467e-01	  1.0071e+00	  1.0000e+00	  1.0000e+00	  1.7250e-02	  1.9791e-04	  0.0000e+00	  7.9859e-04	  1.0689e-04	  2.5067e-03	  1.1441e-03	  5.9142e-05	  5.1813e-03	  7.2238e-04	  1.2998e-04	  9.6437e-04	  0.0000e+00	  1.3600e-03	
    -6.86153	  5.0000e+00	  6.4845e+00	  8.0572e-05	  1.5294e-05	  1.4337e-05	  5.0471e-04	  1.2019e-03	  2.3172e+03	  2.5924e-01	  6.3085e-01	  8.4043e-01	  9.9667e-01	  4.0198e+00	  1.6259e+01	  1.7408e+00	  3.3151e-02	  7.5370e-01	  5.5154e-02	  5.5154e-02	  6.1781e-01	  2.2865e+01	  1.0893e-01	  1.0096e+00	  1.0000e+00	  1.0000e+00	  2.3355e-02	  3.3018e-04	  0.0000e+00	  9.6344e-04	  1.1767e-04	  2.9338e-03	  1.3443e-03	  5.7093e-05	  6.1392e-03	  8.4010e-04	  1.3954e-04	  1.2019e-03	  0.0000e+00	  1.3647e-03	
    -6.87259	  6.0000e+00	  6.4579e+00	  8.0535e-05	  1.6941e-05	  1.4340e-05	  6.2455e-04	  1.4413e-03	  2.6285e+03	  2.4197e-01	  6.0135e-01	  8.2337e-01	  9.9586e-01	  3.8899e+00	  1.6327e+01	  1.7369e+00	  3.1996e-02	  7.6951e-01	  5.5860e-02	  5.5860e-02	  7.0993e-01	  2.2773e+01	  1.1266e-01	  1.0122e+00	  1.0000e+00	  1.0000e+00	  2.9774e-02	  4.9871e-04	  0.0000e+00	  1.1318e-03	  1.2774e-04	  3.3384e-03	  1.5350e-03	  5.5996e-05	  7.0549e-03	  9.5089e-04	  1.4787e-04	  1.4413e-03	  0.0000e+00	  1.3772e-03	
    -6.88056	  7.0000e+00	  6.4342e+00	  8.0500e-05	  1.8670e-05	  1.4344e-05	  7.4963e-04	  1.6832e-03	  2.9252e+03	  2.2795e-01	  5.7570e-01	  8.0780e-01	  9.9501e-01	  3.7626e+00	  1.6394e+01	  1.7329e+00	  3.0951e-02	  7.8479e-01	  5.6581e-02	  5.6581e-02	  8.0405e-01	  2.2679e+01	  1.1591e-01	  1.0150e+00	  1.0001e+00	  1.0000e+00	  3.6485e-02	  7.0484e-04	  0.0000e+00	  1.3034e-03	  1.3732e-04	  3.7247e-03	  1.7180e-03	  5.5514e-05	  7.9372e-03	  1.0563e-03	  1.5528e-04	  1.6832e-03	  0.0000e+00	  1.3970e-03	
    -6.88629	  8.0000e+00	  6.4126e+00	  8.0466e-05	  2.0532e-05	  1.4347e-05	  8.7983e-04	  1.9277e-03	  3.2100e+03	  2.1624e-01	  5.5309e-01	  7.9344e-01	  9.9413e-01	  3.6379e+00	  1.6459e+01	  1.7290e+00	  2.9965e-02	  7.9954e-01	  5.7316e-02	  5.7316e-02	  9.0001e-01	  2.2583e+01	  1.1873e-01	  1.0178e+00	  1.0001e+00	  1.0000e+00	  4.3464e-02	  9.4960e-04	  0.0000e+00	  1.4779e-03	  1.4652e-04	  4.0959e-03	  1.8946e-03	  5.5454e-05	  8.7922e-03	  1.1572e-03	  1.6198e-04	  1.9277e-03	  0.0000e+00	  1.4236e-03	
    -6.89038	  9.0000e+00	  6.3927e+00	  8.0433e-05	  2.2581e-05	  1.4350e-05	  1.0150e-03	  2.1749e-03	  3.4847e+03	  2.0626e-01	  5.3292e-01	  7.8010e-01	  9.9323e-01	  3.5158e+00	  1.6524e+01	  1.7251e+00	  2.9029e-02	  8.1376e-01	  5.8065e-02	  5.8065e-02	  9.9766e-01	  2.2485e+01	  1.2115e-01	  1.0208e+00	  1.0001e+00	  1.0000e+00	  5.0689e-02	  1.2337e-03	  0.0000e+00	  1.6549e-03	  1.5544e-04	  4.4540e-03	  2.0657e-03	  5.5692e-05	  9.6240e-03	  1.2543e-03	  1.6811e-04	  2.1749e-03	  0.0000e+00	  1.4564e-03	
    -6.89324	  1.0000e+01	  6.3743e+00	  8.0400e-05	  2.4876e-05	  1.4354e-05	  1.1548e-03	  2.4249e-03	  3.7506e+03	  1.9761e-01	  5.1476e-01	  7.6764e-01	  9.9231e-01	  3.3963e+00	  1.6587e+01	  1.7213e+00	  2.8137e-02	  8.2742e-01	  5.8828e-02	  5.8828e-02	  1.0968e+00	  2.2385e+01	  1.2319e-01	  1.0238e+00	  1.0002e+00	  1.0000e+00	  5.8137e-02	  1.5575e-03	  0.0000e+00	  1.8342e-03	  1.6412e-04	  4.8007e-03	  2.2320e-03	  5.6146e-05	  1.0436e-02	  1.3481e-03	  1.7377e-04	  2.4249e-03	  0.0000e+00	  1.4944e-03	
    -6.89519	  1.1000e+01	  6.3571e+00	  8.0369e-05	  2.7485e-05	  1.4357e-05	  1.2991e-03	  2.6773e-03	  4.0088e+03	  1.9002e-01	  4.9828e-01	  7.5595e-01	  9.9136e-01	  3.2794e+00	  1.6649e+01	  1.7174e+00	  2.7285e-02	  8.4054e-01	  5.9602e-02	  5.9602e-02	  1.1973e+00	  2.2285e+01	  1.2488e-01	  1.0270e+00	  1.0002e+00	  1.0000e+00	  6.5785e-02	  1.9211e-03	  0.0000e+00	  2.0154e-03	  1.7260e-04	  5.1372e-03	  2.3940e-03	  5.6755e-05	  1.1229e-02	  1.4389e-03	  1.7904e-04	  2.6773e-03	  0.0000e+00	  1.5368e-03	
    -6.89646	  1.2000e+01	  6.3410e+00	  8.0338e-05	  3.0489e-05	  1.4360e-05	  1.4475e-03	  2.9322e-03	  4.2600e+03	  1.8329e-01	  4.8324e-01	  7.4492e-01	  9.9041e-01	  3.1651e+00	  1.6709e+01	  1.7136e+00	  2.6471e-02	  8.5308e-01	  6.0389e-02	  6.0389e-02	  1.2989e+00	  2.2183e+01	  1.2625e-01	  1.0302e+00	  1.0002e+00	  1.0000e+00	  7.3613e-02	  2.3245e-03	  0.0000e+00	  2.1983e-03	  1.8093e-04	  5.4645e-03	  2.5521e-03	  5.7474e-05	  1.2007e-02	  1.5270e-03	  1.8396e-04	  2.9322e-03	  0.0000e+00	  1.5824e-03	
    -6.89725	  1.3000e+01	  6.3259e+00	  8.0308e-05	  3.3980e-05	  1.4363e-05	  1.5996e-03	  3.1891e-03	  4.5049e+03	  1.7727e-01	  4.6944e-01	  7.3450e-01	  9.8943e-01	  3.0534e+00	  1.6769e+01	  1.7098e+00	  2.5691e-02	  8.6506e-01	  6.1188e-02	  6.1188e-02	  1.4015e+00	  2.2080e+01	  1.2732e-01	  1.0334e+00	  1.0003e+00	  1.0000e+00	  8.1598e-02	  2.7671e-03	  0.0000e+00	  2.3826e-03	  1.8911e-04	  5.7835e-03	  2.7067e-03	  5.8264e-05	  1.2770e-02	  1.6125e-03	  1.8860e-04	  3.1891e-03	  0.0000e+00	  1.6295e-03	
    -6.89771	  1.4000e+01	  6.3118e+00	  8.0279e-05	  3.8061e-05	  1.4365e-05	  1.7551e-03	  3.4479e-03	  4.7440e+03	  1.7183e-01	  4.5671e-01	  7.2462e-01	  9.8844e-01	  2.9443e+00	  1.6827e+01	  1.7060e+00	  2.4942e-02	  8.7646e-01	  6.1997e-02	  6.1997e-02	  1.5050e+00	  2.1977e+01	  1.2813e-01	  1.0368e+00	  1.0003e+00	  1.0000e+00	  8.9721e-02	  3.2485e-03	  0.0000e+00	  2.5682e-03	  1.9717e-04	  6.0947e-03	  2.8581e-03	  5.9097e-05	  1.3519e-02	  1.6958e-03	  1.9297e-04	  3.4479e-03	  0.0000e+00	  1.6766e-03	
    -6.89795	  1.5000e+01	  6.2985e+00	  8.0250e-05	  4.2832e-05	  1.4368e-05	  1.9137e-03	  3.7084e-03	  4.9778e+03	  1.6689e-01	  4.4491e-01	  7.1523e-01	  9.8744e-01	  2.8378e+00	  1.6884e+01	  1.7023e+00	  2.4223e-02	  8.8727e-01	  6.2816e-02	  6.2816e-02	  1.6091e+00	  2.1872e+01	  1.2869e-01	  1.0401e+00	  1.0004e+00	  1.0000e+00	  9.7961e-02	  3.7678e-03	  0.0000e+00	  2.7548e-03	  2.0512e-04	  6.3987e-03	  3.0063e-03	  5.9946e-05	  1.4256e-02	  1.7769e-03	  1.9712e-04	  3.7084e-03	  0.0000e+00	  1.7219e-03	
    -6.89808	  1.6000e+01	  6.2860e+00	  8.0222e-05	  4.8383e-05	  1.4371e-05	  2.0748e-03	  3.9702e-03	  5.2066e+03	  1.6238e-01	  4.3395e-01	  7.0628e-01	  9.8642e-01	  2.7339e+00	  1.6939e+01	  1.6985e+00	  2.3531e-02	  8.9750e-01	  6.3646e-02	  6.3646e-02	  1.7137e+00	  2.1768e+01	  1.2902e-01	  1.0436e+00	  1.0004e+00	  1.0000e+00	  1.0630e-01	  4.3240e-03	  0.0000e+00	  2.9423e-03	  2.1297e-04	  6.6962e-03	  3.1518e-03	  6.0793e-05	  1.4981e-02	  1.8560e-03	  2.0106e-04	  3.9702e-03	  0.0000e+00	  1.7639e-03	
    -6.89815	  1.7000e+01	  6.2743e+00	  8.0194e-05	  5.4775e-05	  1.4374e-05	  2.2381e-03	  4.2331e-03	  5.4308e+03	  1.5824e-01	  4.2373e-01	  6.9774e-01	  9.8540e-01	  2.6327e+00	  1.6994e+01	  1.6948e+00	  2.2865e-02	  9.0713e-01	  6.4484e-02	  6.4484e-02	  1.8186e+00	  2.1662e+01	  1.2915e-01	  1.0470e+00	  1.0005e+00	  1.0000e+00	  1.1472e-01	  4.9162e-03	  0.0000e+00	  3.1306e-03	  2.2074e-04	  6.9873e-03	  3.2947e-03	  6.1622e-05	  1.5695e-02	  1.9331e-03	  2.0483e-04	  4.2331e-03	  0.0000e+00	  1.8014e-03	
    -6.89823	  1.8000e+01	  6.2634e+00	  8.0167e-05	  6.2026e-05	  1.4377e-05	  2.4034e-03	  4.4968e-03	  5.6507e+03	  1.5442e-01	  4.1416e-01	  6.8957e-01	  9.8436e-01	  2.5340e+00	  1.7047e+01	  1.6911e+00	  2.2223e-02	  9.1617e-01	  6.5331e-02	  6.5331e-02	  1.9237e+00	  2.1557e+01	  1.2910e-01	  1.0505e+00	  1.0006e+00	  1.0000e+00	  1.2320e-01	  5.5430e-03	  0.0000e+00	  3.3194e-03	  2.2842e-04	  7.2727e-03	  3.4350e-03	  6.2422e-05	  1.6398e-02	  2.0084e-03	  2.0842e-04	  4.4968e-03	  0.0000e+00	  1.8337e-03	
    -6.89833	  1.9000e+01	  6.2531e+00	  8.0140e-05	  7.0118e-05	  1.4379e-05	  2.5701e-03	  4.7611e-03	  5.8665e+03	  1.5089e-01	  4.0519e-01	  6.8175e-01	  9.8332e-01	  2.4379e+00	  1.7099e+01	  1.6874e+00	  2.1604e-02	  9.2460e-01	  6.6185e-02	  6.6185e-02	  2.0289e+00	  2.1452e+01	  1.2888e-01	  1.0540e+00	  1.0006e+00	  1.0000e+00	  1.3173e-01	  6.2032e-03	  0.0000e+00	  3.5087e-03	  2.3602e-04	  7.5524e-03	  3.5730e-03	  6.3186e-05	  1.7091e-02	  2.0820e-03	  2.1187e-04	  4.7611e-03	  0.0000e+00	  1.8609e-03	
    -6.89849	  2.0000e+01	  6.2435e+00	  8.0113e-05	  7.9000e-05	  1.4382e-05	  2.7381e-03	  5.0257e-03	  6.0783e+03	  1.4760e-01	  3.9675e-01	  6.7425e-01	  9.8227e-01	  2.3444e+00	  1.7149e+01	  1.6837e+00	  2.1006e-02	  9.3244e-01	  6.7047e-02	  6.7047e-02	  2.1340e+00	  2.1347e+01	  1.2852e-01	  1.0575e+00	  1.0007e+00	  1.0000e+00	  1.4030e-01	  6.8953e-03	  0.0000e+00	  3.6983e-03	  2.4355e-04	  7.8269e-03	  3.7087e-03	  6.3909e-05	  1.7775e-02	  2.1539e-03	  2.1518e-04	  5.0257e-03	  0.0000e+00	  1.8832e-03	
     -6.8987	  2.1000e+01	  6.2345e+00	  8.0087e-05	  8.8608e-05	  1.4384e-05	  2.9070e-03	  5.2903e-03	  6.2865e+03	  1.4454e-01	  3.8880e-01	  6.6705e-01	  9.8122e-01	  2.2535e+00	  1.7198e+01	  1.6801e+00	  2.0429e-02	  9.3969e-01	  6.7916e-02	  6.7916e-02	  2.2389e+00	  2.1241e+01	  1.2803e-01	  1.0610e+00	  1.0008e+00	  1.0000e+00	  1.4888e-01	  7.6179e-03	  0.0000e+00	  3.8881e-03	  2.5102e-04	  8.0963e-03	  3.8422e-03	  6.4590e-05	  1.8449e-02	  2.2243e-03	  2.1836e-04	  5.2903e-03	  0.0000e+00	  1.9015e-03	
    -6.89899	  2.2000e+01	  6.2260e+00	  8.0062e-05	  9.8868e-05	  1.4387e-05	  3.0766e-03	  5.5547e-03	  6.4911e+03	  1.4167e-01	  3.8129e-01	  6.6012e-01	  9.8016e-01	  2.1652e+00	  1.7246e+01	  1.6764e+00	  1.9871e-02	  9.4633e-01	  6.8791e-02	  6.8791e-02	  2.3435e+00	  2.1137e+01	  1.2743e-01	  1.0645e+00	  1.0008e+00	  1.0000e+00	  1.5747e-01	  8.3696e-03	  0.0000e+00	  4.0781e-03	  2.5842e-04	  8.3610e-03	  3.9737e-03	  6.5229e-05	  1.9114e-02	  2.2931e-03	  2.2142e-04	  5.5547e-03	  0.0000e+00	  1.9162e-03	
    -6.89935	  2.3000e+01	  6.2180e+00	  8.0037e-05	  1.0971e-04	  1.4389e-05	  3.2466e-03	  5.8186e-03	  6.6922e+03	  1.3898e-01	  3.7419e-01	  6.5346e-01	  9.7909e-01	  2.0794e+00	  1.7293e+01	  1.6728e+00	  1.9331e-02	  9.5239e-01	  6.9671e-02	  6.9671e-02	  2.4476e+00	  2.1032e+01	  1.2672e-01	  1.0681e+00	  1.0009e+00	  1.0000e+00	  1.6605e-01	  9.1487e-03	  0.0000e+00	  4.2681e-03	  2.6575e-04	  8.6209e-03	  4.1032e-03	  6.5824e-05	  1.9771e-02	  2.3605e-03	  2.2438e-04	  5.8186e-03	  0.0000e+00	  1.9282e-03	
    -6.89979	  2.4000e+01	  6.2105e+00	  8.0012e-05	  1.2109e-04	  1.4392e-05	  3.4168e-03	  6.0819e-03	  6.8901e+03	  1.3646e-01	  3.6745e-01	  6.4704e-01	  9.7802e-01	  1.9961e+00	  1.7339e+01	  1.6692e+00	  1.8809e-02	  9.5785e-01	  7.0556e-02	  7.0556e-02	  2.5512e+00	  2.0929e+01	  1.2594e-01	  1.0716e+00	  1.0010e+00	  1.0000e+00	  1.7461e-01	  9.9537e-03	  0.0000e+00	  4.4581e-03	  2.7303e-04	  8.8765e-03	  4.2308e-03	  6.6376e-05	  2.0419e-02	  2.4265e-03	  2.2723e-04	  6.0819e-03	  0.0000e+00	  1.9380e-03	
     -6.9003	  2.5000e+01	  6.2035e+00	  7.9987e-05	  1.3293e-04	  1.4394e-05	  3.5870e-03	  6.3444e-03	  7.0849e+03	  1.3408e-01	  3.6106e-01	  6.4085e-01	  9.7695e-01	  1.9154e+00	  1.7383e+01	  1.6656e+00	  1.8304e-02	  9.6274e-01	  7.1445e-02	  7.1445e-02	  2.6542e+00	  2.0825e+01	  1.2508e-01	  1.0751e+00	  1.0011e+00	  1.0000e+00	  1.8315e-01	  1.0783e-02	  0.0000e+00	  4.6479e-03	  2.8025e-04	  9.1277e-03	  4.3565e-03	  6.6885e-05	  2.1060e-02	  2.4912e-03	  2.2999e-04	  6.3444e-03	  0.0000e+00	  1.9460e-03	
     -6.9009	  2.6000e+01	  6.1968e+00	  7.9963e-05	  1.4519e-04	  1.4397e-05	  3.7569e-03	  6.6057e-03	  7.2766e+03	  1.3183e-01	  3.5498e-01	  6.3488e-01	  9.7587e-01	  1.8372e+00	  1.7426e+01	  1.6620e+00	  1.7815e-02	  9.6704e-01	  7.2338e-02	  7.2338e-02	  2.7565e+00	  2.0723e+01	  1.2415e-01	  1.0785e+00	  1.0012e+00	  1.0000e+00	  1.9164e-01	  1.1635e-02	  0.0000e+00	  4.8375e-03	  2.8741e-04	  9.3748e-03	  4.4805e-03	  6.7352e-05	  2.1692e-02	  2.5546e-03	  2.3266e-04	  6.6057e-03	  0.0000e+00	  1.9526e-03	
    -6.90156	  2.7000e+01	  6.1905e+00	  7.9939e-05	  1.5783e-04	  1.4399e-05	  3.9265e-03	  6.8658e-03	  7.4654e+03	  1.2971e-01	  3.4920e-01	  6.2911e-01	  9.7479e-01	  1.7614e+00	  1.7468e+01	  1.6584e+00	  1.7342e-02	  9.7078e-01	  7.3234e-02	  7.3234e-02	  2.8580e+00	  2.0621e+01	  1.2318e-01	  1.0820e+00	  1.0013e+00	  1.0000e+00	  2.0009e-01	  1.2509e-02	  0.0000e+00	  5.0268e-03	  2.9451e-04	  9.6179e-03	  4.6027e-03	  6.7778e-05	  2.2317e-02	  2.6168e-03	  2.3525e-04	  6.8658e-03	  0.0000e+00	  1.9580e-03	
    -6.90231	  2.8000e+01	  6.1846e+00	  7.9916e-05	  1.7082e-04	  1.4401e-05	  4.0954e-03	  7.1245e-03	  7.6513e+03	  1.2770e-01	  3.4368e-01	  6.2353e-01	  9.7371e-01	  1.6881e+00	  1.7508e+01	  1.6549e+00	  1.6884e-02	  9.7396e-01	  7.4133e-02	  7.4133e-02	  2.9586e+00	  2.0521e+01	  1.2217e-01	  1.0854e+00	  1.0013e+00	  1.0000e+00	  2.0849e-01	  1.3402e-02	  0.0000e+00	  5.2157e-03	  3.0156e-04	  9.8572e-03	  4.7232e-03	  6.8163e-05	  2.2934e-02	  2.6778e-03	  2.3776e-04	  7.1245e-03	  0.0000e+00	  1.9626e-03	
    -6.90312	  2.9000e+01	  6.1790e+00	  7.9893e-05	  1.8411e-04	  1.4404e-05	  4.2636e-03	  7.3816e-03	  7.8345e+03	  1.2579e-01	  3.3842e-01	  6.1814e-01	  9.7263e-01	  1.6172e+00	  1.7547e+01	  1.6513e+00	  1.6441e-02	  9.7658e-01	  7.5034e-02	  7.5034e-02	  3.0583e+00	  2.0421e+01	  1.2112e-01	  1.0889e+00	  1.0014e+00	  1.0000e+00	  2.1682e-01	  1.4313e-02	  0.0000e+00	  5.4043e-03	  3.0856e-04	  1.0093e-02	  4.8421e-03	  6.8510e-05	  2.3544e-02	  2.7377e-03	  2.4019e-04	  7.3816e-03	  0.0000e+00	  1.9665e-03	
      -6.904	  3.0000e+01	  6.1737e+00	  7.9870e-05	  1.9769e-04	  1.4406e-05	  4.4309e-03	  7.6371e-03	  8.0150e+03	  1.2397e-01	  3.3339e-01	  6.1292e-01	  9.7155e-01	  1.5486e+00	  1.7586e+01	  1.6478e+00	  1.6011e-02	  9.7867e-01	  7.5936e-02	  7.5936e-02	  3.1569e+00	  2.0322e+01	  1.2005e-01	  1.0923e+00	  1.0015e+00	  1.0000e+00	  2.2509e-01	  1.5242e-02	  0.0000e+00	  5.5924e-03	  3.1551e-04	  1.0325e-02	  4.9594e-03	  6.8819e-05	  2.4147e-02	  2.7965e-03	  2.4256e-04	  7.6371e-03	  0.0000e+00	  1.9698e-03	
    -6.90496	  3.1000e+01	  6.1688e+00	  7.9847e-05	  2.1152e-04	  1.4408e-05	  4.5971e-03	  7.8907e-03	  8.1929e+03	  1.2224e-01	  3.2858e-01	  6.0786e-01	  9.7047e-01	  1.4825e+00	  1.7623e+01	  1.6443e+00	  1.5596e-02	  9.8022e-01	  7.6839e-02	  7.6839e-02	  3.2546e+00	  2.0224e+01	  1.1896e-01	  1.0956e+00	  1.0016e+00	  1.0000e+00	  2.3329e-01	  1.6186e-02	  0.0000e+00	  5.7800e-03	  3.2240e-04	  1.0553e-02	  5.0752e-03	  6.9091e-05	  2.4743e-02	  2.8542e-03	  2.4486e-04	  7.8907e-03	  0.0000e+00	  1.9726e-03	
    -6.90597	  3.2000e+01	  6.1641e+00	  7.9825e-05	  2.2558e-04	  1.4410e-05	  4.7622e-03	  8.1424e-03	  8.3682e+03	  1.2059e-01	  3.2397e-01	  6.0296e-01	  9.6939e-01	  1.4186e+00	  1.7658e+01	  1.6408e+00	  1.5193e-02	  9.8126e-01	  7.7743e-02	  7.7743e-02	  3.3511e+00	  2.0127e+01	  1.1786e-01	  1.0989e+00	  1.0017e+00	  1.0000e+00	  2.4140e-01	  1.7144e-02	  0.0000e+00	  5.9670e-03	  3.2925e-04	  1.0778e-02	  5.1895e-03	  6.9328e-05	  2.5332e-02	  2.9110e-03	  2.4709e-04	  8.1424e-03	  0.0000e+00	  1.9751e-03	
    -6.90705	  3.3000e+01	  6.1596e+00	  7.9803e-05	  2.3984e-04	  1.4413e-05	  4.9261e-03	  8.3921e-03	  8.5411e+03	  1.1902e-01	  3.1955e-01	  5.9821e-01	  9.6831e-01	  1.3570e+00	  1.7693e+01	  1.6373e+00	  1.4804e-02	  9.8180e-01	  7.8646e-02	  7.8646e-02	  3.4465e+00	  2.0032e+01	  1.1675e-01	  1.1022e+00	  1.0018e+00	  1.0000e+00	  2.4943e-01	  1.8114e-02	  0.0000e+00	  6.1534e-03	  3.3604e-04	  1.0999e-02	  5.3023e-03	  6.9531e-05	  2.5914e-02	  2.9668e-03	  2.4927e-04	  8.3921e-03	  0.0000e+00	  1.9772e-03	
    -6.90819	  3.4000e+01	  6.1554e+00	  7.9781e-05	  2.5428e-04	  1.4415e-05	  5.0886e-03	  8.6397e-03	  8.7116e+03	  1.1752e-01	  3.1531e-01	  5.9360e-01	  9.6723e-01	  1.2977e+00	  1.7727e+01	  1.6339e+00	  1.4427e-02	  9.8184e-01	  7.9549e-02	  7.9549e-02	  3.5408e+00	  1.9937e+01	  1.1564e-01	  1.1055e+00	  1.0019e+00	  1.0000e+00	  2.5738e-01	  1.9097e-02	  0.0000e+00	  6.3392e-03	  3.4279e-04	  1.1218e-02	  5.4137e-03	  6.9702e-05	  2.6490e-02	  3.0216e-03	  2.5139e-04	  8.6397e-03	  0.0000e+00	  1.9790e-03	
    -6.90937	  3.5000e+01	  6.1515e+00	  7.9760e-05	  2.6888e-04	  1.4417e-05	  5.2496e-03	  8.8851e-03	  8.8798e+03	  1.1608e-01	  3.1123e-01	  5.8913e-01	  9.6615e-01	  1.2406e+00	  1.7759e+01	  1.6304e+00	  1.4063e-02	  9.8140e-01	  8.0450e-02	  8.0450e-02	  3.6339e+00	  1.9844e+01	  1.1454e-01	  1.1087e+00	  1.0020e+00	  1.0000e+00	  2.6524e-01	  2.0089e-02	  0.0000e+00	  6.5243e-03	  3.4948e-04	  1.1433e-02	  5.5237e-03	  6.9843e-05	  2.7060e-02	  3.0755e-03	  2.5346e-04	  8.8851e-03	  0.0000e+00	  1.9806e-03	
    -6.91061	  3.6000e+01	  6.1477e+00	  7.9739e-05	  2.8363e-04	  1.4419e-05	  5.4092e-03	  9.1282e-03	  9.0457e+03	  1.1470e-01	  3.0732e-01	  5.8478e-01	  9.6507e-01	  1.1856e+00	  1.7790e+01	  1.6270e+00	  1.3710e-02	  9.8051e-01	  8.1350e-02	  8.1350e-02	  3.7257e+00	  1.9752e+01	  1.1344e-01	  1.1119e+00	  1.0021e+00	  1.0000e+00	  2.7300e-01	  2.1091e-02	  0.0000e+00	  6.7087e-03	  3.5613e-04	  1.1645e-02	  5.6323e-03	  6.9955e-05	  2.7623e-02	  3.1286e-03	  2.5547e-04	  9.1282e-03	  0.0000e+00	  1.9820e-03	
     -6.9119	  3.7000e+01	  6.1442e+00	  7.9718e-05	  2.9850e-04	  1.4421e-05	  5.5672e-03	  9.3690e-03	  9.2094e+03	  1.1338e-01	  3.0355e-01	  5.8056e-01	  9.6400e-01	  1.1328e+00	  1.7820e+01	  1.6235e+00	  1.3369e-02	  9.7916e-01	  8.2249e-02	  8.2249e-02	  3.8164e+00	  1.9661e+01	  1.1236e-01	  1.1150e+00	  1.0022e+00	  1.0000e+00	  2.8067e-01	  2.2101e-02	  0.0000e+00	  6.8923e-03	  3.6273e-04	  1.1854e-02	  5.7396e-03	  7.0040e-05	  2.8180e-02	  3.1808e-03	  2.5744e-04	  9.3690e-03	  0.0000e+00	  1.9833e-03	
    -6.91323	  3.8000e+01	  6.1409e+00	  7.9697e-05	  3.1348e-04	  1.4423e-05	  5.7235e-03	  9.6075e-03	  9.3708e+03	  1.1211e-01	  2.9993e-01	  5.7645e-01	  9.6293e-01	  1.0820e+00	  1.7850e+01	  1.6201e+00	  1.3040e-02	  9.7738e-01	  8.3144e-02	  8.3144e-02	  3.9057e+00	  1.9572e+01	  1.1129e-01	  1.1181e+00	  1.0023e+00	  1.0000e+00	  2.8825e-01	  2.3118e-02	  0.0000e+00	  7.0752e-03	  3.6928e-04	  1.2060e-02	  5.8456e-03	  7.0099e-05	  2.8730e-02	  3.2322e-03	  2.5936e-04	  9.6075e-03	  0.0000e+00	  1.9844e-03	
     -6.9146	  3.9000e+01	  6.1377e+00	  7.9677e-05	  3.2855e-04	  1.4425e-05	  5.8781e-03	  9.8435e-03	  9.5302e+03	  1.1089e-01	  2.9643e-01	  5.7246e-01	  9.6186e-01	  1.0332e+00	  1.7878e+01	  1.6167e+00	  1.2721e-02	  9.7519e-01	  8.4037e-02	  8.4037e-02	  3.9939e+00	  1.9483e+01	  1.1024e-01	  1.1212e+00	  1.0024e+00	  1.0000e+00	  2.9573e-01	  2.4141e-02	  0.0000e+00	  7.2572e-03	  3.7578e-04	  1.2263e-02	  5.9503e-03	  7.0133e-05	  2.9275e-02	  3.2829e-03	  2.6123e-04	  9.8435e-03	  0.0000e+00	  1.9854e-03	
    -6.91601	  4.0000e+01	  6.1347e+00	  7.9657e-05	  3.4371e-04	  1.4427e-05	  6.0311e-03	  1.0077e-02	  9.6874e+03	  1.0972e-01	  2.9306e-01	  5.6858e-01	  9.6080e-01	  9.8641e-01	  1.7905e+01	  1.6133e+00	  1.2414e-02	  9.7259e-01	  8.4926e-02	  8.4926e-02	  4.0807e+00	  1.9396e+01	  1.0920e-01	  1.1242e+00	  1.0025e+00	  1.0000e+00	  3.0311e-01	  2.5170e-02	  0.0000e+00	  7.4385e-03	  3.8224e-04	  1.2463e-02	  6.0538e-03	  7.0145e-05	  2.9814e-02	  3.3327e-03	  2.6307e-04	  1.0077e-02	  0.0000e+00	  1.9863e-03	
    -6.91745	  4.1000e+01	  6.1319e+00	  7.9637e-05	  3.5892e-04	  1.4429e-05	  6.1822e-03	  1.0308e-02	  9.8427e+03	  1.0859e-01	  2.8981e-01	  5.6480e-01	  9.5973e-01	  9.4153e-01	  1.7931e+01	  1.6099e+00	  1.2116e-02	  9.6961e-01	  8.5812e-02	  8.5812e-02	  4.1663e+00	  1.9311e+01	  1.0819e-01	  1.1272e+00	  1.0026e+00	  1.0000e+00	  3.1039e-01	  2.6202e-02	  0.0000e+00	  7.6188e-03	  3.8864e-04	  1.2661e-02	  6.1560e-03	  7.0136e-05	  3.0347e-02	  3.3818e-03	  2.6486e-04	  1.0308e-02	  0.0000e+00	  1.9871e-03	
    -6.91893	  4.2000e+01	  6.1292e+00	  7.9617e-05	  3.7419e-04	  1.4431e-05	  6.3316e-03	  1.0537e-02	  9.9959e+03	  1.0750e-01	  2.8667e-01	  5.6112e-01	  9.5868e-01	  8.9853e-01	  1.7956e+01	  1.6065e+00	  1.1830e-02	  9.6625e-01	  8.6694e-02	  8.6694e-02	  4.2506e+00	  1.9226e+01	  1.0719e-01	  1.1302e+00	  1.0027e+00	  1.0000e+00	  3.1757e-01	  2.7238e-02	  0.0000e+00	  7.7983e-03	  3.9501e-04	  1.2856e-02	  6.2570e-03	  7.0107e-05	  3.0874e-02	  3.4302e-03	  2.6661e-04	  1.0537e-02	  0.0000e+00	  1.9879e-03	
    -6.92043	  4.3000e+01	  6.1266e+00	  7.9598e-05	  3.8950e-04	  1.4433e-05	  6.4792e-03	  1.0763e-02	  1.0147e+04	  1.0646e-01	  2.8364e-01	  5.5753e-01	  9.5762e-01	  8.5735e-01	  1.7980e+01	  1.6032e+00	  1.1553e-02	  9.6255e-01	  8.7571e-02	  8.7571e-02	  4.3337e+00	  1.9143e+01	  1.0623e-01	  1.1331e+00	  1.0028e+00	  1.0000e+00	  3.2464e-01	  2.8277e-02	  0.0000e+00	  7.9768e-03	  4.0132e-04	  1.3048e-02	  6.3569e-03	  7.0059e-05	  3.1395e-02	  3.4779e-03	  2.6832e-04	  1.0763e-02	  0.0000e+00	  1.9885e-03	
    -6.92195	  4.4000e+01	  6.1242e+00	  7.9579e-05	  4.0484e-04	  1.4435e-05	  6.6249e-03	  1.0987e-02	  1.0297e+04	  1.0545e-01	  2.8071e-01	  5.5404e-01	  9.5657e-01	  8.1793e-01	  1.8004e+01	  1.5998e+00	  1.1286e-02	  9.5851e-01	  8.8444e-02	  8.8444e-02	  4.4155e+00	  1.9061e+01	  1.0528e-01	  1.1359e+00	  1.0029e+00	  1.0000e+00	  3.3162e-01	  2.9318e-02	  0.0000e+00	  8.1545e-03	  4.0759e-04	  1.3238e-02	  6.4556e-03	  6.9994e-05	  3.1911e-02	  3.5249e-03	  2.6999e-04	  1.0987e-02	  0.0000e+00	  1.9891e-03	
     -6.9235	  4.5000e+01	  6.1220e+00	  7.9560e-05	  4.2020e-04	  1.4437e-05	  6.7689e-03	  1.1208e-02	  1.0444e+04	  1.0447e-01	  2.7788e-01	  5.5063e-01	  9.5553e-01	  7.8023e-01	  1.8026e+01	  1.5965e+00	  1.1029e-02	  9.5414e-01	  8.9311e-02	  8.9311e-02	  4.4960e+00	  1.8980e+01	  1.0436e-01	  1.1387e+00	  1.0030e+00	  1.0000e+00	  3.3850e-01	  3.0360e-02	  0.0000e+00	  8.3312e-03	  4.1381e-04	  1.3425e-02	  6.5532e-03	  6.9913e-05	  3.2422e-02	  3.5713e-03	  2.7163e-04	  1.1208e-02	  0.0000e+00	  1.9897e-03	
    -6.92507	  4.6000e+01	  6.1198e+00	  7.9541e-05	  4.3557e-04	  1.4439e-05	  6.9110e-03	  1.1426e-02	  1.0590e+04	  1.0353e-01	  2.7513e-01	  5.4731e-01	  9.5449e-01	  7.4419e-01	  1.8048e+01	  1.5931e+00	  1.0781e-02	  9.4947e-01	  9.0173e-02	  9.0173e-02	  4.5753e+00	  1.8901e+01	  1.0347e-01	  1.1415e+00	  1.0031e+00	  1.0000e+00	  3.4528e-01	  3.1403e-02	  0.0000e+00	  8.5069e-03	  4.1999e-04	  1.3610e-02	  6.6496e-03	  6.9818e-05	  3.2927e-02	  3.6170e-03	  2.7324e-04	  1.1426e-02	  0.0000e+00	  1.9902e-03	
    -6.92665	  4.7000e+01	  6.1177e+00	  7.9522e-05	  4.5093e-04	  1.4441e-05	  7.0512e-03	  1.1642e-02	  1.0733e+04	  1.0262e-01	  2.7248e-01	  5.4407e-01	  9.5345e-01	  7.0977e-01	  1.8068e+01	  1.5898e+00	  1.0543e-02	  9.4452e-01	  9.1030e-02	  9.1030e-02	  4.6534e+00	  1.8822e+01	  1.0261e-01	  1.1442e+00	  1.0032e+00	  1.0000e+00	  3.5196e-01	  3.2446e-02	  0.0000e+00	  8.6817e-03	  4.2612e-04	  1.3792e-02	  6.7450e-03	  6.9709e-05	  3.3426e-02	  3.6620e-03	  2.7481e-04	  1.1642e-02	  0.0000e+00	  1.9907e-03	
    -6.92825	  4.8000e+01	  6.1158e+00	  7.9504e-05	  4.6629e-04	  1.4442e-05	  7.1896e-03	  1.1856e-02	  1.0875e+04	  1.0174e-01	  2.6991e-01	  5.4091e-01	  9.5242e-01	  6.7690e-01	  1.8088e+01	  1.5865e+00	  1.0313e-02	  9.3929e-01	  9.1880e-02	  9.1880e-02	  4.7302e+00	  1.8745e+01	  1.0177e-01	  1.1469e+00	  1.0033e+00	  1.0000e+00	  3.5854e-01	  3.3488e-02	  0.0000e+00	  8.8555e-03	  4.3220e-04	  1.3972e-02	  6.8392e-03	  6.9587e-05	  3.3920e-02	  3.7065e-03	  2.7635e-04	  1.1856e-02	  0.0000e+00	  1.9911e-03	
    -6.92987	  4.9000e+01	  6.1140e+00	  7.9486e-05	  4.8163e-04	  1.4444e-05	  7.3262e-03	  1.2067e-02	  1.1016e+04	  1.0089e-01	  2.6741e-01	  5.3783e-01	  9.5139e-01	  6.4553e-01	  1.8108e+01	  1.5832e+00	  1.0093e-02	  9.3380e-01	  9.2724e-02	  9.2724e-02	  4.8059e+00	  1.8670e+01	  1.0095e-01	  1.1496e+00	  1.0035e+00	  1.0000e+00	  3.6503e-01	  3.4529e-02	  0.0000e+00	  9.0282e-03	  4.3824e-04	  1.4150e-02	  6.9325e-03	  6.9455e-05	  3.4409e-02	  3.7504e-03	  2.7787e-04	  1.2067e-02	  0.0000e+00	  1.9915e-03	
    -6.93149	  5.0000e+01	  6.1122e+00	  7.9468e-05	  4.9695e-04	  1.4446e-05	  7.4610e-03	  1.2276e-02	  1.1154e+04	  1.0006e-01	  2.6499e-01	  5.3482e-01	  9.5037e-01	  6.1562e-01	  1.8126e+01	  1.5799e+00	  9.8807e-03	  9.2807e-01	  9.3562e-02	  9.3562e-02	  4.8804e+00	  1.8595e+01	  1.0017e-01	  1.1522e+00	  1.0036e+00	  1.0000e+00	  3.7142e-01	  3.5569e-02	  0.0000e+00	  9.2000e-03	  4.4424e-04	  1.4325e-02	  7.0246e-03	  6.9311e-05	  3.4893e-02	  3.7937e-03	  2.7935e-04	  1.2276e-02	  0.0000e+00	  1.9918e-03	
    -6.93312	  5.1000e+01	  6.1106e+00	  7.9451e-05	  5.1224e-04	  1.4448e-05	  7.5939e-03	  1.2482e-02	  1.1291e+04	  9.9266e-02	  2.6265e-01	  5.3188e-01	  9.4935e-01	  5.8711e-01	  1.8143e+01	  1.5766e+00	  9.6771e-03	  9.2212e-01	  9.4393e-02	  9.4393e-02	  4.9536e+00	  1.8522e+01	  9.9409e-02	  1.1548e+00	  1.0037e+00	  1.0000e+00	  3.7771e-01	  3.6606e-02	  0.0000e+00	  9.3707e-03	  4.5019e-04	  1.4498e-02	  7.1158e-03	  6.9158e-05	  3.5372e-02	  3.8365e-03	  2.8080e-04	  1.2482e-02	  0.0000e+00	  1.9922e-03	
    -6.93476	  5.2000e+01	  6.1090e+00	  7.9433e-05	  5.2750e-04	  1.4449e-05	  7.7251e-03	  1.2685e-02	  1.1426e+04	  9.8492e-02	  2.6037e-01	  5.2901e-01	  9.4834e-01	  5.5995e-01	  1.8160e+01	  1.5734e+00	  9.4816e-03	  9.1595e-01	  9.5218e-02	  9.5218e-02	  5.0258e+00	  1.8449e+01	  9.8677e-02	  1.1573e+00	  1.0038e+00	  1.0000e+00	  3.8391e-01	  3.7642e-02	  0.0000e+00	  9.5404e-03	  4.5609e-04	  1.4669e-02	  7.2059e-03	  6.8997e-05	  3.5846e-02	  3.8786e-03	  2.8222e-04	  1.2685e-02	  0.0000e+00	  1.9925e-03	
     -6.9364	  5.3000e+01	  6.1075e+00	  7.9416e-05	  5.4271e-04	  1.4451e-05	  7.8545e-03	  1.2887e-02	  1.1560e+04	  9.7742e-02	  2.5816e-01	  5.2620e-01	  9.4733e-01	  5.3409e-01	  1.8177e+01	  1.5701e+00	  9.2941e-03	  9.0958e-01	  9.6035e-02	  9.6035e-02	  5.0968e+00	  1.8378e+01	  9.7971e-02	  1.1598e+00	  1.0039e+00	  1.0000e+00	  3.9001e-01	  3.8674e-02	  0.0000e+00	  9.7091e-03	  4.6195e-04	  1.4837e-02	  7.2951e-03	  6.8827e-05	  3.6315e-02	  3.9203e-03	  2.8362e-04	  1.2887e-02	  0.0000e+00	  1.9928e-03	
    -6.93805	  5.4000e+01	  6.1061e+00	  7.9399e-05	  5.5788e-04	  1.4453e-05	  7.9821e-03	  1.3086e-02	  1.1692e+04	  9.7014e-02	  2.5601e-01	  5.2346e-01	  9.4633e-01	  5.0948e-01	  1.8192e+01	  1.5668e+00	  9.1144e-03	  9.0304e-01	  9.6845e-02	  9.6845e-02	  5.1667e+00	  1.8308e+01	  9.7291e-02	  1.1623e+00	  1.0040e+00	  1.0000e+00	  3.9603e-01	  3.9704e-02	  0.0000e+00	  9.8766e-03	  4.6777e-04	  1.5004e-02	  7.3832e-03	  6.8651e-05	  3.6779e-02	  3.9614e-03	  2.8499e-04	  1.3086e-02	  0.0000e+00	  1.9930e-03	
     -6.9397	  5.5000e+01	  6.1047e+00	  7.9382e-05	  5.7299e-04	  1.4455e-05	  8.1079e-03	  1.3282e-02	  1.1822e+04	  9.6307e-02	  2.5393e-01	  5.2078e-01	  9.4534e-01	  4.8607e-01	  1.8207e+01	  1.5636e+00	  8.9423e-03	  8.9632e-01	  9.7647e-02	  9.7647e-02	  5.2354e+00	  1.8239e+01	  9.6637e-02	  1.1647e+00	  1.0041e+00	  1.0000e+00	  4.0195e-01	  4.0730e-02	  0.0000e+00	  1.0043e-02	  4.7354e-04	  1.5168e-02	  7.4704e-03	  6.8468e-05	  3.7238e-02	  4.0020e-03	  2.8634e-04	  1.3282e-02	  0.0000e+00	  1.9933e-03	
    -6.94134	  5.6000e+01	  6.1035e+00	  7.9365e-05	  5.8805e-04	  1.4456e-05	  8.2321e-03	  1.3476e-02	  1.1951e+04	  9.5621e-02	  2.5190e-01	  5.1816e-01	  9.4435e-01	  4.6380e-01	  1.8221e+01	  1.5604e+00	  8.7776e-03	  8.8944e-01	  9.8442e-02	  9.8442e-02	  5.3032e+00	  1.8171e+01	  9.6008e-02	  1.1671e+00	  1.0042e+00	  1.0000e+00	  4.0778e-01	  4.1752e-02	  0.0000e+00	  1.0209e-02	  4.7927e-04	  1.5331e-02	  7.5567e-03	  6.8280e-05	  3.7692e-02	  4.0421e-03	  2.8766e-04	  1.3476e-02	  0.0000e+00	  1.9935e-03	
    -6.94299	  5.7000e+01	  6.1023e+00	  7.9349e-05	  6.0305e-04	  1.4458e-05	  8.3545e-03	  1.3668e-02	  1.2079e+04	  9.4954e-02	  2.4993e-01	  5.1560e-01	  9.4337e-01	  4.4264e-01	  1.8235e+01	  1.5571e+00	  8.6201e-03	  8.8243e-01	  9.9229e-02	  9.9229e-02	  5.3698e+00	  1.8104e+01	  9.5404e-02	  1.1695e+00	  1.0043e+00	  1.0000e+00	  4.1353e-01	  4.2770e-02	  0.0000e+00	  1.0373e-02	  4.8495e-04	  1.5491e-02	  7.6420e-03	  6.8086e-05	  3.8142e-02	  4.0817e-03	  2.8895e-04	  1.3668e-02	  0.0000e+00	  1.9937e-03	
    -6.94464	  5.8000e+01	  6.1011e+00	  7.9332e-05	  6.1798e-04	  1.4460e-05	  8.4752e-03	  1.3857e-02	  1.2204e+04	  9.4307e-02	  2.4801e-01	  5.1309e-01	  9.4239e-01	  4.2254e-01	  1.8248e+01	  1.5539e+00	  8.4696e-03	  8.7528e-01	  1.0001e-01	  1.0001e-01	  5.4354e+00	  1.8039e+01	  9.4825e-02	  1.1718e+00	  1.0044e+00	  1.0000e+00	  4.1919e-01	  4.3784e-02	  0.0000e+00	  1.0536e-02	  4.9059e-04	  1.5649e-02	  7.7264e-03	  6.7888e-05	  3.8587e-02	  4.1209e-03	  2.9023e-04	  1.3857e-02	  0.0000e+00	  1.9939e-03	
    -6.94628	  5.9000e+01	  6.1000e+00	  7.9316e-05	  6.3285e-04	  1.4461e-05	  8.5943e-03	  1.4044e-02	  1.2329e+04	  9.3677e-02	  2.4614e-01	  5.1064e-01	  9.4142e-01	  4.0344e-01	  1.8260e+01	  1.5507e+00	  8.3259e-03	  8.6801e-01	  1.0078e-01	  1.0078e-01	  5.5001e+00	  1.7974e+01	  9.4270e-02	  1.1741e+00	  1.0045e+00	  1.0000e+00	  4.2476e-01	  4.4794e-02	  0.0000e+00	  1.0698e-02	  4.9619e-04	  1.5806e-02	  7.8099e-03	  6.7687e-05	  3.9027e-02	  4.1595e-03	  2.9148e-04	  1.4044e-02	  0.0000e+00	  1.9941e-03	
    -6.94792	  6.0000e+01	  6.0990e+00	  7.9300e-05	  6.4764e-04	  1.4463e-05	  8.7117e-03	  1.4229e-02	  1.2452e+04	  9.3064e-02	  2.4432e-01	  5.0823e-01	  9.4046e-01	  3.8532e-01	  1.8272e+01	  1.5475e+00	  8.1889e-03	  8.6064e-01	  1.0154e-01	  1.0154e-01	  5.5637e+00	  1.7910e+01	  9.3738e-02	  1.1763e+00	  1.0046e+00	  1.0000e+00	  4.3025e-01	  4.5799e-02	  0.0000e+00	  1.0860e-02	  5.0174e-04	  1.5960e-02	  7.8924e-03	  6.7481e-05	  3.9463e-02	  4.1977e-03	  2.9271e-04	  1.4229e-02	  0.0000e+00	  1.9943e-03	
    -6.94955	  6.1000e+01	  6.0980e+00	  7.9284e-05	  6.6236e-04	  1.4464e-05	  8.8275e-03	  1.4412e-02	  1.2573e+04	  9.2468e-02	  2.4255e-01	  5.0589e-01	  9.3950e-01	  3.6811e-01	  1.8284e+01	  1.5443e+00	  8.0582e-03	  8.5317e-01	  1.0230e-01	  1.0230e-01	  5.6263e+00	  1.7847e+01	  9.3230e-02	  1.1786e+00	  1.0047e+00	  1.0000e+00	  4.3566e-01	  4.6799e-02	  0.0000e+00	  1.1020e-02	  5.0725e-04	  1.6113e-02	  7.9741e-03	  6.7273e-05	  3.9895e-02	  4.2354e-03	  2.9392e-04	  1.4412e-02	  0.0000e+00	  1.9945e-03	
    -6.95118	  6.2000e+01	  6.0970e+00	  7.9269e-05	  6.7701e-04	  1.4466e-05	  8.9418e-03	  1.4592e-02	  1.2693e+04	  9.1888e-02	  2.4083e-01	  5.0358e-01	  9.3854e-01	  3.5179e-01	  1.8295e+01	  1.5411e+00	  7.9339e-03	  8.4561e-01	  1.0304e-01	  1.0304e-01	  5.6880e+00	  1.7785e+01	  9.2744e-02	  1.1807e+00	  1.0048e+00	  1.0000e+00	  4.4099e-01	  4.7794e-02	  0.0000e+00	  1.1179e-02	  5.1271e-04	  1.6264e-02	  8.0550e-03	  6.7063e-05	  4.0322e-02	  4.2727e-03	  2.9510e-04	  1.4592e-02	  0.0000e+00	  1.9946e-03	
     -6.9528	  6.3000e+01	  6.0961e+00	  7.9253e-05	  6.9158e-04	  1.4467e-05	  9.0544e-03	  1.4770e-02	  1.2812e+04	  9.1323e-02	  2.3915e-01	  5.0133e-01	  9.3760e-01	  3.3631e-01	  1.8305e+01	  1.5379e+00	  7.8157e-03	  8.3798e-01	  1.0378e-01	  1.0378e-01	  5.7488e+00	  1.7724e+01	  9.2281e-02	  1.1829e+00	  1.0049e+00	  1.0000e+00	  4.4624e-01	  4.8783e-02	  0.0000e+00	  1.1336e-02	  5.1814e-04	  1.6412e-02	  8.1349e-03	  6.6850e-05	  4.0744e-02	  4.3095e-03	  2.9627e-04	  1.4770e-02	  0.0000e+00	  1.9948e-03	
    -6.95441	  6.4000e+01	  6.0953e+00	  7.9238e-05	  7.0607e-04	  1.4469e-05	  9.1655e-03	  1.4947e-02	  1.2929e+04	  9.0773e-02	  2.3751e-01	  4.9913e-01	  9.3666e-01	  3.2163e-01	  1.8316e+01	  1.5348e+00	  7.7033e-03	  8.3029e-01	  1.0451e-01	  1.0451e-01	  5.8087e+00	  1.7664e+01	  9.1839e-02	  1.1850e+00	  1.0050e+00	  1.0000e+00	  4.5141e-01	  4.9767e-02	  0.0000e+00	  1.1493e-02	  5.2352e-04	  1.6559e-02	  8.2140e-03	  6.6636e-05	  4.1162e-02	  4.3459e-03	  2.9742e-04	  1.4947e-02	  0.0000e+00	  1.9949e-03	
    -6.95601	  6.5000e+01	  6.0945e+00	  7.9223e-05	  7.2048e-04	  1.4471e-05	  9.2751e-03	  1.5121e-02	  1.3045e+04	  9.0237e-02	  2.3591e-01	  4.9696e-01	  9.3573e-01	  3.0771e-01	  1.8325e+01	  1.5316e+00	  7.5967e-03	  8.2254e-01	  1.0523e-01	  1.0523e-01	  5.8676e+00	  1.7605e+01	  9.1418e-02	  1.1871e+00	  1.0051e+00	  1.0000e+00	  4.5650e-01	  5.0746e-02	  0.0000e+00	  1.1649e-02	  5.2886e-04	  1.6705e-02	  8.2923e-03	  6.6420e-05	  4.1576e-02	  4.3819e-03	  2.9855e-04	  1.5121e-02	  0.0000e+00	  1.9950e-03	
     -6.9576	  6.6000e+01	  6.0937e+00	  7.9208e-05	  7.3480e-04	  1.4472e-05	  9.3832e-03	  1.5293e-02	  1.3160e+04	  8.9714e-02	  2.3436e-01	  4.9485e-01	  9.3480e-01	  2.9452e-01	  1.8334e+01	  1.5285e+00	  7.4956e-03	  8.1475e-01	  1.0595e-01	  1.0595e-01	  5.9257e+00	  1.7547e+01	  9.1018e-02	  1.1892e+00	  1.0052e+00	  1.0000e+00	  4.6153e-01	  5.1719e-02	  0.0000e+00	  1.1803e-02	  5.3415e-04	  1.6848e-02	  8.3698e-03	  6.6204e-05	  4.1986e-02	  4.4175e-03	  2.9966e-04	  1.5293e-02	  0.0000e+00	  1.9952e-03	
    -6.95919	  6.7000e+01	  6.0930e+00	  7.9193e-05	  7.4904e-04	  1.4473e-05	  9.4899e-03	  1.5462e-02	  1.3273e+04	  8.9205e-02	  2.3284e-01	  4.9277e-01	  9.3388e-01	  2.8202e-01	  1.8343e+01	  1.5253e+00	  7.3998e-03	  8.0692e-01	  1.0665e-01	  1.0665e-01	  5.9830e+00	  1.7489e+01	  9.0638e-02	  1.1912e+00	  1.0053e+00	  1.0000e+00	  4.6647e-01	  5.2687e-02	  0.0000e+00	  1.1957e-02	  5.3941e-04	  1.6990e-02	  8.4464e-03	  6.5986e-05	  4.2391e-02	  4.4526e-03	  3.0075e-04	  1.5462e-02	  0.0000e+00	  1.9953e-03	
    -6.96076	  6.8000e+01	  6.0923e+00	  7.9179e-05	  7.6320e-04	  1.4475e-05	  9.5951e-03	  1.5630e-02	  1.3385e+04	  8.8708e-02	  2.3135e-01	  4.9074e-01	  9.3296e-01	  2.7018e-01	  1.8352e+01	  1.5222e+00	  7.3093e-03	  7.9906e-01	  1.0735e-01	  1.0735e-01	  6.0395e+00	  1.7433e+01	  9.0277e-02	  1.1932e+00	  1.0054e+00	  1.0000e+00	  4.7135e-01	  5.3648e-02	  0.0000e+00	  1.2109e-02	  5.4462e-04	  1.7130e-02	  8.5222e-03	  6.5769e-05	  4.2792e-02	  4.4873e-03	  3.0182e-04	  1.5630e-02	  0.0000e+00	  1.9954e-03	
    -6.96232	  6.9000e+01	  6.0916e+00	  7.9164e-05	  7.7727e-04	  1.4476e-05	  9.6988e-03	  1.5796e-02	  1.3496e+04	  8.8223e-02	  2.2991e-01	  4.8875e-01	  9.3206e-01	  2.5896e-01	  1.8360e+01	  1.5190e+00	  7.2237e-03	  7.9118e-01	  1.0804e-01	  1.0804e-01	  6.0951e+00	  1.7377e+01	  8.9936e-02	  1.1951e+00	  1.0055e+00	  1.0000e+00	  4.7616e-01	  5.4604e-02	  0.0000e+00	  1.2260e-02	  5.4979e-04	  1.7269e-02	  8.5972e-03	  6.5551e-05	  4.3189e-02	  4.5217e-03	  3.0288e-04	  1.5796e-02	  0.0000e+00	  1.9955e-03	
    -6.96387	  7.0000e+01	  6.0910e+00	  7.9150e-05	  7.9125e-04	  1.4478e-05	  9.8012e-03	  1.5960e-02	  1.3605e+04	  8.7751e-02	  2.2849e-01	  4.8679e-01	  9.3116e-01	  2.4833e-01	  1.8368e+01	  1.5159e+00	  7.1431e-03	  7.8329e-01	  1.0871e-01	  1.0871e-01	  6.1499e+00	  1.7322e+01	  8.9614e-02	  1.1971e+00	  1.0056e+00	  1.0000e+00	  4.8089e-01	  5.5554e-02	  0.0000e+00	  1.2410e-02	  5.5492e-04	  1.7405e-02	  8.6715e-03	  6.5333e-05	  4.3582e-02	  4.5556e-03	  3.0392e-04	  1.5960e-02	  0.0000e+00	  1.9956e-03	
    -6.96541	  7.1000e+01	  6.0904e+00	  7.9136e-05	  8.0514e-04	  1.4479e-05	  9.9023e-03	  1.6122e-02	  1.3713e+04	  8.7289e-02	  2.2711e-01	  4.8487e-01	  9.3026e-01	  2.3827e-01	  1.8375e+01	  1.5128e+00	  7.0671e-03	  7.7539e-01	  1.0938e-01	  1.0938e-01	  6.2040e+00	  1.7268e+01	  8.9309e-02	  1.1990e+00	  1.0056e+00	  1.0000e+00	  4.8556e-01	  5.6498e-02	  0.0000e+00	  1.2559e-02	  5.6001e-04	  1.7541e-02	  8.7449e-03	  6.5116e-05	  4.3971e-02	  4.5891e-03	  3.0494e-04	  1.6122e-02	  0.0000e+00	  1.9957e-03	
    -6.96694	  7.2000e+01	  6.0898e+00	  7.9122e-05	  8.1894e-04	  1.4481e-05	  1.0002e-02	  1.6282e-02	  1.3820e+04	  8.6838e-02	  2.2577e-01	  4.8299e-01	  9.2937e-01	  2.2873e-01	  1.8382e+01	  1.5097e+00	  6.9956e-03	  7.6749e-01	  1.1005e-01	  1.1005e-01	  6.2573e+00	  1.7214e+01	  8.9023e-02	  1.2009e+00	  1.0057e+00	  1.0000e+00	  4.9017e-01	  5.7436e-02	  0.0000e+00	  1.2707e-02	  5.6505e-04	  1.7674e-02	  8.8176e-03	  6.4900e-05	  4.4357e-02	  4.6223e-03	  3.0594e-04	  1.6282e-02	  0.0000e+00	  1.9958e-03	
    -6.96845	  7.3000e+01	  6.0892e+00	  7.9108e-05	  8.3266e-04	  1.4482e-05	  1.0100e-02	  1.6441e-02	  1.3926e+04	  8.6398e-02	  2.2445e-01	  4.8115e-01	  9.2849e-01	  2.1970e-01	  1.8389e+01	  1.5066e+00	  6.9286e-03	  7.5960e-01	  1.1070e-01	  1.1070e-01	  6.3099e+00	  1.7161e+01	  8.8754e-02	  1.2027e+00	  1.0058e+00	  1.0000e+00	  4.9470e-01	  5.8368e-02	  0.0000e+00	  1.2854e-02	  5.7006e-04	  1.7806e-02	  8.8896e-03	  6.4684e-05	  4.4738e-02	  4.6551e-03	  3.0694e-04	  1.6441e-02	  0.0000e+00	  1.9959e-03	
    -6.96995	  7.4000e+01	  6.0887e+00	  7.9094e-05	  8.4628e-04	  1.4483e-05	  1.0197e-02	  1.6597e-02	  1.4031e+04	  8.5968e-02	  2.2316e-01	  4.7934e-01	  9.2762e-01	  2.1115e-01	  1.8395e+01	  1.5035e+00	  6.8657e-03	  7.5172e-01	  1.1134e-01	  1.1134e-01	  6.3618e+00	  1.7109e+01	  8.8502e-02	  1.2046e+00	  1.0059e+00	  1.0000e+00	  4.9918e-01	  5.9294e-02	  0.0000e+00	  1.2999e-02	  5.7503e-04	  1.7937e-02	  8.9608e-03	  6.4469e-05	  4.5115e-02	  4.6875e-03	  3.0791e-04	  1.6597e-02	  0.0000e+00	  1.9959e-03	
    -6.97144	  7.5000e+01	  6.0882e+00	  7.9081e-05	  8.5981e-04	  1.4485e-05	  1.0293e-02	  1.6752e-02	  1.4134e+04	  8.5548e-02	  2.2190e-01	  4.7757e-01	  9.2675e-01	  2.0304e-01	  1.8402e+01	  1.5004e+00	  6.8069e-03	  7.4386e-01	  1.1198e-01	  1.1198e-01	  6.4130e+00	  1.7058e+01	  8.8266e-02	  1.2064e+00	  1.0060e+00	  1.0000e+00	  5.0359e-01	  6.0214e-02	  0.0000e+00	  1.3144e-02	  5.7995e-04	  1.8065e-02	  9.0312e-03	  6.4255e-05	  4.5488e-02	  4.7195e-03	  3.0887e-04	  1.6752e-02	  0.0000e+00	  1.9960e-03	
    -6.97291	  7.6000e+01	  6.0877e+00	  7.9067e-05	  8.7326e-04	  1.4486e-05	  1.0388e-02	  1.6905e-02	  1.4236e+04	  8.5138e-02	  2.2067e-01	  4.7583e-01	  9.2589e-01	  1.9537e-01	  1.8408e+01	  1.4973e+00	  6.7521e-03	  7.3603e-01	  1.1261e-01	  1.1261e-01	  6.4635e+00	  1.7007e+01	  8.8047e-02	  1.2082e+00	  1.0061e+00	  1.0000e+00	  5.0795e-01	  6.1128e-02	  0.0000e+00	  1.3287e-02	  5.8484e-04	  1.8193e-02	  9.1009e-03	  6.4042e-05	  4.5858e-02	  4.7512e-03	  3.0982e-04	  1.6905e-02	  0.0000e+00	  1.9961e-03	
    -6.97437	  7.7000e+01	  6.0873e+00	  7.9054e-05	  8.8661e-04	  1.4487e-05	  1.0481e-02	  1.7056e-02	  1.4337e+04	  8.4736e-02	  2.1947e-01	  4.7412e-01	  9.2504e-01	  1.8810e-01	  1.8413e+01	  1.4943e+00	  6.7010e-03	  7.2822e-01	  1.1323e-01	  1.1323e-01	  6.5133e+00	  1.6957e+01	  8.7843e-02	  1.2099e+00	  1.0062e+00	  1.0000e+00	  5.1224e-01	  6.2035e-02	  0.0000e+00	  1.3429e-02	  5.8968e-04	  1.8319e-02	  9.1699e-03	  6.3831e-05	  4.6224e-02	  4.7825e-03	  3.1075e-04	  1.7056e-02	  0.0000e+00	  1.9962e-03	
    -6.97581	  7.8000e+01	  6.0868e+00	  7.9041e-05	  8.9987e-04	  1.4489e-05	  1.0573e-02	  1.7205e-02	  1.4437e+04	  8.4344e-02	  2.1829e-01	  4.7244e-01	  9.2419e-01	  1.8121e-01	  1.8419e+01	  1.4912e+00	  6.6535e-03	  7.2044e-01	  1.1384e-01	  1.1384e-01	  6.5625e+00	  1.6908e+01	  8.7655e-02	  1.2117e+00	  1.0063e+00	  1.0000e+00	  5.1648e-01	  6.2937e-02	  0.0000e+00	  1.3571e-02	  5.9449e-04	  1.8443e-02	  9.2382e-03	  6.3621e-05	  4.6586e-02	  4.8135e-03	  3.1167e-04	  1.7205e-02	  0.0000e+00	  1.9962e-03	
    -6.97725	  7.9000e+01	  6.0864e+00	  7.9028e-05	  9.1305e-04	  1.4490e-05	  1.0665e-02	  1.7353e-02	  1.4536e+04	  8.3960e-02	  2.1714e-01	  4.7079e-01	  9.2335e-01	  1.7468e-01	  1.8424e+01	  1.4881e+00	  6.6095e-03	  7.1270e-01	  1.1444e-01	  1.1444e-01	  6.6111e+00	  1.6859e+01	  8.7481e-02	  1.2134e+00	  1.0064e+00	  1.0000e+00	  5.2066e-01	  6.3833e-02	  0.0000e+00	  1.3711e-02	  5.9925e-04	  1.8566e-02	  9.3058e-03	  6.3413e-05	  4.6945e-02	  4.8441e-03	  3.1257e-04	  1.7353e-02	  0.0000e+00	  1.9963e-03	
    -6.97866	  8.0000e+01	  6.0860e+00	  7.9015e-05	  9.2613e-04	  1.4491e-05	  1.0754e-02	  1.7499e-02	  1.4634e+04	  8.3585e-02	  2.1602e-01	  4.6917e-01	  9.2251e-01	  1.6850e-01	  1.8429e+01	  1.4851e+00	  6.5689e-03	  7.0500e-01	  1.1503e-01	  1.1503e-01	  6.6590e+00	  1.6811e+01	  8.7322e-02	  1.2151e+00	  1.0065e+00	  1.0000e+00	  5.2478e-01	  6.4722e-02	  0.0000e+00	  1.3850e-02	  6.0398e-04	  1.8688e-02	  9.3727e-03	  6.3207e-05	  4.7299e-02	  4.8743e-03	  3.1346e-04	  1.7499e-02	  0.0000e+00	  1.9964e-03	
    -6.98007	  8.1000e+01	  6.0856e+00	  7.9003e-05	  9.3913e-04	  1.4493e-05	  1.0843e-02	  1.7643e-02	  1.4731e+04	  8.3218e-02	  2.1492e-01	  4.6759e-01	  9.2169e-01	  1.6263e-01	  1.8434e+01	  1.4820e+00	  6.5316e-03	  6.9735e-01	  1.1562e-01	  1.1562e-01	  6.7064e+00	  1.6764e+01	  8.7178e-02	  1.2167e+00	  1.0066e+00	  1.0000e+00	  5.2885e-01	  6.5605e-02	  0.0000e+00	  1.3988e-02	  6.0866e-04	  1.8808e-02	  9.4388e-03	  6.3002e-05	  4.7651e-02	  4.9042e-03	  3.1433e-04	  1.7643e-02	  0.0000e+00	  1.9964e-03	
    -6.98145	  8.2000e+01	  6.0852e+00	  7.8990e-05	  9.5203e-04	  1.4494e-05	  1.0931e-02	  1.7786e-02	  1.4826e+04	  8.2858e-02	  2.1384e-01	  4.6603e-01	  9.2086e-01	  1.5707e-01	  1.8439e+01	  1.4790e+00	  6.4973e-03	  6.8975e-01	  1.1620e-01	  1.1620e-01	  6.7531e+00	  1.6717e+01	  8.7048e-02	  1.2184e+00	  1.0066e+00	  1.0000e+00	  5.3287e-01	  6.6483e-02	  0.0000e+00	  1.4125e-02	  6.1331e-04	  1.8927e-02	  9.5043e-03	  6.2799e-05	  4.7998e-02	  4.9338e-03	  3.1520e-04	  1.7786e-02	  0.0000e+00	  1.9965e-03	
    -6.98283	  8.3000e+01	  6.0849e+00	  7.8978e-05	  9.6485e-04	  1.4495e-05	  1.1017e-02	  1.7928e-02	  1.4921e+04	  8.2506e-02	  2.1278e-01	  4.6450e-01	  9.2005e-01	  1.5179e-01	  1.8443e+01	  1.4760e+00	  6.4660e-03	  6.8219e-01	  1.1677e-01	  1.1677e-01	  6.7993e+00	  1.6670e+01	  8.6931e-02	  1.2200e+00	  1.0067e+00	  1.0000e+00	  5.3683e-01	  6.7354e-02	  0.0000e+00	  1.4260e-02	  6.1792e-04	  1.9044e-02	  9.5692e-03	  6.2598e-05	  4.8342e-02	  4.9631e-03	  3.1605e-04	  1.7928e-02	  0.0000e+00	  1.9965e-03	
    -6.98418	  8.4000e+01	  6.0845e+00	  7.8965e-05	  9.7758e-04	  1.4496e-05	  1.1103e-02	  1.8067e-02	  1.5014e+04	  8.2162e-02	  2.1175e-01	  4.6299e-01	  9.1924e-01	  1.4679e-01	  1.8448e+01	  1.4730e+00	  6.4376e-03	  6.7469e-01	  1.1733e-01	  1.1733e-01	  6.8449e+00	  1.6625e+01	  8.6827e-02	  1.2216e+00	  1.0068e+00	  1.0000e+00	  5.4074e-01	  6.8220e-02	  0.0000e+00	  1.4395e-02	  6.2249e-04	  1.9160e-02	  9.6333e-03	  6.2399e-05	  4.8683e-02	  4.9920e-03	  3.1689e-04	  1.8067e-02	  0.0000e+00	  1.9966e-03	
    -6.98553	  8.5000e+01	  6.0842e+00	  7.8953e-05	  9.9022e-04	  1.4498e-05	  1.1187e-02	  1.8206e-02	  1.5107e+04	  8.1825e-02	  2.1073e-01	  4.6151e-01	  9.1844e-01	  1.4204e-01	  1.8452e+01	  1.4699e+00	  6.4119e-03	  6.6725e-01	  1.1788e-01	  1.1788e-01	  6.8900e+00	  1.6579e+01	  8.6736e-02	  1.2232e+00	  1.0069e+00	  1.0000e+00	  5.4461e-01	  6.9079e-02	  0.0000e+00	  1.4529e-02	  6.2702e-04	  1.9275e-02	  9.6969e-03	  6.2203e-05	  4.9020e-02	  5.0206e-03	  3.1771e-04	  1.8206e-02	  0.0000e+00	  1.9966e-03	
    -6.98686	  8.6000e+01	  6.0839e+00	  7.8941e-05	  1.0028e-03	  1.4499e-05	  1.1271e-02	  1.8342e-02	  1.5198e+04	  8.1494e-02	  2.0974e-01	  4.6006e-01	  9.1764e-01	  1.3753e-01	  1.8456e+01	  1.4669e+00	  6.3889e-03	  6.5987e-01	  1.1843e-01	  1.1843e-01	  6.9346e+00	  1.6535e+01	  8.6658e-02	  1.2248e+00	  1.0070e+00	  1.0000e+00	  5.4842e-01	  6.9933e-02	  0.0000e+00	  1.4661e-02	  6.3152e-04	  1.9388e-02	  9.7597e-03	  6.2008e-05	  4.9354e-02	  5.0488e-03	  3.1853e-04	  1.8342e-02	  0.0000e+00	  1.9967e-03	
    -6.98817	  8.7000e+01	  6.0836e+00	  7.8929e-05	  1.0152e-03	  1.4500e-05	  1.1353e-02	  1.8477e-02	  1.5289e+04	  8.1171e-02	  2.0877e-01	  4.5863e-01	  9.1686e-01	  1.3325e-01	  1.8459e+01	  1.4639e+00	  6.3683e-03	  6.5255e-01	  1.1896e-01	  1.1896e-01	  6.9786e+00	  1.6490e+01	  8.6593e-02	  1.2263e+00	  1.0071e+00	  1.0000e+00	  5.5219e-01	  7.0781e-02	  0.0000e+00	  1.4793e-02	  6.3598e-04	  1.9501e-02	  9.8219e-03	  6.1816e-05	  4.9684e-02	  5.0767e-03	  3.1933e-04	  1.8477e-02	  0.0000e+00	  1.9967e-03	
    -6.98947	  8.8000e+01	  6.0833e+00	  7.8917e-05	  1.0276e-03	  1.4501e-05	  1.1435e-02	  1.8611e-02	  1.5378e+04	  8.0854e-02	  2.0782e-01	  4.5723e-01	  9.1607e-01	  1.2918e-01	  1.8463e+01	  1.4609e+00	  6.3502e-03	  6.4529e-01	  1.1949e-01	  1.1949e-01	  7.0221e+00	  1.6447e+01	  8.6540e-02	  1.2278e+00	  1.0072e+00	  1.0000e+00	  5.5591e-01	  7.1623e-02	  0.0000e+00	  1.4923e-02	  6.4039e-04	  1.9611e-02	  9.8835e-03	  6.1625e-05	  5.0012e-02	  5.1044e-03	  3.2012e-04	  1.8611e-02	  0.0000e+00	  1.9968e-03	
    -6.99075	  8.9000e+01	  6.0831e+00	  7.8906e-05	  1.0399e-03	  1.4502e-05	  1.1516e-02	  1.8744e-02	  1.5467e+04	  8.0543e-02	  2.0688e-01	  4.5585e-01	  9.1530e-01	  1.2531e-01	  1.8466e+01	  1.4579e+00	  6.3344e-03	  6.3810e-01	  1.2002e-01	  1.2002e-01	  7.0651e+00	  1.6403e+01	  8.6498e-02	  1.2293e+00	  1.0072e+00	  1.0000e+00	  5.5959e-01	  7.2459e-02	  0.0000e+00	  1.5053e-02	  6.4478e-04	  1.9721e-02	  9.9445e-03	  6.1437e-05	  5.0335e-02	  5.1317e-03	  3.2090e-04	  1.8744e-02	  0.0000e+00	  1.9968e-03	
    -6.99202	  9.0000e+01	  6.0828e+00	  7.8894e-05	  1.0521e-03	  1.4504e-05	  1.1595e-02	  1.8875e-02	  1.5554e+04	  8.0239e-02	  2.0597e-01	  4.5450e-01	  9.1453e-01	  1.2163e-01	  1.8470e+01	  1.4549e+00	  6.3208e-03	  6.3098e-01	  1.2053e-01	  1.2053e-01	  7.1077e+00	  1.6361e+01	  8.6468e-02	  1.2308e+00	  1.0073e+00	  1.0000e+00	  5.6322e-01	  7.3290e-02	  0.0000e+00	  1.5181e-02	  6.4912e-04	  1.9829e-02	  1.0005e-02	  6.1252e-05	  5.0656e-02	  5.1587e-03	  3.2167e-04	  1.8875e-02	  0.0000e+00	  1.9969e-03	
    -6.99327	  9.1000e+01	  6.0825e+00	  7.8883e-05	  1.0643e-03	  1.4505e-05	  1.1674e-02	  1.9004e-02	  1.5641e+04	  7.9941e-02	  2.0507e-01	  4.5316e-01	  9.1377e-01	  1.1813e-01	  1.8473e+01	  1.4520e+00	  6.3094e-03	  6.2392e-01	  1.2104e-01	  1.2104e-01	  7.1497e+00	  1.6318e+01	  8.6449e-02	  1.2323e+00	  1.0074e+00	  1.0000e+00	  5.6680e-01	  7.4115e-02	  0.0000e+00	  1.5308e-02	  6.5343e-04	  1.9936e-02	  1.0064e-02	  6.1068e-05	  5.0973e-02	  5.1854e-03	  3.2243e-04	  1.9004e-02	  0.0000e+00	  1.9969e-03	
    -6.99451	  9.2000e+01	  6.0823e+00	  7.8871e-05	  1.0763e-03	  1.4506e-05	  1.1752e-02	  1.9133e-02	  1.5726e+04	  7.9648e-02	  2.0419e-01	  4.5185e-01	  9.1301e-01	  1.1479e-01	  1.8476e+01	  1.4490e+00	  6.2999e-03	  6.1693e-01	  1.2154e-01	  1.2154e-01	  7.1914e+00	  1.6277e+01	  8.6442e-02	  1.2338e+00	  1.0075e+00	  1.0000e+00	  5.7035e-01	  7.4934e-02	  0.0000e+00	  1.5434e-02	  6.5770e-04	  2.0042e-02	  1.0124e-02	  6.0887e-05	  5.1287e-02	  5.2117e-03	  3.2318e-04	  1.9133e-02	  0.0000e+00	  1.9969e-03	
    -6.99573	  9.3000e+01	  6.0821e+00	  7.8860e-05	  1.0883e-03	  1.4507e-05	  1.1829e-02	  1.9259e-02	  1.5811e+04	  7.9361e-02	  2.0333e-01	  4.5057e-01	  9.1226e-01	  1.1162e-01	  1.8479e+01	  1.4460e+00	  6.2925e-03	  6.1002e-01	  1.2203e-01	  1.2203e-01	  7.2325e+00	  1.6235e+01	  8.6445e-02	  1.2352e+00	  1.0076e+00	  1.0000e+00	  5.7385e-01	  7.5748e-02	  0.0000e+00	  1.5560e-02	  6.6193e-04	  2.0147e-02	  1.0182e-02	  6.0709e-05	  5.1598e-02	  5.2378e-03	  3.2392e-04	  1.9259e-02	  0.0000e+00	  1.9970e-03	
    -6.99694	  9.4000e+01	  6.0818e+00	  7.8849e-05	  1.1002e-03	  1.4508e-05	  1.1905e-02	  1.9385e-02	  1.5895e+04	  7.9080e-02	  2.0248e-01	  4.4930e-01	  9.1152e-01	  1.0859e-01	  1.8482e+01	  1.4431e+00	  6.2868e-03	  6.0318e-01	  1.2251e-01	  1.2251e-01	  7.2732e+00	  1.6194e+01	  8.6459e-02	  1.2366e+00	  1.0077e+00	  1.0000e+00	  5.7731e-01	  7.6556e-02	  0.0000e+00	  1.5684e-02	  6.6613e-04	  2.0251e-02	  1.0240e-02	  6.0533e-05	  5.1906e-02	  5.2636e-03	  3.2464e-04	  1.9385e-02	  0.0000e+00	  1.9970e-03	
    -6.99813	  9.5000e+01	  6.0816e+00	  7.8838e-05	  1.1120e-03	  1.4509e-05	  1.1980e-02	  1.9509e-02	  1.5978e+04	  7.8804e-02	  2.0165e-01	  4.4805e-01	  9.1078e-01	  1.0571e-01	  1.8485e+01	  1.4401e+00	  6.2830e-03	  5.9641e-01	  1.2299e-01	  1.2299e-01	  7.3135e+00	  1.6154e+01	  8.6483e-02	  1.2380e+00	  1.0077e+00	  1.0000e+00	  5.8074e-01	  7.7359e-02	  0.0000e+00	  1.5807e-02	  6.7030e-04	  2.0353e-02	  1.0297e-02	  6.0359e-05	  5.2210e-02	  5.2891e-03	  3.2536e-04	  1.9509e-02	  0.0000e+00	  1.9970e-03	
    -6.99931	  9.6000e+01	  6.0814e+00	  7.8828e-05	  1.1237e-03	  1.4510e-05	  1.2054e-02	  1.9633e-02	  1.6060e+04	  7.8534e-02	  2.0084e-01	  4.4683e-01	  9.1005e-01	  1.0295e-01	  1.8487e+01	  1.4372e+00	  6.2808e-03	  5.8971e-01	  1.2346e-01	  1.2346e-01	  7.3534e+00	  1.6114e+01	  8.6518e-02	  1.2394e+00	  1.0078e+00	  1.0000e+00	  5.8412e-01	  7.8156e-02	  0.0000e+00	  1.5929e-02	  6.7442e-04	  2.0454e-02	  1.0354e-02	  6.0187e-05	  5.2512e-02	  5.3143e-03	  3.2607e-04	  1.9633e-02	  0.0000e+00	  1.9971e-03	
    -7.00047	  9.7000e+01	  6.0812e+00	  7.8817e-05	  1.1353e-03	  1.4511e-05	  1.2128e-02	  1.9754e-02	  1.6141e+04	  7.8268e-02	  2.0004e-01	  4.4562e-01	  9.0933e-01	  1.0032e-01	  1.8490e+01	  1.4342e+00	  6.2802e-03	  5.8309e-01	  1.2392e-01	  1.2392e-01	  7.3928e+00	  1.6074e+01	  8.6563e-02	  1.2408e+00	  1.0079e+00	  1.0000e+00	  5.8746e-01	  7.8948e-02	  0.0000e+00	  1.6050e-02	  6.7851e-04	  2.0554e-02	  1.0410e-02	  6.0018e-05	  5.2810e-02	  5.3392e-03	  3.2677e-04	  1.9754e-02	  0.0000e+00	  1.9971e-03	
    -7.00162	  9.8000e+01	  6.0810e+00	  7.8806e-05	  1.1469e-03	  1.4512e-05	  1.2201e-02	  1.9875e-02	  1.6221e+04	  7.8008e-02	  1.9925e-01	  4.4444e-01	  9.0861e-01	  9.7814e-02	  1.8492e+01	  1.4313e+00	  6.2812e-03	  5.7655e-01	  1.2438e-01	  1.2438e-01	  7.4319e+00	  1.6035e+01	  8.6617e-02	  1.2421e+00	  1.0080e+00	  1.0000e+00	  5.9077e-01	  7.9735e-02	  0.0000e+00	  1.6170e-02	  6.8257e-04	  2.0653e-02	  1.0466e-02	  5.9851e-05	  5.3106e-02	  5.3638e-03	  3.2745e-04	  1.9875e-02	  0.0000e+00	  1.9971e-03	
    -7.00275	  9.9000e+01	  6.0808e+00	  7.8796e-05	  1.1584e-03	  1.4514e-05	  1.2273e-02	  1.9995e-02	  1.6300e+04	  7.7752e-02	  1.9848e-01	  4.4327e-01	  9.0790e-01	  9.5414e-02	  1.8495e+01	  1.4284e+00	  6.2837e-03	  5.7008e-01	  1.2483e-01	  1.2483e-01	  7.4705e+00	  1.5996e+01	  8.6681e-02	  1.2435e+00	  1.0081e+00	  1.0000e+00	  5.9404e-01	  8.0517e-02	  0.0000e+00	  1.6289e-02	  6.8659e-04	  2.0751e-02	  1.0521e-02	  5.9687e-05	  5.3399e-02	  5.3881e-03	  3.2813e-04	  1.9995e-02	  0.0000e+00	  1.9972e-03	
    -7.00387	  1.0000e+02	  6.0806e+00	  7.8785e-05	  1.1698e-03	  1.4515e-05	  1.2344e-02	  2.0113e-02	  1.6379e+04	  7.7501e-02	  1.9773e-01	  4.4212e-01	  9.0719e-01	  9.3119e-02	  1.8497e+01	  1.4254e+00	  6.2876e-03	  5.6368e-01	  1.2527e-01	  1.2527e-01	  7.5088e+00	  1.5958e+01	  8.6755e-02	  1.2448e+00	  1.0081e+00	  1.0000e+00	  5.9728e-01	  8.1293e-02	  0.0000e+00	  1.6407e-02	  6.9058e-04	  2.0848e-02	  1.0575e-02	  5.9525e-05	  5.3688e-02	  5.4122e-03	  3.2880e-04	  2.0113e-02	  0.0000e+00	  1.9972e-03	
